seq_id	start_fill_color	start_stroke_color	done_fill_color	done_stroke_color	footnote	img_width	img_height	px_0	py_0	px_1	py_1	px_2	py_2	px_3	py_3	px_4	py_4	px_5	py_5	px_6	py_6	px_7	py_7	px_8	py_8	px_9	py_9	px_10	py_10	px_11	py_11	px_12	py_12
0	#d0d0d0	#000000	#00000000	#00000000	Starting tile pattern based on an aperiodic Tile(1,1) tiling in <a href="https://cs.uwaterloo.ca/~csk/spectre/examples/patch.png">patch.png</a> by David Smith, Joseph Samuel Myers, Craig S. Kaplan, and Chaim Goodman-Strauss, used under <a href="http://creativecommons.org/licenses/by/4.0/">CC BY 4.0</a> / The cropping and colors differ from the original.	48.016654	43.748719	17.526276	22.856407	17.026276	23.722432	17.892301	24.222432	18.758326	23.722432	19.258326	24.588457	21.258326	24.588457	21.758326	23.722432	20.892301	23.222432	20.892301	22.222432	19.892301	22.222432	19.392301	21.356407	18.526276	21.856407	18.526276	22.856407
1	#d0d0d0	#000000	#00000000	#00000000		48.016654	43.748719	21.258326	24.588457	21.758326	25.454482	22.624351	24.954482	22.624351	23.954482	23.624351	23.954482	24.624351	22.222431	24.124351	21.356406	23.258326	21.856406	22.392301	21.356406	21.892301	22.222431	20.892301	22.222431	20.892301	23.222432	21.758326	23.722432
2	#8080ff	#000000	#00000000	#00000000		48.016654	43.748719	20.892300	21.222431	20.892300	22.222431	21.892300	22.222431	22.392300	21.356406	23.258326	21.856406	24.990377	20.856406	24.990377	19.856406	23.990377	19.856406	23.490377	18.990380	22.624351	19.490380	21.758326	18.990380	21.258326	19.856405	21.758326	20.722431
3	#d0d0d0	#000000	#00000000	#00000000		48.016654	43.748719	19.526275	18.124354	18.526275	18.124354	18.526275	19.124354	19.392300	19.624354	18.892300	20.490379	19.892299	22.222430	20.892299	22.222430	20.892299	21.222430	21.758326	20.722431	21.258326	19.856405	21.758326	18.990380	20.892301	18.490380	20.026275	18.990380
4	#d0d0d0	#000000	#00000000	#00000000		48.016654	43.748719	22.892301	15.758330	22.392301	14.892304	21.526275	15.392304	21.526275	16.392304	20.526275	16.392304	19.526274	18.124355	20.026274	18.990381	20.892301	18.490380	21.758326	18.990380	22.258326	18.124355	23.258326	18.124355	23.258326	17.124355	22.392301	16.624355
5	#d0d0d0	#000000	#00000000	#00000000		48.016654	43.748719	22.258326	18.124356	21.758326	18.990381	22.624351	19.490381	23.490377	18.990380	23.990377	19.856406	25.990377	19.856407	26.490377	18.990382	25.624352	18.490382	25.624352	17.490382	24.624352	17.490382	24.124352	16.624356	23.258326	17.124356	23.258326	18.124356
6	#d0d0d0	#000000	#00000000	#00000000		48.016654	43.748719	26.356402	23.954481	27.356402	23.954481	27.356402	22.954481	26.490377	22.454481	26.990377	21.588456	25.990377	19.856405	24.990377	19.856405	24.990377	20.856406	24.124352	21.356406	24.624352	22.222431	24.124352	23.088456	24.990377	23.588456	25.856402	23.088456
7	#d0d0d0	#000000	#00000000	#00000000		48.016654	43.748719	22.990377	26.320508	23.490377	27.186533	24.356402	26.686533	24.356402	25.686533	25.356402	25.686533	26.356402	23.954482	25.856402	23.088457	24.990377	23.588456	24.124351	23.088456	23.624351	23.954482	22.624351	23.954482	22.624351	24.954482	23.490377	25.454482
8	#d0d0d0	#000000	#00000000	#00000000		48.016654	43.748719	22.990377	26.320508	23.490377	25.454482	22.624351	24.954482	21.758326	25.454482	21.258326	24.588457	19.258326	24.588457	18.758326	25.454483	19.624352	25.954483	19.624352	26.954483	20.624352	26.954483	21.124352	27.820508	21.990377	27.320508	21.990377	26.320508
9	#d0d0d0	#000000	#00000000	#00000000		48.016654	43.748719	19.258326	24.588456	18.758326	23.722431	17.892301	24.222432	17.892301	25.222432	16.892301	25.222432	15.892301	26.954483	16.392301	27.820508	17.258326	27.320508	18.124352	27.820508	18.624352	26.954482	19.624352	26.954482	19.624352	25.954482	18.758326	25.454482
10	#d0d0d0	#000000	#00000000	#00000000		48.016654	43.748719	16.892301	25.222433	17.892301	25.222433	17.892301	24.222433	17.026276	23.722432	17.526276	22.856407	16.526276	21.124356	15.526276	21.124356	15.526276	22.124356	14.660250	22.624356	15.160250	23.490382	14.660250	24.356407	15.526275	24.856407	16.392301	24.356407
11	#d0d0d0	#000000	#00000000	#00000000		48.016654	43.748719	17.160251	18.758332	16.160251	18.758332	16.160251	19.758332	17.026276	20.258332	16.526276	21.124357	17.526276	22.856408	18.526276	22.856407	18.526276	21.856407	19.392301	21.356407	18.892301	20.490382	19.392301	19.624357	18.526276	19.124357	17.660251	19.624357
12	#d0d0d0	#000000	#00000000	#00000000		48.016654	43.748719	17.160251	18.758333	17.660251	19.624358	18.526276	19.124357	18.526276	18.124357	19.526276	18.124357	20.526276	16.392306	20.026276	15.526281	19.160251	16.026281	18.294225	15.526281	17.794225	16.392307	16.794225	16.392307	16.794225	17.392307	17.660251	17.892307
13	#d0d0d0	#000000	#00000000	#00000000		48.016654	43.748719	20.526276	16.392306	21.526276	16.392306	21.526276	15.392306	20.660250	14.892306	21.160250	14.026280	20.160250	12.294229	19.160250	12.294229	19.160250	13.294229	18.294225	13.794229	18.794225	14.660254	18.294225	15.526280	19.160251	16.026280	20.026276	15.526280
14	#d0d0d0	#000000	#00000000	#00000000		48.016654	43.748719	22.892301	15.758330	23.892301	15.758330	23.892301	14.758330	23.026276	14.258330	23.526276	13.392305	22.526277	11.660254	21.526277	11.660254	21.526277	12.660254	20.660251	13.160254	21.160251	14.026280	20.660251	14.892305	21.526276	15.392305	22.392302	14.892305
15	#d0d0d0	#000000	#00000000	#00000000		48.016654	43.748719	22.892301	15.758330	22.392301	16.624355	23.258326	17.124355	24.124352	16.624355	24.624352	17.490381	26.624352	17.490381	27.124352	16.624356	26.258327	16.124356	26.258327	15.124356	25.258327	15.124356	24.758327	14.258330	23.892301	14.758330	23.892301	15.758330
16	#d0d0d0	#000000	#00000000	#00000000		48.016654	43.748719	23.526276	13.392306	23.026276	14.258331	23.892301	14.758331	24.758327	14.258330	25.258327	15.124356	27.258327	15.124357	27.758327	14.258332	26.892302	13.758332	26.892302	12.758332	25.892302	12.758332	25.392302	11.892306	24.526276	12.392306	24.526276	13.392306
17	#8080ff	#000000	#00000000	#00000000		48.016654	43.748719	26.258329	11.392307	25.392303	11.892307	25.892302	12.758332	26.892302	12.758332	26.892302	13.758332	28.624353	14.758333	29.490379	14.258333	28.990379	13.392307	29.490379	12.526282	28.624354	12.026282	28.624354	11.026282	27.624354	11.026282	27.124354	11.892307
18	#d0d0d0	#000000	#00000000	#00000000		48.016654	43.748719	28.258329	8.660257	27.758329	7.794231	26.892303	8.294231	26.892303	9.294231	25.892303	9.294231	24.892303	11.026282	25.392303	11.892308	26.258329	11.392308	27.124354	11.892307	27.624354	11.026282	28.624354	11.026282	28.624354	10.026282	27.758329	9.526282
19	#d0d0d0	#000000	#00000000	#00000000		48.016654	43.748719	23.160251	9.294228	22.160251	9.294228	22.160251	10.294228	23.026276	10.794228	22.526276	11.660253	23.526276	13.392305	24.526276	13.392305	24.526276	12.392305	25.392302	11.892305	24.892302	11.026279	25.392302	10.160254	24.526277	9.660254	23.660251	10.160254
20	#d0d0d0	#000000	#00000000	#00000000		48.016654	43.748719	22.526277	11.660254	23.026277	10.794229	22.160252	10.294229	21.294227	10.794229	20.794227	9.928204	18.794227	9.928204	18.294227	10.794229	19.160252	11.294229	19.160252	12.294229	20.160252	12.294229	20.660252	13.160254	21.526277	12.660254	21.526277	11.660254
21	#d0d0d0	#000000	#00000000	#00000000		48.016654	43.748719	18.794227	9.928204	18.294227	9.062178	17.428201	9.562178	17.428201	10.562178	16.428201	10.562178	15.428201	12.294229	15.928201	13.160255	16.794227	12.660255	17.660252	13.160255	18.160252	12.294230	19.160252	12.294230	19.160252	11.294230	18.294227	10.794229
22	#8080ff	#000000	#00000000	#00000000		48.016654	43.748719	19.160249	13.294229	19.160250	12.294229	18.160250	12.294229	17.660250	13.160254	16.794225	12.660254	15.062174	13.660254	15.062174	14.660254	16.062174	14.660254	16.562174	15.526279	17.428199	15.026279	18.294224	15.526279	18.794224	14.660254	18.294224	13.794229
23	#d0d0d0	#000000	#00000000	#00000000		48.016654	43.748719	17.794224	16.392304	18.294224	15.526279	17.428199	15.026279	16.562173	15.526279	16.062173	14.660253	14.062173	14.660253	13.562173	15.526278	14.428198	16.026278	14.428198	17.026278	15.428198	17.026278	15.928198	17.892304	16.794224	17.392304	16.794224	16.392304
24	#d0d0d0	#000000	#00000000	#00000000		48.016654	43.748719	17.160251	18.758334	17.660251	17.892308	16.794225	17.392307	15.928200	17.892307	15.428200	17.026282	13.428200	17.026283	12.928200	17.892309	13.794226	18.392309	13.794226	19.392309	14.794226	19.392309	15.294226	20.258334	16.160251	19.758334	16.160251	18.758334
25	#d0d0d0	#000000	#00000000	#00000000		48.016654	43.748719	16.526276	21.124357	17.026276	20.258332	16.160251	19.758332	15.294225	20.258332	14.794225	19.392306	12.794225	19.392306	12.294225	20.258331	13.160250	20.758331	13.160250	21.758331	14.160250	21.758331	14.660250	22.624357	15.526276	22.124357	15.526276	21.124357
26	#8080ff	#000000	#00000000	#00000000		48.016654	43.748719	13.794223	23.124356	14.660249	22.624356	14.160250	21.758331	13.160250	21.758331	13.160250	20.758331	11.428199	19.758330	10.562173	20.258330	11.062173	21.124356	10.562173	21.990381	11.428198	22.490381	11.428198	23.490381	12.428198	23.490381	12.928198	22.624356
27	#d0d0d0	#000000	#00000000	#00000000		48.016654	43.748719	13.428201	17.026284	12.928201	16.160259	12.062176	16.660259	12.062176	17.660259	11.062176	17.660259	10.062176	19.392310	10.562176	20.258335	11.428201	19.758335	12.294226	20.258335	12.794226	19.392310	13.794226	19.392310	13.794226	18.392309	12.928201	17.892309
28	#d0d0d0	#000000	#00000000	#00000000		48.016654	43.748719	13.428198	17.026277	14.428198	17.026277	14.428198	16.026278	13.562173	15.526278	14.062173	14.660253	13.062173	12.928202	12.062173	12.928202	12.062173	13.928202	11.196148	14.428202	11.696148	15.294227	11.196148	16.160252	12.062173	16.660252	12.928198	16.160252
29	#d0d0d0	#000000	#00000000	#00000000		48.016654	43.748719	13.696150	10.562178	12.696150	10.562178	12.696150	11.562178	13.562175	12.062178	13.062175	12.928203	14.062174	14.660254	15.062174	14.660254	15.062174	13.660254	15.928200	13.160254	15.428201	12.294229	15.928201	11.428204	15.062176	10.928204	14.196150	11.428204
30	#d0d0d0	#000000	#00000000	#00000000		48.016654	43.748719	17.062176	8.196153	16.562176	7.330128	15.696151	7.830128	15.696151	8.830128	14.696151	8.830128	13.696151	10.562179	14.196151	11.428204	15.062176	10.928204	15.928201	11.428204	16.428201	10.562179	17.428201	10.562178	17.428201	9.562178	16.562176	9.062178
31	#d0d0d0	#000000	#00000000	#00000000		48.016654	43.748719	11.330126	11.196153	11.830126	12.062178	12.696151	11.562178	12.696151	10.562178	13.696151	10.562178	14.696151	8.830128	14.196151	7.964103	13.330126	8.464103	12.464101	7.964103	11.964101	8.830128	10.964101	8.830128	10.964101	9.830128	11.830126	10.330128
32	#d0d0d0	#000000	#00000000	#00000000		48.016654	43.748719	13.062175	12.928203	13.562175	12.062178	12.696150	11.562178	11.830124	12.062178	11.330124	11.196152	9.330124	11.196152	8.830124	12.062177	9.696149	12.562177	9.696149	13.562177	10.696149	13.562177	11.196149	14.428203	12.062175	13.928203	12.062175	12.928203
33	#d0d0d0	#000000	#00000000	#00000000		48.016654	43.748719	11.062176	17.660258	12.062176	17.660259	12.062176	16.660259	11.196151	16.160259	11.696151	15.294234	10.696151	13.562183	9.696151	13.562183	9.696151	14.562183	8.830126	15.062183	9.330126	15.928208	8.830126	16.794233	9.696151	17.294233	10.562176	16.794233
34	#d0d0d0	#000000	#00000000	#00000000		48.016654	43.748719	7.696151	20.026284	8.196151	20.892309	9.062176	20.392309	9.062176	19.392309	10.062176	19.392309	11.062176	17.660259	10.562176	16.794234	9.696151	17.294234	8.830126	16.794234	8.330126	17.660259	7.330126	17.660259	7.330126	18.660259	8.196151	19.160259
35	#d0d0d0	#000000	#00000000	#00000000		48.016654	43.748719	10.428198	23.490380	11.428198	23.490380	11.428198	22.490381	10.562173	21.990381	11.062173	21.124356	10.062173	19.392305	9.062173	19.392305	9.062173	20.392305	8.196148	20.892305	8.696148	21.758330	8.196148	22.624355	9.062173	23.124355	9.928198	22.624355
36	#d0d0d0	#000000	#00000000	#00000000		48.016654	43.748719	8.062173	24.124356	9.062173	24.124356	9.062173	23.124356	8.196148	22.624355	8.696148	21.758330	7.696148	20.026279	6.696148	20.026279	6.696148	21.026279	5.830122	21.526279	6.330122	22.392305	5.830122	23.258330	6.696147	23.758330	7.562173	23.258330
37	#d0d0d0	#000000	#00000000	#00000000		48.016654	43.748719	7.696148	20.026279	8.196148	19.160254	7.330123	18.660254	6.464098	19.160254	5.964098	18.294229	3.964098	18.294229	3.464098	19.160254	4.330123	19.660254	4.330123	20.660254	5.330123	20.660254	5.830123	21.526279	6.696148	21.026279	6.696148	20.026279
38	#d0d0d0	#000000	#00000000	#00000000		48.016654	43.748719	8.330126	17.660259	8.830126	16.794234	7.964101	16.294234	7.098075	16.794234	6.598075	15.928208	4.598075	15.928208	4.098075	16.794233	4.964100	17.294233	4.964100	18.294233	5.964100	18.294233	6.464100	19.160259	7.330126	18.660259	7.330126	17.660259
39	#8080ff	#000000	#00000000	#00000000		48.016654	43.748719	9.696150	14.562183	9.696151	13.562183	8.696151	13.562183	8.196151	14.428208	7.330126	13.928208	5.598075	14.928208	5.598075	15.928208	6.598075	15.928208	7.098075	16.794233	7.964100	16.294233	8.830125	16.794233	9.330125	15.928208	8.830125	15.062183
40	#d0d0d0	#000000	#00000000	#00000000		48.016654	43.748719	9.330124	11.196152	8.830124	10.330126	7.964098	10.830126	7.964098	11.830126	6.964098	11.830126	5.964098	13.562177	6.464098	14.428203	7.330124	13.928203	8.196149	14.428203	8.696149	13.562178	9.696149	13.562178	9.696149	12.562178	8.830124	12.062178
41	#d0d0d0	#000000	#00000000	#00000000		48.016654	43.748719	7.598074	9.464102	7.098074	10.330127	7.964099	10.830127	8.830124	10.330127	9.330124	11.196152	11.330124	11.196152	11.830124	10.330127	10.964099	9.830127	10.964099	8.830127	9.964099	8.830127	9.464099	7.964102	8.598074	8.464102	8.598074	9.464102
42	#d0d0d0	#000000	#00000000	#00000000		48.016654	43.748719	8.232050	7.098077	7.732050	7.964102	8.598075	8.464102	9.464101	7.964102	9.964101	8.830128	11.964101	8.830128	12.464101	7.964103	11.598076	7.464103	11.598076	6.464103	10.598076	6.464103	10.098076	5.598077	9.232050	6.098077	9.232050	7.098077
43	#8080ff	#000000	#00000000	#00000000		48.016654	43.748719	11.598076	7.464103	12.464101	7.964103	12.964101	7.098078	12.464101	6.232052	13.330127	5.732052	13.330128	3.732052	12.464103	3.232052	11.964103	4.098077	10.964103	4.098077	10.964103	5.098077	10.098077	5.598077	10.598076	6.464103	11.598076	6.464103
44	#d0d0d0	#000000	#00000000	#00000000		48.016654	43.748719	14.696152	8.830129	15.696152	8.830129	15.696152	7.830129	14.830127	7.330129	15.330127	6.464104	14.330127	4.732053	13.330127	4.732053	13.330127	5.732053	12.464101	6.232053	12.964101	7.098079	12.464101	7.964104	13.330126	8.464103	14.196152	7.964103
45	#d0d0d0	#000000	#00000000	#00000000		48.016654	43.748719	17.062176	8.196153	18.062176	8.196153	18.062176	7.196153	17.196150	6.696153	17.696150	5.830127	16.696150	4.098076	15.696150	4.098076	15.696150	5.098076	14.830125	5.598076	15.330125	6.464101	14.830125	7.330127	15.696151	7.830127	16.562176	7.330127
46	#d0d0d0	#000000	#00000000	#00000000		48.016654	43.748719	17.062176	8.196154	16.562176	9.062179	17.428201	9.562179	18.294227	9.062178	18.794227	9.928204	20.794227	9.928205	21.294227	9.062180	20.428202	8.562180	20.428202	7.562180	19.428202	7.562180	18.928202	6.696154	18.062176	7.196154	18.062176	8.196154
47	#d0d0d0	#000000	#00000000	#00000000		48.016654	43.748719	17.696151	5.830130	17.196151	6.696155	18.062176	7.196155	18.928202	6.696154	19.428202	7.562180	21.428202	7.562181	21.928202	6.696156	21.062177	6.196156	21.062177	5.196156	20.062177	5.196156	19.562177	4.330130	18.696151	4.830130	18.696151	5.830130
48	#d0d0d0	#000000	#00000000	#00000000		48.016654	43.748719	17.330125	1.732052	16.330125	1.732052	16.330125	2.732052	17.196150	3.232052	16.696150	4.098077	17.696150	5.830127	18.696150	5.830127	18.696150	4.830127	19.562175	4.330127	19.062175	3.464102	19.562175	2.598077	18.696150	2.098077	17.830125	2.598077
49	#d0d0d0	#000000	#00000000	#00000000		48.016654	43.748719	16.696152	4.098078	17.196152	3.232053	16.330127	2.732053	15.464102	3.232053	14.964102	2.366028	12.964102	2.366028	12.464102	3.232053	13.330127	3.732053	13.330127	4.732053	14.330127	4.732053	14.830127	5.598078	15.696152	5.098078	15.696152	4.098078
50	#d0d0d0	#000000	#00000000	#00000000		48.016654	43.748719	9.598078	4.732051	10.098078	5.598076	10.964103	5.098076	10.964103	4.098076	11.964103	4.098077	12.964103	2.366026	12.464103	1.500001	11.598078	2.000001	10.732053	1.500001	10.232053	2.366026	9.232053	2.366026	9.232053	3.366026	10.098078	3.866026
51	#d0d0d0	#000000	#00000000	#00000000		48.016654	43.748719	11.232052	0.633978	10.732052	1.500003	11.598077	2.000003	12.464102	1.500003	12.964102	2.366028	14.964102	2.366028	15.464102	1.500003	14.598077	1.000003	14.598077	0.000003	13.598077	0.000003	13.098077	-0.866022	12.232052	-0.366022	12.232052	0.633978
52	#d0d0d0	#000000	#00000000	#00000000		48.016654	43.748719	11.232052	0.633977	12.232052	0.633977	12.232052	-0.366022	11.366027	-0.866022	11.866027	-1.732047	10.866027	-3.464098	9.866027	-3.464098	9.866027	-2.464098	9.000002	-1.964098	9.500002	-1.098073	9.000002	-0.232048	9.866027	0.267952	10.732052	-0.232048
53	#d0d0d0	#000000	#00000000	#00000000		48.016654	43.748719	7.866028	3.000000	8.366028	3.866025	9.232053	3.366025	9.232053	2.366025	10.232053	2.366026	11.232053	0.633975	10.732053	-0.232050	9.866028	0.267950	9.000003	-0.232050	8.500003	0.633975	7.500003	0.633975	7.500003	1.633975	8.366028	2.133975
54	#d0d0d0	#000000	#00000000	#00000000		48.016654	43.748719	6.133978	1.267949	6.633978	2.133974	7.500003	1.633974	7.500003	0.633975	8.500003	0.633975	9.500003	-1.098076	9.000003	-1.964101	8.133978	-1.464101	7.267953	-1.964101	6.767953	-1.098076	5.767953	-1.098076	5.767953	-0.098076	6.633978	0.401924
55	#d0d0d0	#000000	#00000000	#00000000		48.016654	43.748719	2.401927	-0.464102	1.901927	0.401923	2.767952	0.901923	3.633978	0.401923	4.133978	1.267949	6.133978	1.267949	6.633978	0.401924	5.767953	-0.098076	5.767953	-1.098076	4.767953	-1.098076	4.267953	-1.964102	3.401927	-1.464102	3.401927	-0.464102
56	#d0d0d0	#000000	#00000000	#00000000		48.016654	43.748719	7.866028	2.999999	8.366028	2.133974	7.500003	1.633974	6.633978	2.133974	6.133978	1.267949	4.133978	1.267949	3.633978	2.133974	4.500003	2.633974	4.500003	3.633974	5.500003	3.633974	6.000003	4.499999	6.866028	3.999999	6.866028	2.999999
57	#d0d0d0	#000000	#00000000	#00000000		48.016654	43.748719	7.866028	3.000000	6.866028	2.999999	6.866028	3.999999	7.732053	4.499999	7.232053	5.366024	8.232053	7.098075	9.232053	7.098075	9.232053	6.098075	10.098078	5.598075	9.598078	4.732050	10.098078	3.866025	9.232053	3.366025	8.366028	3.866025
58	#d0d0d0	#000000	#00000000	#00000000		48.016654	43.748719	7.232053	5.366024	7.732053	4.499999	6.866028	3.999999	6.000002	4.499999	5.500002	3.633973	3.500002	3.633973	3.000002	4.499998	3.866027	4.999998	3.866027	5.999998	4.866027	5.999998	5.366027	6.866024	6.232053	6.366024	6.232053	5.366024
59	#d0d0d0	#000000	#00000000	#00000000		48.016654	43.748719	4.133978	1.267949	3.633978	0.401924	2.767953	0.901924	2.767953	1.901924	1.767953	1.901924	0.767953	3.633975	1.267953	4.500000	2.133978	4.000000	3.000003	4.500000	3.500003	3.633975	4.500003	3.633975	4.500003	2.633974	3.633978	2.133974
60	#d0d0d0	#000000	#00000000	#00000000		48.016654	43.748719	1.767953	1.901923	2.767953	1.901923	2.767953	0.901924	1.901928	0.401924	2.401928	-0.464101	1.401928	-2.196152	0.401928	-2.196152	0.401928	-1.196152	-0.464097	-0.696152	0.035903	0.169873	-0.464097	1.035898	0.401928	1.535898	1.267953	1.035898
61	#d0d0d0	#000000	#00000000	#00000000		48.016654	43.748719	-1.598072	4.267950	-1.098072	5.133975	-0.232047	4.633975	-0.232047	3.633975	0.767953	3.633975	1.767953	1.901924	1.267953	1.035898	0.401928	1.535898	-0.464098	1.035898	-0.964098	1.901924	-1.964098	1.901924	-1.964098	2.901924	-1.098072	3.401924
62	#d0d0d0	#000000	#00000000	#00000000		48.016654	43.748719	0.767953	3.633975	-0.232047	3.633975	-0.232047	4.633975	0.633979	5.133975	0.133979	6.000001	1.133979	7.732052	2.133979	7.732052	2.133979	6.732052	3.000004	6.232052	2.500004	5.366027	3.000004	4.500001	2.133978	4.000001	1.267953	4.500001
63	#8080ff	#000000	#00000000	#00000000		48.016654	43.748719	3.866030	5.000001	3.000004	4.500001	2.500004	5.366027	3.000004	6.232052	2.133979	6.732052	2.133979	8.732052	3.000005	9.232052	3.500005	8.366026	4.500005	8.366026	4.500005	7.366026	5.366030	6.866026	4.866030	6.000001	3.866030	6.000001
64	#d0d0d0	#000000	#00000000	#00000000		48.016654	43.748719	-1.598072	4.267950	-2.598072	4.267950	-2.598072	5.267950	-1.732046	5.767950	-2.232046	6.633976	-1.232045	8.366027	-0.232045	8.366027	-0.232045	7.366027	0.633980	6.866027	0.133980	6.000002	0.633979	5.133975	-0.232047	4.633975	-1.098072	5.133975
65	#d0d0d0	#000000	#00000000	#00000000		48.016654	43.748719	-1.232046	8.366027	-1.732046	9.232053	-0.866020	9.732053	0.000005	9.232053	0.500005	10.098078	2.500005	10.098077	3.000005	9.232051	2.133979	8.732052	2.133979	7.732052	1.133979	7.732052	0.633979	6.866027	-0.232046	7.366027	-0.232046	8.366027
66	#d0d0d0	#000000	#00000000	#00000000		48.016654	43.748719	4.232056	11.830127	4.732056	10.964101	3.866030	10.464101	3.000005	10.964101	2.500005	10.098076	0.500005	10.098078	0.000005	10.964104	0.866031	11.464104	0.866031	12.464104	1.866031	12.464103	2.366031	13.330128	3.232056	12.830128	3.232056	11.830128
67	#d0d0d0	#000000	#00000000	#00000000		48.016654	43.748719	-0.133969	12.464103	0.866031	12.464103	0.866031	11.464104	0.000006	10.964104	0.500006	10.098079	-0.499994	8.366028	-1.499994	8.366028	-1.499994	9.366028	-2.366019	9.866028	-1.866019	10.732053	-2.366019	11.598078	-1.499994	12.098078	-0.633969	11.598078
68	#d0d0d0	#000000	#00000000	#00000000		48.016654	43.748719	5.866030	7.732049	5.366030	6.866024	4.500005	7.366024	4.500005	8.366024	3.500005	8.366024	2.500005	10.098075	3.000005	10.964101	3.866030	10.464101	4.732056	10.964101	5.232056	10.098075	6.232056	10.098075	6.232056	9.098075	5.366030	8.598075
69	#d0d0d0	#000000	#00000000	#00000000		48.016654	43.748719	7.598081	9.464100	8.598081	9.464100	8.598081	8.464100	7.732055	7.964100	8.232055	7.098074	7.232054	5.366023	6.232054	5.366023	6.232054	6.366023	5.366029	6.866023	5.866029	7.732048	5.366029	8.598074	6.232056	9.098075	7.098081	8.598075
70	#d0d0d0	#000000	#00000000	#00000000		48.016654	43.748719	7.598081	9.464101	7.098081	8.598076	6.232056	9.098076	6.232056	10.098075	5.232056	10.098075	4.232056	11.830126	4.732056	12.696151	5.598081	12.196151	6.464106	12.696151	6.964106	11.830126	7.964106	11.830126	7.964106	10.830126	7.098081	10.330126
71	#d0d0d0	#000000	#00000000	#00000000		48.016654	43.748719	4.232056	11.830126	3.232056	11.830126	3.232056	12.830126	4.098082	13.330126	3.598082	14.196152	4.598082	15.928203	5.598082	15.928203	5.598082	14.928203	6.464107	14.428203	5.964107	13.562178	6.464107	12.696152	5.598081	12.196152	4.732056	12.696152
72	#d0d0d0	#000000	#00000000	#00000000		48.016654	43.748719	1.866031	12.464101	0.866031	12.464101	0.866031	13.464101	1.732057	13.964101	1.232057	14.830127	2.232058	16.562178	3.232058	16.562178	3.232058	15.562178	4.098083	15.062178	3.598083	14.196153	4.098083	13.330127	3.232056	12.830126	2.366031	13.330126
73	#8080ff	#000000	#00000000	#00000000		48.016654	43.748719	-1.499994	12.830126	-2.366019	13.330126	-1.866019	14.196151	-0.866019	14.196151	-0.866019	15.196151	0.866032	16.196151	1.732057	15.696151	1.232057	14.830126	1.732057	13.964101	0.866032	13.464101	0.866031	12.464101	-0.133969	12.464101	-0.633969	13.330126
74	#d0d0d0	#000000	#00000000	#00000000		48.016654	43.748719	4.598075	15.928208	4.098075	15.062183	3.232050	15.562183	3.232050	16.562183	2.232050	16.562183	1.232050	18.294234	1.732050	19.160259	2.598075	18.660259	3.464100	19.160259	3.964100	18.294234	4.964100	18.294234	4.964100	17.294233	4.098075	16.794233
75	#d0d0d0	#000000	#00000000	#00000000		48.016654	43.748719	-1.133975	18.928208	-0.633975	19.794233	0.232050	19.294233	0.232050	18.294233	1.232050	18.294233	2.232050	16.562183	1.732050	15.696158	0.866025	16.196158	0.000000	15.696158	-0.500000	16.562183	-1.500000	16.562183	-1.500000	17.562183	-0.633975	18.062183
76	#d0d0d0	#000000	#00000000	#00000000		48.016654	43.748719	1.232049	18.294233	0.232049	18.294233	0.232049	19.294233	1.098074	19.794233	0.598074	20.660258	1.598074	22.392309	2.598074	22.392309	2.598074	21.392309	3.464100	20.892309	2.964100	20.026283	3.464100	19.160258	2.598075	18.660259	1.732049	19.160259
77	#8080ff	#000000	#00000000	#00000000		48.016654	43.748719	4.330124	19.660258	3.464099	19.160258	2.964099	20.026283	3.464099	20.892309	2.598074	21.392309	2.598073	23.392309	3.464098	23.892309	3.964098	23.026284	4.964098	23.026284	4.964098	22.026284	5.830124	21.526284	5.330124	20.660258	4.330124	20.660258
78	#d0d0d0	#000000	#00000000	#00000000		48.016654	43.748719	-1.133977	18.928207	-2.133977	18.928207	-2.133977	19.928207	-1.267952	20.428207	-1.767952	21.294232	-0.767952	23.026283	0.232048	23.026283	0.232048	22.026283	1.098074	21.526283	0.598074	20.660257	1.098074	19.794232	0.232049	19.294233	-0.633977	19.794233
79	#d0d0d0	#000000	#00000000	#00000000		48.016654	43.748719	-0.767951	23.026284	-1.267951	23.892309	-0.401926	24.392309	0.464099	23.892309	0.964099	24.758334	2.964099	24.758334	3.464099	23.892309	2.598074	23.392309	2.598074	22.392309	1.598074	22.392309	1.098074	21.526284	0.232049	22.026284	0.232049	23.026284
80	#d0d0d0	#000000	#00000000	#00000000		48.016654	43.748719	4.696149	26.490384	5.196149	25.624359	4.330124	25.124359	3.464099	25.624359	2.964099	24.758334	0.964099	24.758334	0.464099	25.624359	1.330124	26.124359	1.330124	27.124359	2.330124	27.124359	2.830124	27.990384	3.696149	27.490384	3.696149	26.490384
81	#d0d0d0	#000000	#00000000	#00000000		48.016654	43.748719	6.330123	22.392311	5.830123	21.526285	4.964098	22.026284	4.964098	23.026284	3.964098	23.026284	2.964097	24.758335	3.464097	25.624361	4.330123	25.124361	5.196148	25.624361	5.696148	24.758336	6.696148	24.758336	6.696148	23.758336	5.830123	23.258336
82	#d0d0d0	#000000	#00000000	#00000000		48.016654	43.748719	8.062173	24.124362	7.562173	23.258337	6.696148	23.758337	6.696148	24.758336	5.696148	24.758336	4.696148	26.490387	5.196148	27.356412	6.062173	26.856412	6.928198	27.356412	7.428198	26.490387	8.428198	26.490387	8.428198	25.490387	7.562173	24.990387
83	#d0d0d0	#000000	#00000000	#00000000		48.016654	43.748719	8.062173	24.124355	7.562173	24.990381	8.428199	25.490381	9.294224	24.990381	9.794224	25.856406	11.794224	25.856406	12.294224	24.990380	11.428198	24.490380	11.428198	23.490380	10.428198	23.490380	9.928198	22.624355	9.062173	23.124355	9.062173	24.124355
84	#d0d0d0	#000000	#00000000	#00000000		48.016654	43.748719	11.794223	25.856406	12.294223	26.722431	13.160248	26.222431	13.160248	25.222431	14.160248	25.222431	15.160248	23.490380	14.660248	22.624355	13.794223	23.124355	12.928198	22.624355	12.428198	23.490380	11.428198	23.490381	11.428198	24.490381	12.294223	24.990381
85	#d0d0d0	#000000	#00000000	#00000000		48.016654	43.748719	13.526273	27.588456	14.026273	28.454481	14.892298	27.954481	14.892298	26.954481	15.892298	26.954481	16.892298	25.222430	16.392298	24.356405	15.526273	24.856405	14.660248	24.356405	14.160248	25.222430	13.160248	25.222431	13.160248	26.222431	14.026273	26.722431
86	#d0d0d0	#000000	#00000000	#00000000		48.016654	43.748719	13.526273	27.588456	14.026273	26.722431	13.160248	26.222431	12.294222	26.722431	11.794222	25.856405	9.794222	25.856405	9.294222	26.722430	10.160247	27.222430	10.160247	28.222430	11.160247	28.222430	11.660247	29.088456	12.526273	28.588456	12.526273	27.588456
87	#d0d0d0	#000000	#00000000	#00000000		48.016654	43.748719	9.794223	25.856413	9.294223	24.990388	8.428198	25.490388	8.428198	26.490387	7.428198	26.490387	6.428198	28.222438	6.928198	29.088463	7.794223	28.588463	8.660248	29.088463	9.160248	28.222438	10.160248	28.222438	10.160248	27.222438	9.294223	26.722438
88	#8080ff	#000000	#00000000	#00000000		48.016654	43.748719	7.794223	28.588463	6.928197	29.088463	7.428197	29.954489	8.428197	29.954489	8.428197	30.954489	10.160248	31.954489	11.026274	31.454489	10.526274	30.588463	11.026274	29.722438	10.160249	29.222438	10.160249	28.222438	9.160249	28.222438	8.660249	29.088463
89	#d0d0d0	#000000	#00000000	#00000000		48.016654	43.748719	5.062172	30.588464	4.562172	31.454489	5.428197	31.954489	6.294222	31.454489	6.794222	32.320514	8.794222	32.320514	9.294222	31.454489	8.428197	30.954489	8.428197	29.954489	7.428197	29.954489	6.928197	29.088464	6.062172	29.588464	6.062172	30.588464
90	#d0d0d0	#000000	#00000000	#00000000		48.016654	43.748719	4.696147	26.490386	3.696147	26.490386	3.696147	27.490386	4.562172	27.990386	4.062172	28.856411	5.062172	30.588462	6.062172	30.588462	6.062172	29.588462	6.928198	29.088462	6.428198	28.222436	6.928198	27.356411	6.062173	26.856412	5.196147	27.356412
91	#d0d0d0	#000000	#00000000	#00000000		48.016654	43.748719	4.062172	28.856411	4.562172	27.990386	3.696147	27.490386	2.830121	27.990386	2.330121	27.124360	0.330121	27.124360	-0.169879	27.990385	0.696146	28.490385	0.696146	29.490385	1.696146	29.490385	2.196146	30.356411	3.062172	29.856411	3.062172	28.856411
92	#d0d0d0	#000000	#00000000	#00000000		48.016654	43.748719	4.428197	32.954490	5.428197	32.954490	5.428197	31.954490	4.562172	31.454489	5.062172	30.588464	4.062172	28.856413	3.062172	28.856413	3.062172	29.856413	2.196146	30.356413	2.696146	31.222439	2.196146	32.088464	3.062171	32.588464	3.928197	32.088464
93	#d0d0d0	#000000	#00000000	#00000000		48.016654	43.748719	0.964099	24.758334	0.464099	23.892308	-0.401927	24.392308	-0.401927	25.392308	-1.401927	25.392308	-2.401927	27.124359	-1.901927	27.990385	-1.035901	27.490385	-0.169876	27.990385	0.330124	27.124360	1.330124	27.124360	1.330124	26.124360	0.464099	25.624359
94	#8080ff	#000000	#00000000	#00000000		48.016654	43.748719	0.696146	28.490385	-0.169879	27.990385	-0.669879	28.856410	-0.169879	29.722436	-1.035905	30.222436	-1.035906	32.222436	-0.169881	32.722436	0.330119	31.856411	1.330119	31.856411	1.330119	30.856411	2.196145	30.356411	1.696146	29.490385	0.696146	29.490385
95	#d0d0d0	#000000	#00000000	#00000000		48.016654	43.748719	2.696146	31.222439	2.196146	30.356413	1.330120	30.856413	1.330120	31.856413	0.330120	31.856413	-0.669880	33.588464	-0.169880	34.454490	0.696146	33.954490	1.562171	34.454490	2.062171	33.588465	3.062171	33.588465	3.062171	32.588465	2.196146	32.088464
96	#d0d0d0	#000000	#00000000	#00000000		48.016654	43.748719	4.428196	32.954491	3.928196	32.088466	3.062171	32.588466	3.062171	33.588466	2.062171	33.588465	1.062171	35.320516	1.562171	36.186541	2.428196	35.686541	3.294221	36.186541	3.794221	35.320516	4.794221	35.320516	4.794221	34.320516	3.928196	33.820516
97	#d0d0d0	#000000	#00000000	#00000000		48.016654	43.748719	1.062171	35.320515	1.562171	34.454490	0.696146	33.954490	-0.169880	34.454490	-0.669880	33.588464	-2.669880	33.588464	-3.169880	34.454489	-2.303855	34.954489	-2.303855	35.954489	-1.303855	35.954489	-0.803855	36.820515	0.062171	36.320515	0.062171	35.320515
98	#d0d0d0	#000000	#00000000	#00000000		48.016654	43.748719	1.062171	35.320516	0.062171	35.320516	0.062171	36.320516	0.928197	36.820516	0.428197	37.686542	1.428197	39.418593	2.428197	39.418593	2.428197	38.418593	3.294222	37.918593	2.794222	37.052568	3.294222	36.186542	2.428196	35.686542	1.562171	36.186542
99	#d0d0d0	#000000	#00000000	#00000000		48.016654	43.748719	6.160246	34.686542	5.660246	33.820517	4.794221	34.320517	4.794221	35.320516	3.794221	35.320516	2.794221	37.052567	3.294221	37.918592	4.160246	37.418592	5.026271	37.918592	5.526271	37.052567	6.526271	37.052567	6.526271	36.052567	5.660246	35.552567
100	#8080ff	#000000	#00000000	#00000000		48.016654	43.748719	6.526272	38.052567	6.526272	37.052567	5.526272	37.052567	5.026271	37.918592	4.160246	37.418592	2.428195	38.418592	2.428195	39.418592	3.428195	39.418592	3.928195	40.284618	4.794221	39.784618	5.660246	40.284618	6.160246	39.418593	5.660246	38.552567
101	#d0d0d0	#000000	#00000000	#00000000		48.016654	43.748719	5.160246	41.150643	5.660246	40.284618	4.794221	39.784618	3.928195	40.284618	3.428195	39.418592	1.428195	39.418592	0.928195	40.284617	1.794220	40.784617	1.794220	41.784617	2.794220	41.784617	3.294220	42.650643	4.160246	42.150643	4.160246	41.150643
102	#d0d0d0	#000000	#00000000	#00000000		48.016654	43.748719	0.794222	41.784617	1.794222	41.784617	1.794222	40.784617	0.928197	40.284617	1.428197	39.418592	0.428197	37.686542	-0.571803	37.686542	-0.571803	38.686542	-1.437828	39.186542	-0.937828	40.052567	-1.437828	40.918592	-0.571803	41.418592	0.294222	40.918592
103	#d0d0d0	#000000	#00000000	#00000000		48.016654	43.748719	4.526271	43.516667	5.026271	42.650642	4.160246	42.150642	3.294220	42.650643	2.794220	41.784617	0.794220	41.784616	0.294220	42.650641	1.160245	43.150641	1.160245	44.150641	2.160245	44.150641	2.660245	45.016667	3.526271	44.516667	3.526271	43.516667
104	#d0d0d0	#000000	#00000000	#00000000		48.016654	43.748719	0.794222	41.784616	0.294222	40.918592	-0.571803	41.418592	-0.571803	42.418592	-1.571803	42.418592	-2.571803	44.150643	-2.071803	45.016668	-1.205778	44.516668	-0.339752	45.016668	0.160248	44.150642	1.160248	44.150642	1.160248	43.150642	0.294222	42.650642
105	#d0d0d0	#000000	#00000000	#00000000		48.016654	43.748719	4.526271	43.516668	5.026271	44.382694	5.892297	43.882694	5.892297	42.882694	6.892297	42.882694	7.892297	41.150643	7.392297	40.284617	6.526271	40.784617	5.660246	40.284617	5.160246	41.150643	4.160246	41.150643	4.160246	42.150643	5.026271	42.650643
106	#d0d0d0	#000000	#00000000	#00000000		48.016654	43.748719	10.258322	40.516669	9.758322	39.650644	8.892297	40.150644	8.892297	41.150644	7.892297	41.150644	6.892297	42.882694	7.392297	43.748719	8.258322	43.248719	9.124347	43.748719	9.624347	42.882694	10.624347	42.882694	10.624347	41.882694	9.758322	41.382694
107	#d0d0d0	#000000	#00000000	#00000000		48.016654	43.748719	7.892297	41.150643	8.892297	41.150643	8.892297	40.150643	8.026272	39.650643	8.526272	38.784618	7.526272	37.052567	6.526272	37.052567	6.526272	38.052567	5.660246	38.552567	6.160246	39.418593	5.660246	40.284618	6.526271	40.784617	7.392297	40.284617
108	#d0d0d0	#000000	#00000000	#00000000		48.016654	43.748719	10.258323	40.516669	11.258323	40.516669	11.258323	39.516669	10.392298	39.016669	10.892298	38.150644	9.892298	36.418593	8.892298	36.418593	8.892298	37.418593	8.026272	37.918593	8.526272	38.784619	8.026272	39.650644	8.892297	40.150643	9.758323	39.650643
109	#d0d0d0	#000000	#00000000	#00000000		48.016654	43.748719	9.892297	36.418593	10.392297	35.552568	9.526272	35.052568	8.660246	35.552568	8.160246	34.686542	6.160246	34.686542	5.660246	35.552567	6.526271	36.052567	6.526271	37.052567	7.526271	37.052567	8.026271	37.918593	8.892297	37.418593	8.892297	36.418593
110	#d0d0d0	#000000	#00000000	#00000000		48.016654	43.748719	4.428196	32.954492	3.928196	33.820517	4.794221	34.320517	5.660246	33.820517	6.160246	34.686542	8.160246	34.686542	8.660246	33.820517	7.794221	33.320517	7.794221	32.320517	6.794221	32.320517	6.294221	31.454492	5.428196	31.954492	5.428196	32.954492
111	#d0d0d0	#000000	#00000000	#00000000		48.016654	43.748719	8.160246	34.686542	8.660246	35.552568	9.526272	35.052568	9.526272	34.052568	10.526272	34.052568	11.526272	32.320517	11.026272	31.454491	10.160246	31.954491	9.294221	31.454491	8.794221	32.320516	7.794221	32.320516	7.794221	33.320516	8.660246	33.820516
112	#d0d0d0	#000000	#00000000	#00000000		48.016654	43.748719	13.892297	31.686543	13.392297	30.820518	12.526272	31.320518	12.526272	32.320518	11.526272	32.320518	10.526272	34.052568	11.026272	34.918593	11.892297	34.418593	12.758322	34.918593	13.258322	34.052568	14.258322	34.052568	14.258322	33.052568	13.392297	32.552568
113	#d0d0d0	#000000	#00000000	#00000000		48.016654	43.748719	11.160249	28.222437	10.160249	28.222437	10.160249	29.222437	11.026274	29.722437	10.526274	30.588463	11.526274	32.320514	12.526274	32.320514	12.526274	31.320514	13.392300	30.820514	12.892300	29.954488	13.392300	29.088463	12.526275	28.588463	11.660249	29.088463
114	#d0d0d0	#000000	#00000000	#00000000		48.016654	43.748719	13.526275	27.588462	12.526275	27.588462	12.526275	28.588462	13.392300	29.088463	12.892300	29.954488	13.892300	31.686539	14.892300	31.686539	14.892300	30.686539	15.758326	30.186539	15.258326	29.320513	15.758326	28.454488	14.892301	27.954488	14.026275	28.454488
115	#d0d0d0	#000000	#00000000	#00000000		48.016654	43.748719	15.892301	26.954487	14.892301	26.954487	14.892301	27.954487	15.758326	28.454488	15.258326	29.320513	16.258326	31.052564	17.258326	31.052564	17.258326	30.052564	18.124352	29.552564	17.624352	28.686538	18.124352	27.820513	17.258327	27.320513	16.392301	27.820513
116	#d0d0d0	#000000	#00000000	#00000000		48.016654	43.748719	22.356403	28.686534	22.856403	27.820508	21.990377	27.320508	21.124352	27.820508	20.624352	26.954483	18.624352	26.954483	18.124352	27.820509	18.990378	28.320509	18.990378	29.320509	19.990378	29.320509	20.490378	30.186534	21.356403	29.686534	21.356403	28.686534
117	#8080ff	#000000	#00000000	#00000000		48.016654	43.748719	18.990378	28.320509	18.124353	27.820509	17.624353	28.686534	18.124353	29.552559	17.258328	30.052559	17.258328	32.052559	18.124353	32.552559	18.624353	31.686534	19.624353	31.686534	19.624353	30.686534	20.490378	30.186534	19.990378	29.320509	18.990378	29.320509
118	#d0d0d0	#000000	#00000000	#00000000		48.016654	43.748719	13.892302	31.686533	13.392302	32.552558	14.258327	33.052558	15.124353	32.552558	15.624353	33.418584	17.624353	33.418584	18.124353	32.552559	17.258328	32.052559	17.258328	31.052559	16.258328	31.052559	15.758328	30.186533	14.892302	30.686533	14.892302	31.686533
119	#d0d0d0	#000000	#00000000	#00000000		48.016654	43.748719	15.624352	33.418585	15.124353	32.552558	14.258327	33.052558	14.258327	34.052558	13.258327	34.052558	12.258326	35.784609	12.758326	36.650635	13.624352	36.150635	14.490377	36.650635	14.990377	35.784610	15.990377	35.784610	15.990377	34.784610	15.124352	34.284610
120	#d0d0d0	#000000	#00000000	#00000000		48.016654	43.748719	19.356403	35.150634	19.856403	34.284609	18.990378	33.784609	18.124353	34.284609	17.624353	33.418584	15.624353	33.418584	15.124353	34.284609	15.990378	34.784609	15.990378	35.784609	16.990378	35.784609	17.490378	36.650634	18.356403	36.150634	18.356403	35.150634
121	#d0d0d0	#000000	#00000000	#00000000		48.016654	43.748719	16.990378	35.784609	15.990378	35.784609	15.990378	36.784609	16.856404	37.284609	16.356404	38.150635	17.356404	39.882686	18.356404	39.882686	18.356404	38.882686	19.222429	38.382686	18.722429	37.516661	19.222429	36.650635	18.356403	36.150635	17.490378	36.650635
122	#8080ff	#000000	#00000000	#00000000		48.016654	43.748719	13.624353	36.150636	12.758326	36.650635	13.258326	37.516661	14.258326	37.516661	14.258326	38.516661	15.990377	39.516662	16.856403	39.016662	16.356403	38.150636	16.856403	37.284611	15.990378	36.784611	15.990378	35.784611	14.990378	35.784611	14.490378	36.650636
123	#d0d0d0	#000000	#00000000	#00000000		48.016654	43.748719	10.526272	34.052569	9.526272	34.052568	9.526272	35.052568	10.392297	35.552568	9.892297	36.418593	10.892297	38.150644	11.892297	38.150644	11.892297	37.150644	12.758322	36.650644	12.258322	35.784619	12.758322	34.918594	11.892297	34.418594	11.026272	34.918594
124	#d0d0d0	#000000	#00000000	#00000000		48.016654	43.748719	10.892297	38.150644	10.392297	39.016669	11.258322	39.516669	12.124347	39.016669	12.624347	39.882694	14.624347	39.882694	15.124347	39.016669	14.258322	38.516669	14.258322	37.516669	13.258322	37.516669	12.758322	36.650644	11.892297	37.150644	11.892297	38.150644
125	#d0d0d0	#000000	#00000000	#00000000		48.016654	43.748719	10.258322	40.516669	9.758322	41.382694	10.624347	41.882694	11.490373	41.382694	11.990373	42.248720	13.990373	42.248720	14.490373	41.382695	13.624348	40.882695	13.624348	39.882695	12.624348	39.882695	12.124348	39.016669	11.258322	39.516669	11.258322	40.516669
126	#d0d0d0	#000000	#00000000	#00000000		48.016654	43.748719	9.624347	42.882694	9.124347	43.748719	9.990372	44.248719	10.856397	43.748719	11.356397	44.614744	13.356397	44.614744	13.856397	43.748719	12.990372	43.248719	12.990372	42.248719	11.990372	42.248719	11.490372	41.382694	10.624347	41.882694	10.624347	42.882694
127	#d0d0d0	#000000	#00000000	#00000000		48.016654	43.748719	13.990372	42.248720	12.990372	42.248720	12.990372	43.248719	13.856397	43.748719	13.356397	44.614744	14.356397	46.346795	15.356397	46.346795	15.356397	45.346795	16.222422	44.846795	15.722422	43.980770	16.222422	43.114745	15.356397	42.614745	14.490372	43.114745
128	#d0d0d0	#000000	#00000000	#00000000		48.016654	43.748719	13.990377	42.248712	14.490377	43.114738	15.356403	42.614738	15.356403	41.614738	16.356403	41.614738	17.356404	39.882687	16.856404	39.016661	15.990377	39.516662	15.124352	39.016662	14.624352	39.882687	13.624352	39.882687	13.624352	40.882687	14.490377	41.382687
129	#d0d0d0	#000000	#00000000	#00000000		48.016654	43.748719	15.722428	43.980763	16.222428	44.846788	17.088453	44.346788	17.088453	43.346788	18.088453	43.346788	19.088453	41.614737	18.588453	40.748712	17.722428	41.248712	16.856403	40.748712	16.356403	41.614737	15.356403	41.614737	15.356403	42.614738	16.222428	43.114738
130	#d0d0d0	#000000	#00000000	#00000000		48.016654	43.748719	17.356404	39.882686	16.856404	40.748711	17.722429	41.248711	18.588454	40.748711	19.088454	41.614736	21.088454	41.614736	21.588454	40.748711	20.722429	40.248711	20.722429	39.248711	19.722429	39.248711	19.222429	38.382686	18.356404	38.882686	18.356404	39.882686
131	#d0d0d0	#000000	#00000000	#00000000		48.016654	43.748719	19.356404	35.150636	18.356404	35.150636	18.356404	36.150636	19.222429	36.650635	18.722429	37.516661	19.722430	39.248712	20.722430	39.248712	20.722430	38.248712	21.588455	37.748712	21.088455	36.882687	21.588455	36.016661	20.722429	35.516661	19.856404	36.016661
132	#d0d0d0	#000000	#00000000	#00000000		48.016654	43.748719	6.892297	42.882694	5.892297	42.882694	5.892297	43.882694	6.758323	44.382694	6.258323	45.248720	7.258323	46.980771	8.258323	46.980771	8.258323	45.980771	9.124348	45.480771	8.624348	44.614746	9.124348	43.748720	8.258322	43.248720	7.392297	43.748720
133	#d0d0d0	#000000	#00000000	#00000000		48.016654	43.748719	22.722429	32.784609	22.222429	31.918584	21.356404	32.418584	21.356404	33.418584	20.356404	33.418584	19.356404	35.150635	19.856404	36.016661	20.722429	35.516661	21.588455	36.016661	22.088455	35.150635	23.088455	35.150635	23.088455	34.150635	22.222429	33.650635
134	#d0d0d0	#000000	#00000000	#00000000		48.016654	43.748719	20.990378	31.052560	20.490378	30.186535	19.624353	30.686535	19.624353	31.686534	18.624353	31.686534	17.624353	33.418585	18.124353	34.284610	18.990378	33.784610	19.856403	34.284610	20.356403	33.418585	21.356403	33.418585	21.356403	32.418585	20.490378	31.918585
135	#d0d0d0	#000000	#00000000	#00000000		48.016654	43.748719	22.722428	32.784609	23.722428	32.784609	23.722428	31.784609	22.856403	31.284609	23.356403	30.418584	22.356403	28.686533	21.356403	28.686534	21.356403	29.686534	20.490378	30.186534	20.990378	31.052559	20.490378	31.918584	21.356403	32.418584	22.222428	31.918584
136	#d0d0d0	#000000	#00000000	#00000000		48.016654	43.748719	22.990377	26.320509	21.990377	26.320508	21.990377	27.320508	22.856402	27.820508	22.356402	28.686533	23.356402	30.418584	24.356402	30.418584	24.356402	29.418584	25.222427	28.918584	24.722427	28.052559	25.222427	27.186534	24.356402	26.686534	23.490377	27.186534
137	#d0d0d0	#000000	#00000000	#00000000		48.016654	43.748719	24.722427	28.052558	25.222427	28.918583	26.088452	28.418583	26.088452	27.418583	27.088452	27.418583	28.088452	25.686532	27.588452	24.820507	26.722427	25.320507	25.856402	24.820507	25.356402	25.686532	24.356402	25.686533	24.356402	26.686533	25.222427	27.186533
138	#8080ff	#000000	#00000000	#00000000		48.016654	43.748719	26.722427	30.784608	27.588453	31.284608	28.088453	30.418582	27.588453	29.552557	28.454478	29.052557	28.454478	27.052557	27.588452	26.552557	27.088452	27.418583	26.088452	27.418583	26.088452	28.418583	25.222427	28.918583	25.722427	29.784608	26.722427	29.784608
139	#d0d0d0	#000000	#00000000	#00000000		48.016654	43.748719	23.356402	30.418584	22.856402	31.284610	23.722428	31.784610	24.588453	31.284610	25.088453	32.150635	27.088453	32.150635	27.588453	31.284609	26.722427	30.784609	26.722427	29.784609	25.722427	29.784609	25.222427	28.918584	24.356402	29.418584	24.356402	30.418584
140	#d0d0d0	#000000	#00000000	#00000000		48.016654	43.748719	22.722428	32.784609	22.222428	33.650634	23.088453	34.150634	23.954478	33.650634	24.454478	34.516659	26.454478	34.516659	26.954478	33.650634	26.088453	33.150634	26.088453	32.150634	25.088453	32.150634	24.588453	31.284609	23.722428	31.784609	23.722428	32.784609
141	#d0d0d0	#000000	#00000000	#00000000		48.016654	43.748719	22.088455	35.150635	21.588455	36.016660	22.454480	36.516660	23.320505	36.016660	23.820505	36.882685	25.820505	36.882685	26.320505	36.016660	25.454480	35.516660	25.454480	34.516660	24.454480	34.516660	23.954480	33.650635	23.088455	34.150635	23.088455	35.150635
142	#8080ff	#000000	#00000000	#00000000		48.016654	43.748719	20.722430	38.248712	20.722430	39.248712	21.722430	39.248712	22.222430	38.382686	23.088456	38.882686	24.820507	37.882685	24.820507	36.882685	23.820507	36.882685	23.320507	36.016660	22.454482	36.516660	21.588456	36.016660	21.088455	36.882687	21.588455	37.748712
143	#d0d0d0	#000000	#00000000	#00000000		48.016654	43.748719	21.088454	41.614736	21.588454	42.480761	22.454479	41.980761	22.454479	40.980761	23.454479	40.980761	24.454479	39.248710	23.954479	38.382685	23.088454	38.882685	22.222429	38.382685	21.722429	39.248710	20.722429	39.248710	20.722429	40.248711	21.588454	40.748711
144	#d0d0d0	#000000	#00000000	#00000000		48.016654	43.748719	22.820504	43.346786	23.320504	42.480761	22.454479	41.980761	21.588454	42.480761	21.088454	41.614736	19.088454	41.614736	18.588454	42.480761	19.454479	42.980761	19.454479	43.980761	20.454479	43.980761	20.954479	44.846786	21.820504	44.346786	21.820504	43.346786
145	#8080ff	#000000	#00000000	#00000000		48.016654	43.748719	17.722428	46.712812	18.588453	47.212812	19.088453	46.346787	18.588453	45.480761	19.454479	44.980761	19.454479	42.980761	18.588454	42.480761	18.088454	43.346786	17.088454	43.346786	17.088454	44.346786	16.222428	44.846786	16.722428	45.712812	17.722428	45.712812
146	#d0d0d0	#000000	#00000000	#00000000		48.016654	43.748719	22.820504	43.346786	23.320504	44.212811	24.186529	43.712811	24.186529	42.712811	25.186529	42.712811	26.186529	40.980760	25.686529	40.114735	24.820504	40.614735	23.954479	40.114735	23.454479	40.980760	22.454479	40.980760	22.454479	41.980761	23.320504	42.480761
147	#d0d0d0	#000000	#00000000	#00000000		48.016654	43.748719	26.186530	40.980761	27.186530	40.980761	27.186530	39.980761	26.320505	39.480761	26.820505	38.614736	25.820505	36.882685	24.820505	36.882685	24.820505	37.882685	23.954479	38.382685	24.454479	39.248711	23.954479	40.114736	24.820504	40.614735	25.686530	40.114735
148	#d0d0d0	#000000	#00000000	#00000000		48.016654	43.748719	26.454480	34.516661	25.454480	34.516661	25.454480	35.516660	26.320505	36.016660	25.820505	36.882685	26.820505	38.614736	27.820505	38.614736	27.820505	37.614736	28.686530	37.114736	28.186530	36.248711	28.686530	35.382686	27.820505	34.882686	26.954480	35.382686
149	#d0d0d0	#000000	#00000000	#00000000		48.016654	43.748719	26.454478	34.516659	26.954478	35.382685	27.820504	34.882685	27.820504	33.882685	28.820504	33.882685	29.820504	32.150634	29.320504	31.284608	28.454478	31.784608	27.588453	31.284608	27.088453	32.150633	26.088453	32.150633	26.088453	33.150633	26.954478	33.650633
150	#d0d0d0	#000000	#00000000	#00000000		48.016654	43.748719	29.820504	32.150634	30.820504	32.150634	30.820504	31.150634	29.954479	30.650634	30.454479	29.784609	29.454480	28.052558	28.454480	28.052558	28.454480	29.052558	27.588454	29.552558	28.088454	30.418584	27.588454	31.284609	28.454479	31.784609	29.320505	31.284609
151	#d0d0d0	#000000	#00000000	#00000000		48.016654	43.748719	31.820505	27.418583	32.320505	26.552558	31.454480	26.052558	30.588455	26.552558	30.088455	25.686533	28.088455	25.686533	27.588455	26.552558	28.454480	27.052558	28.454480	28.052558	29.454480	28.052558	29.954480	28.918583	30.820505	28.418583	30.820505	27.418583
152	#d0d0d0	#000000	#00000000	#00000000		48.016654	43.748719	26.356405	23.954483	25.856405	24.820508	26.722430	25.320508	27.588455	24.820508	28.088455	25.686533	30.088455	25.686533	30.588455	24.820508	29.722430	24.320508	29.722430	23.320508	28.722430	23.320508	28.222430	22.454483	27.356405	22.954483	27.356405	23.954483
153	#d0d0d0	#000000	#00000000	#00000000		48.016654	43.748719	26.990377	21.588456	26.490377	22.454481	27.356402	22.954481	28.222428	22.454481	28.722428	23.320507	30.722428	23.320507	31.222428	22.454482	30.356403	21.954482	30.356403	20.954482	29.356403	20.954482	28.856403	20.088456	27.990377	20.588456	27.990377	21.588456
154	#d0d0d0	#000000	#00000000	#00000000		48.016654	43.748719	26.624352	17.490383	25.624352	17.490383	25.624352	18.490382	26.490377	18.990382	25.990377	19.856407	26.990377	21.588458	27.990377	21.588458	27.990377	20.588458	28.856402	20.088458	28.356402	19.222433	28.856402	18.356408	27.990377	17.856408	27.124352	18.356408
155	#d0d0d0	#000000	#00000000	#00000000		48.016654	43.748719	26.624352	17.490381	27.124352	18.356407	27.990378	17.856407	27.990378	16.856407	28.990378	16.856407	29.990378	15.124356	29.490378	14.258330	28.624352	14.758330	27.758327	14.258330	27.258327	15.124355	26.258327	15.124355	26.258327	16.124355	27.124352	16.624355
156	#d0d0d0	#000000	#00000000	#00000000		48.016654	43.748719	28.356403	19.222432	28.856403	20.088457	29.722428	19.588457	29.722428	18.588457	30.722428	18.588457	31.722428	16.856406	31.222428	15.990381	30.356403	16.490381	29.490378	15.990381	28.990378	16.856406	27.990378	16.856406	27.990378	17.856407	28.856403	18.356407
157	#d0d0d0	#000000	#00000000	#00000000		48.016654	43.748719	29.990378	15.124356	29.490378	15.990381	30.356403	16.490381	31.222429	15.990381	31.722429	16.856407	33.722429	16.856407	34.222429	15.990382	33.356404	15.490382	33.356404	14.490382	32.356404	14.490382	31.856404	13.624356	30.990378	14.124356	30.990378	15.124356
158	#d0d0d0	#000000	#00000000	#00000000		48.016654	43.748719	29.624354	11.026283	28.624354	11.026283	28.624354	12.026282	29.490379	12.526282	28.990379	13.392307	29.990379	15.124358	30.990379	15.124358	30.990379	14.124358	31.856404	13.624358	31.356404	12.758333	31.856404	11.892308	30.990379	11.392308	30.124354	11.892308
159	#d0d0d0	#000000	#00000000	#00000000		48.016654	43.748719	31.990379	10.392308	32.490379	9.526282	31.624353	9.026282	30.758328	9.526282	30.258328	8.660257	28.258328	8.660257	27.758328	9.526283	28.624354	10.026283	28.624354	11.026283	29.624354	11.026283	30.124354	11.892308	30.990379	11.392308	30.990379	10.392308
160	#d0d0d0	#000000	#00000000	#00000000		48.016654	43.748719	26.526278	6.928207	26.026278	7.794232	26.892303	8.294232	27.758328	7.794232	28.258328	8.660257	30.258328	8.660257	30.758328	7.794232	29.892303	7.294232	29.892303	6.294232	28.892303	6.294232	28.392303	5.428207	27.526278	5.928207	27.526278	6.928207
161	#d0d0d0	#000000	#00000000	#00000000		48.016654	43.748719	26.526278	6.928206	26.026278	6.062181	25.160253	6.562181	25.160253	7.562181	24.160253	7.562181	23.160253	9.294232	23.660253	10.160257	24.526278	9.660257	25.392303	10.160257	25.892303	9.294232	26.892303	9.294232	26.892303	8.294231	26.026278	7.794231
162	#d0d0d0	#000000	#00000000	#00000000		48.016654	43.748719	20.794227	9.928205	21.294227	10.794230	22.160252	10.294230	22.160252	9.294230	23.160252	9.294230	24.160252	7.562179	23.660252	6.696154	22.794227	7.196154	21.928202	6.696154	21.428202	7.562179	20.428202	7.562179	20.428202	8.562180	21.294227	9.062180
163	#d0d0d0	#000000	#00000000	#00000000		48.016654	43.748719	23.794228	3.464106	22.794228	3.464106	22.794228	4.464106	23.660253	4.964106	23.160253	5.830131	24.160253	7.562182	25.160253	7.562181	25.160253	6.562181	26.026278	6.062181	25.526278	5.196156	26.026278	4.330131	25.160253	3.830131	24.294228	4.330131
164	#8080ff	#000000	#00000000	#00000000		48.016654	43.748719	20.428204	3.830131	19.562178	4.330131	20.062177	5.196156	21.062177	5.196156	21.062177	6.196156	22.794228	7.196157	23.660254	6.696157	23.160254	5.830131	23.660254	4.964106	22.794229	4.464106	22.794229	3.464106	21.794229	3.464106	21.294229	4.330131
165	#d0d0d0	#000000	#00000000	#00000000		48.016654	43.748719	22.428200	1.098075	21.928200	0.232050	21.062175	0.732050	21.062175	1.732050	20.062175	1.732050	19.062175	3.464101	19.562175	4.330127	20.428200	3.830127	21.294226	4.330127	21.794226	3.464101	22.794226	3.464101	22.794226	2.464101	21.928200	1.964101
166	#d0d0d0	#000000	#00000000	#00000000		48.016654	43.748719	20.696150	-0.633975	20.196150	-1.500000	19.330125	-1.000000	19.330125	0.000000	18.330125	0.000000	17.330125	1.732051	17.830125	2.598077	18.696150	2.098077	19.562176	2.598077	20.062176	1.732051	21.062176	1.732051	21.062176	0.732051	20.196150	0.232051
167	#d0d0d0	#000000	#00000000	#00000000		48.016654	43.748719	14.964100	2.366025	15.464100	3.232050	16.330125	2.732050	16.330125	1.732050	17.330125	1.732050	18.330125	0.000000	17.830125	-0.866025	16.964100	-0.366025	16.098075	-0.866025	15.598075	0.000000	14.598075	0.000000	14.598075	1.000000	15.464100	1.500000
168	#d0d0d0	#000000	#00000000	#00000000		48.016654	43.748719	11.866024	-1.732051	11.366024	-0.866026	12.232049	-0.366026	13.098075	-0.866026	13.598075	0.000000	15.598075	0.000000	16.098075	-0.866025	15.232050	-1.366025	15.232050	-2.366025	14.232050	-2.366025	13.732050	-3.232051	12.866024	-2.732051	12.866024	-1.732051
169	#d0d0d0	#000000	#00000000	#00000000		48.016654	43.748719	20.696149	-0.633976	20.196149	0.232050	21.062175	0.732050	21.928200	0.232050	22.428200	1.098075	24.428200	1.098075	24.928200	0.232049	24.062174	-0.267951	24.062174	-1.267951	23.062174	-1.267951	22.562174	-2.133976	21.696149	-1.633976	21.696149	-0.633976
170	#d0d0d0	#000000	#00000000	#00000000		48.016654	43.748719	26.160250	2.830125	26.660250	1.964100	25.794225	1.464100	24.928200	1.964100	24.428200	1.098075	22.428200	1.098075	21.928200	1.964100	22.794225	2.464100	22.794225	3.464100	23.794225	3.464100	24.294225	4.330125	25.160250	3.830125	25.160250	2.830125
171	#d0d0d0	#000000	#00000000	#00000000		48.016654	43.748719	24.428200	1.098076	24.928200	1.964100	25.794225	1.464100	25.794225	0.464100	26.794225	0.464100	27.794225	-1.267951	27.294225	-2.133976	26.428200	-1.633976	25.562174	-2.133976	25.062174	-1.267950	24.062174	-1.267950	24.062174	-0.267950	24.928200	0.232050
172	#d0d0d0	#000000	#00000000	#00000000		48.016654	43.748719	26.160250	2.830125	26.660250	3.696151	27.526276	3.196151	27.526276	2.196151	28.526276	2.196151	29.526276	0.464100	29.026276	-0.401926	28.160250	0.098074	27.294225	-0.401926	26.794225	0.464099	25.794225	0.464099	25.794225	1.464099	26.660250	1.964099
173	#d0d0d0	#000000	#00000000	#00000000		48.016654	43.748719	26.160253	2.830130	25.160253	2.830130	25.160253	3.830130	26.026278	4.330131	25.526278	5.196156	26.526278	6.928207	27.526278	6.928207	27.526278	5.928207	28.392304	5.428207	27.892304	4.562181	28.392304	3.696156	27.526279	3.196156	26.660253	3.696156
174	#d0d0d0	#000000	#00000000	#00000000		48.016654	43.748719	28.526279	2.196155	27.526279	2.196155	27.526279	3.196155	28.392304	3.696156	27.892304	4.562181	28.892304	6.294232	29.892304	6.294232	29.892304	5.294232	30.758330	4.794232	30.258330	3.928206	30.758330	3.062181	29.892305	2.562181	29.026279	3.062181
175	#d0d0d0	#000000	#00000000	#00000000		48.016654	43.748719	31.892301	-0.169874	31.392301	-1.035899	30.526276	-0.535899	30.526276	0.464101	29.526276	0.464101	28.526276	2.196151	29.026276	3.062176	29.892301	2.562176	30.758326	3.062176	31.258326	2.196151	32.258326	2.196151	32.258326	1.196151	31.392301	0.696151
176	#d0d0d0	#000000	#00000000	#00000000		48.016654	43.748719	35.624352	1.562177	36.124352	0.696152	35.258327	0.196152	34.392301	0.696152	33.892301	-0.169874	31.892301	-0.169874	31.392301	0.696151	32.258326	1.196151	32.258326	2.196151	33.258326	2.196151	33.758326	3.062177	34.624352	2.562177	34.624352	1.562177
177	#d0d0d0	#000000	#00000000	#00000000		48.016654	43.748719	34.990377	3.928202	35.490377	3.062177	34.624352	2.562177	33.758326	3.062177	33.258326	2.196151	31.258326	2.196151	30.758326	3.062176	31.624351	3.562176	31.624351	4.562176	32.624351	4.562176	33.124351	5.428202	33.990377	4.928202	33.990377	3.928202
178	#8080ff	#000000	#00000000	#00000000		48.016654	43.748719	31.624355	3.562181	30.758330	3.062181	30.258330	3.928206	30.758330	4.794232	29.892304	5.294232	29.892304	7.294232	30.758329	7.794232	31.258329	6.928207	32.258329	6.928207	32.258329	5.928207	33.124355	5.428207	32.624355	4.562181	31.624355	4.562181
179	#d0d0d0	#000000	#00000000	#00000000		48.016654	43.748719	33.624354	6.294233	33.124354	5.428208	32.258329	5.928208	32.258329	6.928207	31.258329	6.928207	30.258329	8.660258	30.758329	9.526283	31.624354	9.026283	32.490379	9.526283	32.990379	8.660258	33.990379	8.660258	33.990379	7.660258	33.124354	7.160258
180	#d0d0d0	#000000	#00000000	#00000000		48.016654	43.748719	35.356405	8.026284	36.356405	8.026284	36.356405	7.026284	35.490380	6.526284	35.990380	5.660259	34.990380	3.928208	33.990380	3.928208	33.990380	4.928208	33.124354	5.428208	33.624354	6.294234	33.124354	7.160258	33.990379	7.660258	34.856405	7.160258
181	#d0d0d0	#000000	#00000000	#00000000		48.016654	43.748719	35.356404	8.026284	34.856404	7.160259	33.990379	7.660259	33.990379	8.660258	32.990379	8.660258	31.990379	10.392309	32.490379	11.258334	33.356404	10.758334	34.222429	11.258334	34.722429	10.392309	35.722429	10.392309	35.722429	9.392309	34.856404	8.892309
182	#d0d0d0	#000000	#00000000	#00000000		48.016654	43.748719	31.990379	10.392309	30.990379	10.392309	30.990379	11.392308	31.856404	11.892308	31.356404	12.758333	32.356404	14.490384	33.356404	14.490384	33.356404	13.490384	34.222429	12.990384	33.722429	12.124359	34.222429	11.258334	33.356404	10.758334	32.490379	11.258334
183	#d0d0d0	#000000	#00000000	#00000000		48.016654	43.748719	33.356404	13.490384	33.356404	14.490384	34.356404	14.490384	34.856404	13.624358	35.722430	14.124358	37.454481	13.124358	37.454481	12.124358	36.454481	12.124358	35.954481	11.258333	35.088456	11.758333	34.222430	11.258333	33.722430	12.124359	34.222430	12.990384
184	#d0d0d0	#000000	#00000000	#00000000		48.016654	43.748719	34.722429	10.392309	34.222429	11.258334	35.088454	11.758334	35.954479	11.258334	36.454479	12.124359	38.454479	12.124359	38.954479	11.258334	38.088454	10.758334	38.088454	9.758334	37.088454	9.758334	36.588454	8.892309	35.722429	9.392309	35.722429	10.392309
185	#d0d0d0	#000000	#00000000	#00000000		48.016654	43.748719	35.356405	8.026284	34.856405	8.892309	35.722430	9.392309	36.588455	8.892309	37.088455	9.758334	39.088455	9.758334	39.588455	8.892309	38.722430	8.392309	38.722430	7.392309	37.722430	7.392309	37.222430	6.526284	36.356405	7.026284	36.356405	8.026284
186	#d0d0d0	#000000	#00000000	#00000000		48.016654	43.748719	35.990379	5.660258	35.490379	6.526284	36.356405	7.026284	37.222430	6.526284	37.722430	7.392309	39.722430	7.392309	40.222430	6.526283	39.356404	6.026283	39.356404	5.026283	38.356404	5.026283	37.856404	4.160258	36.990379	4.660258	36.990379	5.660258
187	#d0d0d0	#000000	#00000000	#00000000		48.016654	43.748719	35.624354	1.562183	34.624354	1.562183	34.624354	2.562183	35.490379	3.062183	34.990379	3.928208	35.990379	5.660259	36.990379	5.660258	36.990379	4.660258	37.856404	4.160258	37.356404	3.294233	37.856404	2.428208	36.990379	1.928208	36.124354	2.428208
188	#d0d0d0	#000000	#00000000	#00000000		48.016654	43.748719	35.624352	1.562177	36.124352	2.428203	36.990378	1.928203	36.990378	0.928203	37.990378	0.928203	38.990378	-0.803848	38.490378	-1.669874	37.624352	-1.169874	36.758327	-1.669874	36.258327	-0.803849	35.258327	-0.803849	35.258327	0.196151	36.124352	0.696151
189	#d0d0d0	#000000	#00000000	#00000000		48.016654	43.748719	37.356404	3.294233	37.856404	4.160259	38.722430	3.660259	38.722430	2.660259	39.722430	2.660259	40.722430	0.928208	40.222430	0.062182	39.356404	0.562182	38.490379	0.062182	37.990379	0.928207	36.990379	0.928207	36.990379	1.928207	37.856404	2.428208
190	#d0d0d0	#000000	#00000000	#00000000		48.016654	43.748719	38.990379	-0.803842	38.490379	0.062183	39.356404	0.562183	40.222430	0.062183	40.722430	0.928208	42.722430	0.928209	43.222430	0.062184	42.356405	-0.437816	42.356405	-1.437816	41.356405	-1.437816	40.856405	-2.303842	39.990379	-1.803842	39.990379	-0.803842
191	#d0d0d0	#000000	#00000000	#00000000		48.016654	43.748719	44.454481	2.660261	44.954481	1.794236	44.088456	1.294236	43.222430	1.794236	42.722430	0.928210	40.722430	0.928208	40.222430	1.794233	41.088455	2.294233	41.088454	3.294233	42.088454	3.294234	42.588454	4.160260	43.454480	3.660260	43.454481	2.660260
192	#d0d0d0	#000000	#00000000	#00000000		48.016654	43.748719	42.722430	0.928209	43.222430	1.794235	44.088456	1.294235	44.088456	0.294235	45.088456	0.294235	46.088456	-1.437816	45.588456	-2.303842	44.722430	-1.803842	43.856405	-2.303842	43.356405	-1.437817	42.356405	-1.437817	42.356405	-0.437817	43.222430	0.062183
193	#d0d0d0	#000000	#00000000	#00000000		48.016654	43.748719	44.454481	2.660261	44.954481	3.526287	45.820507	3.026287	45.820507	2.026287	46.820507	2.026287	47.820507	0.294236	47.320507	-0.571790	46.454481	-0.071790	45.588456	-0.571790	45.088456	0.294235	44.088456	0.294235	44.088456	1.294235	44.954481	1.794236
194	#d0d0d0	#000000	#00000000	#00000000		48.016654	43.748719	47.186532	6.124364	48.186532	6.124364	48.186532	5.124364	47.320507	4.624364	47.820507	3.758339	46.820508	2.026288	45.820508	2.026288	45.820508	3.026288	44.954481	3.526287	45.454481	4.392313	44.954481	5.258338	45.820506	5.758338	46.686532	5.258338
195	#d0d0d0	#000000	#00000000	#00000000		48.016654	43.748719	44.820502	6.758338	45.820502	6.758339	45.820503	5.758339	44.954478	5.258338	45.454479	4.392313	44.454481	2.660261	43.454481	2.660260	43.454480	3.660260	42.588454	4.160259	43.088453	5.026285	42.588452	5.892310	43.454477	6.392311	44.320503	5.892312
196	#d0d0d0	#000000	#00000000	#00000000		48.016654	43.748719	42.454475	7.392311	43.454475	7.392312	43.454476	6.392312	42.588451	5.892311	43.088452	5.026286	42.088454	3.294234	41.088454	3.294233	41.088453	4.294233	40.222427	4.794232	40.722426	5.660258	40.222425	6.526283	41.088450	7.026284	41.954476	6.526285
197	#8080ff	#000000	#00000000	#00000000		48.016654	43.748719	39.356405	6.026284	40.222430	6.526284	40.722430	5.660259	40.222430	4.794234	41.088455	4.294234	41.088455	2.294234	40.222430	1.794234	39.722430	2.660259	38.722430	2.660259	38.722430	3.660259	37.856405	4.160259	38.356405	5.026284	39.356405	5.026284
198	#d0d0d0	#000000	#00000000	#00000000		48.016654	43.748719	39.088455	9.758334	39.588455	10.624359	40.454480	10.124359	40.454480	9.124359	41.454480	9.124359	42.454480	7.392308	41.954480	6.526283	41.088455	7.026283	40.222430	6.526283	39.722430	7.392308	38.722430	7.392308	38.722430	8.392309	39.588455	8.892309
199	#d0d0d0	#000000	#00000000	#00000000		48.016654	43.748719	44.820505	6.758334	44.320505	5.892309	43.454480	6.392309	43.454480	7.392309	42.454480	7.392309	41.454480	9.124359	41.954480	9.990384	42.820505	9.490384	43.686530	9.990384	44.186530	9.124359	45.186530	9.124359	45.186530	8.124359	44.320505	7.624359
200	#d0d0d0	#000000	#00000000	#00000000		48.016654	43.748719	44.820505	6.758334	44.320505	7.624359	45.186530	8.124359	46.052556	7.624359	46.552556	8.490385	48.552556	8.490385	49.052556	7.624360	48.186531	7.124360	48.186531	6.124360	47.186531	6.124360	46.686531	5.258334	45.820505	5.758334	45.820505	6.758334
201	#d0d0d0	#000000	#00000000	#00000000		48.016654	43.748719	50.186532	-0.339738	49.686532	-1.205763	48.820507	-0.705763	48.820507	0.294237	47.820507	0.294237	46.820507	2.026287	47.320507	2.892312	48.186532	2.392312	49.052557	2.892312	49.552557	2.026287	50.552557	2.026287	50.552557	1.026287	49.686532	0.526287
202	#8080ff	#000000	#00000000	#00000000		48.016654	43.748719	50.552557	5.758339	51.418583	5.258339	50.918583	4.392313	49.918583	4.392313	49.918583	3.392313	48.186532	2.392313	47.320506	2.892313	47.820506	3.758339	47.320507	4.624364	48.186532	5.124364	48.186532	6.124364	49.186532	6.124364	49.686532	5.258339
203	#d0d0d0	#000000	#00000000	#00000000		48.016654	43.748719	44.186530	9.124359	43.686530	9.990384	44.552555	10.490384	45.418580	9.990384	45.918580	10.856409	47.918580	10.856409	48.418580	9.990384	47.552555	9.490384	47.552555	8.490384	46.552555	8.490384	46.052555	7.624359	45.186530	8.124359	45.186530	9.124359
204	#d0d0d0	#000000	#00000000	#00000000		48.016654	43.748719	47.918580	10.856409	48.418580	11.722434	49.284605	11.222434	49.284605	10.222434	50.284605	10.222434	51.284605	8.490383	50.784605	7.624358	49.918580	8.124358	49.052555	7.624358	48.552555	8.490383	47.552555	8.490383	47.552555	9.490384	48.418580	9.990384
205	#8080ff	#000000	#00000000	#00000000		48.016654	43.748719	42.820504	12.222435	42.820504	13.222435	43.820504	13.222435	44.320504	12.356410	45.186529	12.856410	46.918580	11.856410	46.918580	10.856410	45.918580	10.856410	45.418580	9.990384	44.552554	10.490384	43.686530	9.990384	43.186530	10.856409	43.686530	11.722435
206	#d0d0d0	#000000	#00000000	#00000000		48.016654	43.748719	41.454480	9.124360	40.454480	9.124359	40.454480	10.124359	41.320505	10.624359	40.820505	11.490384	41.820505	13.222435	42.820505	13.222435	42.820505	12.222435	43.686530	11.722435	43.186530	10.856410	43.686530	9.990385	42.820505	9.490385	41.954480	9.990385
207	#d0d0d0	#000000	#00000000	#00000000		48.016654	43.748719	39.088454	9.758335	38.088454	9.758335	38.088454	10.758334	38.954479	11.258334	38.454479	12.124359	39.454479	13.856410	40.454479	13.856410	40.454479	12.856410	41.320504	12.356410	40.820504	11.490385	41.320504	10.624360	40.454479	10.124360	39.588454	10.624360
208	#d0d0d0	#000000	#00000000	#00000000		48.016654	43.748719	38.820504	16.222434	39.820504	16.222434	39.820504	15.222434	38.954479	14.722434	39.454479	13.856409	38.454479	12.124359	37.454479	12.124359	37.454479	13.124359	36.588454	13.624359	37.088454	14.490384	36.588454	15.356409	37.454479	15.856409	38.320504	15.356409
209	#d0d0d0	#000000	#00000000	#00000000		48.016654	43.748719	39.454479	13.856410	38.954479	14.722435	39.820504	15.222435	40.686529	14.722435	41.186529	15.588460	43.186529	15.588460	43.686529	14.722435	42.820504	14.222435	42.820504	13.222435	41.820504	13.222435	41.320504	12.356410	40.454479	12.856410	40.454479	13.856410
210	#d0d0d0	#000000	#00000000	#00000000		48.016654	43.748719	43.186529	15.588460	43.686529	16.454486	44.552555	15.954486	44.552555	14.954486	45.552555	14.954486	46.552555	13.222435	46.052555	12.356409	45.186529	12.856409	44.320504	12.356409	43.820504	13.222434	42.820504	13.222434	42.820504	14.222434	43.686529	14.722434
211	#d0d0d0	#000000	#00000000	#00000000		48.016654	43.748719	48.284606	14.954486	49.284606	14.954486	49.284606	13.954486	48.418581	13.454486	48.918581	12.588461	47.918582	10.856410	46.918582	10.856410	46.918582	11.856410	46.052556	12.356410	46.552555	13.222435	46.052555	14.088460	46.918580	14.588460	47.784606	14.088460
212	#d0d0d0	#000000	#00000000	#00000000		48.016654	43.748719	44.918580	17.320511	45.418580	18.186536	46.284605	17.686536	46.284605	16.686536	47.284605	16.686536	48.284605	14.954485	47.784605	14.088460	46.918580	14.588460	46.052555	14.088460	45.552555	14.954485	44.552555	14.954485	44.552555	15.954486	45.418580	16.454486
213	#d0d0d0	#000000	#00000000	#00000000		48.016654	43.748719	44.918579	17.320510	45.418579	16.454485	44.552554	15.954485	43.686529	16.454485	43.186529	15.588460	41.186529	15.588460	40.686529	16.454485	41.552554	16.954485	41.552554	17.954485	42.552554	17.954485	43.052554	18.820510	43.918579	18.320510	43.918579	17.320510
214	#d0d0d0	#000000	#00000000	#00000000		48.016654	43.748719	41.186529	15.588460	40.686529	14.722435	39.820504	15.222435	39.820504	16.222434	38.820504	16.222434	37.820504	17.954485	38.320504	18.820510	39.186529	18.320510	40.052554	18.820510	40.552554	17.954485	41.552554	17.954485	41.552554	16.954485	40.686529	16.454485
215	#d0d0d0	#000000	#00000000	#00000000		48.016654	43.748719	35.454479	18.588459	35.954479	19.454484	36.820504	18.954484	36.820504	17.954484	37.820504	17.954484	38.820504	16.222434	38.320504	15.356409	37.454479	15.856409	36.588454	15.356409	36.088454	16.222434	35.088454	16.222434	35.088454	17.222434	35.954479	17.722434
216	#d0d0d0	#000000	#00000000	#00000000		48.016654	43.748719	33.722429	16.856407	34.222429	17.722433	35.088455	17.222433	35.088455	16.222433	36.088455	16.222433	37.088455	14.490382	36.588455	13.624356	35.722429	14.124356	34.856404	13.624356	34.356404	14.490381	33.356404	14.490381	33.356404	15.490381	34.222429	15.990381
217	#d0d0d0	#000000	#00000000	#00000000		48.016654	43.748719	35.454479	18.588457	35.954479	17.722432	35.088454	17.222432	34.222429	17.722432	33.722429	16.856407	31.722429	16.856407	31.222429	17.722432	32.088454	18.222432	32.088454	19.222432	33.088454	19.222432	33.588454	20.088457	34.454479	19.588457	34.454479	18.588457
218	#d0d0d0	#000000	#00000000	#00000000		48.016654	43.748719	35.820504	22.686532	36.820504	22.686532	36.820504	21.686532	35.954479	21.186532	36.454479	20.320507	35.454479	18.588456	34.454479	18.588457	34.454479	19.588457	33.588454	20.088457	34.088454	20.954482	33.588454	21.820507	34.454479	22.320507	35.320504	21.820507
219	#d0d0d0	#000000	#00000000	#00000000		48.016654	43.748719	38.186530	22.052558	39.186530	22.052558	39.186530	21.052558	38.320505	20.552558	38.820505	19.686533	37.820505	17.954482	36.820505	17.954482	36.820505	18.954482	35.954479	19.454482	36.454479	20.320508	35.954479	21.186532	36.820504	21.686532	37.686530	21.186532
220	#8080ff	#000000	#00000000	#00000000		48.016654	43.748719	41.552555	21.686533	42.418580	21.186533	41.918580	20.320508	40.918580	20.320508	40.918580	19.320508	39.186529	18.320508	38.320504	18.820508	38.820504	19.686533	38.320504	20.552558	39.186529	21.052558	39.186530	22.052558	40.186530	22.052558	40.686530	21.186533
221	#d0d0d0	#000000	#00000000	#00000000		48.016654	43.748719	44.284605	19.686536	44.784605	18.820510	43.918579	18.320510	43.052554	18.820510	42.552554	17.954485	40.552554	17.954485	40.052554	18.820511	40.918580	19.320511	40.918580	20.320511	41.918580	20.320511	42.418580	21.186536	43.284605	20.686536	43.284605	19.686536
222	#d0d0d0	#000000	#00000000	#00000000		48.016654	43.748719	44.918579	17.320511	43.918579	17.320510	43.918579	18.320510	44.784604	18.820510	44.284604	19.686535	45.284604	21.418586	46.284604	21.418586	46.284604	20.418586	47.150629	19.918586	46.650629	19.052561	47.150629	18.186536	46.284604	17.686536	45.418579	18.186536
223	#d0d0d0	#000000	#00000000	#00000000		48.016654	43.748719	46.650629	19.052562	47.150629	19.918586	48.016654	19.418586	48.016654	18.418586	49.016654	18.418586	50.016654	16.686535	49.516654	15.820510	48.650629	16.320510	47.784603	15.820510	47.284603	16.686536	46.284603	16.686536	46.284603	17.686536	47.150629	18.186536
224	#d0d0d0	#000000	#00000000	#00000000		48.016654	43.748719	45.284604	21.418586	44.784604	22.284611	45.650629	22.784611	46.516654	22.284611	47.016654	23.150636	49.016654	23.150636	49.516654	22.284611	48.650629	21.784611	48.650629	20.784611	47.650629	20.784611	47.150629	19.918586	46.284604	20.418586	46.284604	21.418586
225	#d0d0d0	#000000	#00000000	#00000000		48.016654	43.748719	44.650630	23.784611	45.650630	23.784611	45.650630	22.784611	44.784605	22.284611	45.284605	21.418586	44.284605	19.686535	43.284605	19.686536	43.284605	20.686536	42.418580	21.186536	42.918580	22.052561	42.418580	22.918586	43.284605	23.418586	44.150630	22.918586
226	#8080ff	#000000	#00000000	#00000000		48.016654	43.748719	48.650629	21.784611	49.516655	22.284611	50.016655	21.418585	49.516655	20.552560	50.382680	20.052560	50.382680	18.052560	49.516654	17.552560	49.016654	18.418586	48.016654	18.418586	48.016654	19.418586	47.150629	19.918586	47.650629	20.784611	48.650629	20.784611
227	#d0d0d0	#000000	#00000000	#00000000		48.016654	43.748719	44.650629	23.784611	44.150629	24.650637	45.016655	25.150637	45.882680	24.650637	46.382680	25.516662	48.382680	25.516662	48.882680	24.650636	48.016654	24.150636	48.016654	23.150636	47.016654	23.150636	46.516654	22.284611	45.650629	22.784611	45.650629	23.784611
228	#d0d0d0	#000000	#00000000	#00000000		48.016654	43.748719	41.284605	26.150636	41.784605	27.016662	42.650631	26.516662	42.650631	25.516662	43.650631	25.516662	44.650631	23.784611	44.150631	22.918585	43.284605	23.418585	42.418580	22.918586	41.918580	23.784611	40.918580	23.784611	40.918580	24.784611	41.784605	25.284611
229	#d0d0d0	#000000	#00000000	#00000000		48.016654	43.748719	39.552555	24.418585	40.052555	25.284610	40.918580	24.784610	40.918580	23.784610	41.918580	23.784610	42.918580	22.052559	42.418580	21.186534	41.552555	21.686533	40.686529	21.186533	40.186529	22.052559	39.186529	22.052559	39.186529	23.052559	40.052555	23.552559
230	#d0d0d0	#000000	#00000000	#00000000		48.016654	43.748719	35.820505	22.686533	35.320505	23.552558	36.186530	24.052558	37.052555	23.552558	37.552555	24.418583	39.552555	24.418583	40.052555	23.552558	39.186530	23.052558	39.186530	22.052558	38.186530	22.052558	37.686530	21.186533	36.820505	21.686533	36.820505	22.686533
231	#d0d0d0	#000000	#00000000	#00000000		48.016654	43.748719	35.820504	22.686531	35.320504	21.820507	34.454479	22.320507	34.454479	23.320507	33.454479	23.320507	32.454479	25.052558	32.954479	25.918583	33.820504	25.418583	34.686530	25.918583	35.186530	25.052557	36.186530	25.052557	36.186530	24.052557	35.320504	23.552557
232	#d0d0d0	#000000	#00000000	#00000000		48.016654	43.748719	33.454479	23.320507	34.454479	23.320507	34.454479	22.320507	33.588454	21.820507	34.088454	20.954482	33.088454	19.222431	32.088454	19.222432	32.088454	20.222432	31.222429	20.722432	31.722429	21.588457	31.222429	22.454482	32.088454	22.954482	32.954479	22.454482
233	#8080ff	#000000	#00000000	#00000000		48.016654	43.748719	30.356403	21.954483	31.222429	22.454483	31.722429	21.588457	31.222429	20.722432	32.088454	20.222432	32.088454	18.222432	31.222428	17.722432	30.722428	18.588458	29.722428	18.588458	29.722428	19.588458	28.856403	20.088458	29.356403	20.954483	30.356403	20.954483
234	#d0d0d0	#000000	#00000000	#00000000		48.016654	43.748719	30.088454	25.686532	30.588454	26.552557	31.454479	26.052557	31.454479	25.052557	32.454479	25.052557	33.454479	23.320507	32.954479	22.454482	32.088454	22.954482	31.222429	22.454482	30.722429	23.320507	29.722429	23.320507	29.722429	24.320507	30.588454	24.820507
235	#d0d0d0	#000000	#00000000	#00000000		48.016654	43.748719	32.454480	25.052557	31.454480	25.052557	31.454480	26.052557	32.320505	26.552558	31.820505	27.418583	32.820505	29.150634	33.820505	29.150634	33.820505	28.150634	34.686531	27.650634	34.186531	26.784608	34.686531	25.918583	33.820506	25.418583	32.954480	25.918583
236	#d0d0d0	#000000	#00000000	#00000000		48.016654	43.748719	37.552555	24.418583	37.052555	23.552558	36.186530	24.052558	36.186530	25.052557	35.186530	25.052557	34.186530	26.784608	34.686530	27.650633	35.552555	27.150633	36.418580	27.650633	36.918580	26.784608	37.918580	26.784608	37.918580	25.784608	37.052555	25.284608
237	#d0d0d0	#000000	#00000000	#00000000		48.016654	43.748719	41.284605	26.150633	41.784605	25.284608	40.918580	24.784608	40.052555	25.284608	39.552555	24.418583	37.552555	24.418583	37.052555	25.284608	37.918580	25.784608	37.918580	26.784608	38.918580	26.784608	39.418580	27.650633	40.284605	27.150633	40.284605	26.150633
238	#d0d0d0	#000000	#00000000	#00000000		48.016654	43.748719	38.918580	26.784609	37.918580	26.784608	37.918580	27.784608	38.784605	28.284608	38.284605	29.150633	39.284605	30.882684	40.284605	30.882684	40.284605	29.882684	41.150630	29.382684	40.650630	28.516659	41.150630	27.650634	40.284605	27.150634	39.418580	27.650634
239	#d0d0d0	#000000	#00000000	#00000000		48.016654	43.748719	41.284605	26.150636	40.284605	26.150636	40.284605	27.150636	41.150630	27.650636	40.650630	28.516661	41.650629	30.248712	42.650629	30.248712	42.650629	29.248712	43.516655	28.748712	43.016655	27.882686	43.516655	27.016661	42.650630	26.516661	41.784604	27.016661
240	#d0d0d0	#000000	#00000000	#00000000		48.016654	43.748719	43.016656	27.882687	43.516656	28.748712	44.382681	28.248712	44.382681	27.248712	45.382681	27.248712	46.382681	25.516661	45.882681	24.650636	45.016656	25.150636	44.150631	24.650636	43.650631	25.516661	42.650631	25.516661	42.650631	26.516662	43.516656	27.016662
241	#8080ff	#000000	#00000000	#00000000		48.016654	43.748719	45.016656	30.614737	45.882682	31.114737	46.382682	30.248711	45.882682	29.382686	46.748707	28.882686	46.748707	26.882686	45.882681	26.382686	45.382681	27.248712	44.382681	27.248712	44.382681	28.248712	43.516656	28.748712	44.016656	29.614737	45.016656	29.614737
242	#d0d0d0	#000000	#00000000	#00000000		48.016654	43.748719	41.650629	30.248712	41.150629	31.114737	42.016654	31.614737	42.882680	31.114737	43.382680	31.980763	45.382680	31.980764	45.882680	31.114739	45.016655	30.614739	45.016655	29.614739	44.016655	29.614739	43.516655	28.748713	42.650629	29.248712	42.650629	30.248712
243	#d0d0d0	#000000	#00000000	#00000000		48.016654	43.748719	41.650630	30.248708	41.150630	29.382683	40.284605	29.882684	40.284605	30.882684	39.284605	30.882684	38.284605	32.614735	38.784605	33.480760	39.650630	32.980760	40.516656	33.480760	41.016656	32.614734	42.016656	32.614734	42.016656	31.614734	41.150630	31.114734
244	#d0d0d0	#000000	#00000000	#00000000		48.016654	43.748719	35.918580	33.248709	36.418580	34.114734	37.284605	33.614734	37.284605	32.614734	38.284605	32.614734	39.284605	30.882684	38.784605	30.016659	37.918580	30.516659	37.052555	30.016659	36.552555	30.882684	35.552555	30.882684	35.552555	31.882684	36.418580	32.382684
245	#8080ff	#000000	#00000000	#00000000		48.016654	43.748719	35.552555	27.150633	34.686530	27.650633	35.186530	28.516658	36.186530	28.516658	36.186530	29.516658	37.918581	30.516658	38.784606	30.016658	38.284606	29.150633	38.784606	28.284608	37.918581	27.784608	37.918581	26.784608	36.918580	26.784608	36.418580	27.650633
246	#d0d0d0	#000000	#00000000	#00000000		48.016654	43.748719	32.820505	29.150633	32.320505	30.016659	33.186531	30.516659	34.052556	30.016659	34.552556	30.882684	36.552556	30.882684	37.052556	30.016658	36.186530	29.516658	36.186530	28.516658	35.186530	28.516658	34.686530	27.650633	33.820505	28.150633	33.820505	29.150633
247	#d0d0d0	#000000	#00000000	#00000000		48.016654	43.748719	32.186531	31.516659	31.686531	32.382685	32.552557	32.882685	33.418582	32.382685	33.918582	33.248710	35.918582	33.248710	36.418582	32.382684	35.552556	31.882684	35.552556	30.882684	34.552556	30.882684	34.052556	30.016659	33.186531	30.516659	33.186531	31.516659
248	#d0d0d0	#000000	#00000000	#00000000		48.016654	43.748719	32.186530	31.516658	33.186530	31.516658	33.186530	30.516658	32.320505	30.016658	32.820505	29.150633	31.820505	27.418582	30.820505	27.418583	30.820505	28.418583	29.954480	28.918583	30.454480	29.784608	29.954480	30.650633	30.820505	31.150633	31.686530	30.650633
249	#d0d0d0	#000000	#00000000	#00000000		48.016654	43.748719	32.186529	31.516660	31.686529	30.650635	30.820504	31.150635	30.820504	32.150634	29.820504	32.150634	28.820504	33.882685	29.320504	34.748710	30.186529	34.248710	31.052554	34.748710	31.552554	33.882685	32.552554	33.882685	32.552554	32.882685	31.686529	32.382685
250	#d0d0d0	#000000	#00000000	#00000000		48.016654	43.748719	31.552554	33.882685	31.052554	34.748710	31.918579	35.248710	32.784604	34.748710	33.284604	35.614735	35.284604	35.614735	35.784604	34.748710	34.918579	34.248710	34.918579	33.248710	33.918579	33.248710	33.418579	32.382685	32.552554	32.882685	32.552554	33.882685
251	#8080ff	#000000	#00000000	#00000000		48.016654	43.748719	30.186528	36.980761	30.186528	37.980761	31.186528	37.980761	31.686528	37.114735	32.552554	37.614735	34.284605	36.614735	34.284605	35.614735	33.284605	35.614735	32.784605	34.748710	31.918579	35.248710	31.052553	34.748710	30.552553	35.614736	31.052553	36.480761
252	#d0d0d0	#000000	#00000000	#00000000		48.016654	43.748719	28.820502	33.882685	27.820502	33.882685	27.820502	34.882685	28.686528	35.382685	28.186528	36.248711	29.186529	37.980762	30.186529	37.980762	30.186529	36.980762	31.052554	36.480762	30.552554	35.614737	31.052553	34.748710	30.186527	34.248710	29.320502	34.748710
253	#d0d0d0	#000000	#00000000	#00000000		48.016654	43.748719	26.820505	38.614736	26.320505	39.480762	27.186531	39.980762	28.052556	39.480762	28.552556	40.346787	30.552556	40.346787	31.052556	39.480761	30.186530	38.980761	30.186530	37.980761	29.186530	37.980761	28.686530	37.114736	27.820505	37.614736	27.820505	38.614736
254	#d0d0d0	#000000	#00000000	#00000000		48.016654	43.748719	30.552554	40.346787	31.052554	41.212812	31.918579	40.712812	31.918579	39.712812	32.918579	39.712812	33.918578	37.980761	33.418578	37.114736	32.552553	37.614736	31.686528	37.114735	31.186528	37.980761	30.186528	37.980761	30.186528	38.980761	31.052554	39.480761
255	#d0d0d0	#000000	#00000000	#00000000		48.016654	43.748719	32.284606	42.078837	32.784606	41.212812	31.918581	40.712812	31.052556	41.212812	30.552556	40.346787	28.552556	40.346787	28.052556	41.212812	28.918581	41.712812	28.918581	42.712812	29.918581	42.712812	30.418581	43.578837	31.284606	43.078837	31.284606	42.078837
256	#d0d0d0	#000000	#00000000	#00000000		48.016654	43.748719	28.552555	40.346787	28.052555	39.480762	27.186530	39.980762	27.186530	40.980761	26.186530	40.980761	25.186530	42.712812	25.686530	43.578837	26.552555	43.078837	27.418580	43.578837	27.918580	42.712812	28.918580	42.712812	28.918580	41.712812	28.052555	41.212812
257	#8080ff	#000000	#00000000	#00000000		48.016654	43.748719	28.918582	46.444862	29.784607	45.944862	29.284607	45.078837	28.284607	45.078837	28.284607	44.078837	26.552556	43.078837	25.686530	43.578837	26.186530	44.444862	25.686530	45.310888	26.552556	45.810888	26.552556	46.810888	27.552556	46.810888	28.052556	45.944862
258	#d0d0d0	#000000	#00000000	#00000000		48.016654	43.748719	31.650631	44.444863	32.150631	43.578838	31.284606	43.078838	30.418580	43.578838	29.918580	42.712812	27.918580	42.712812	27.418580	43.578837	28.284605	44.078837	28.284605	45.078837	29.284605	45.078837	29.784605	45.944863	30.650631	45.444863	30.650631	44.444863
259	#d0d0d0	#000000	#00000000	#00000000		48.016654	43.748719	25.552554	46.810886	26.552554	46.810886	26.552554	45.810886	25.686529	45.310886	26.186529	44.444861	25.186529	42.712810	24.186529	42.712811	24.186529	43.712811	23.320504	44.212811	23.820504	45.078836	23.320504	45.944861	24.186529	46.444861	25.052554	45.944861
260	#d0d0d0	#000000	#00000000	#00000000		48.016654	43.748719	32.284606	42.078838	31.284606	42.078837	31.284606	43.078837	32.150631	43.578837	31.650631	44.444862	32.650631	46.176913	33.650631	46.176913	33.650631	45.176913	34.516656	44.676913	34.016656	43.810888	34.516656	42.944863	33.650631	42.444863	32.784606	42.944863
261	#d0d0d0	#000000	#00000000	#00000000		48.016654	43.748719	32.284606	42.078837	32.784606	42.944863	33.650632	42.444863	33.650632	41.444863	34.650632	41.444863	35.650632	39.712812	35.150632	38.846786	34.284606	39.346786	33.418581	38.846786	32.918581	39.712811	31.918581	39.712811	31.918581	40.712811	32.784606	41.212811
262	#d0d0d0	#000000	#00000000	#00000000		48.016654	43.748719	34.650632	41.444864	33.650632	41.444863	33.650632	42.444863	34.516657	42.944863	34.016657	43.810888	35.016657	45.542939	36.016657	45.542939	36.016657	44.542939	36.882682	44.042939	36.382682	43.176914	36.882682	42.310889	36.016657	41.810889	35.150632	42.310889
263	#d0d0d0	#000000	#00000000	#00000000		48.016654	43.748719	38.016657	39.078838	37.516657	38.212813	36.650632	38.712813	36.650632	39.712813	35.650632	39.712813	34.650632	41.444863	35.150632	42.310888	36.016657	41.810888	36.882682	42.310888	37.382682	41.444863	38.382682	41.444863	38.382682	40.444863	37.516657	39.944863
264	#d0d0d0	#000000	#00000000	#00000000		48.016654	43.748719	41.114733	43.176914	41.614733	42.310889	40.748708	41.810889	39.882682	42.310889	39.382682	41.444863	37.382682	41.444863	36.882682	42.310888	37.748707	42.810888	37.748707	43.810888	38.748707	43.810888	39.248707	44.676914	40.114733	44.176914	40.114733	43.176914
265	#8080ff	#000000	#00000000	#00000000		48.016654	43.748719	37.748707	42.810888	36.882682	42.310888	36.382682	43.176913	36.882682	44.042939	36.016656	44.542939	36.016656	46.542939	36.882681	47.042939	37.382681	46.176914	38.382681	46.176914	38.382681	45.176914	39.248707	44.676914	38.748707	43.810888	37.748707	43.810888
266	#d0d0d0	#000000	#00000000	#00000000		48.016654	43.748719	41.748708	40.810889	42.248708	39.944864	41.382683	39.444864	40.516657	39.944864	40.016657	39.078838	38.016657	39.078838	37.516657	39.944863	38.382682	40.444863	38.382682	41.444863	39.382682	41.444863	39.882682	42.310889	40.748708	41.810889	40.748708	40.810889
267	#d0d0d0	#000000	#00000000	#00000000		48.016654	43.748719	36.284607	37.346788	35.784607	38.212813	36.650632	38.712813	37.516657	38.212813	38.016657	39.078838	40.016657	39.078838	40.516657	38.212813	39.650632	37.712813	39.650632	36.712813	38.650632	36.712813	38.150632	35.846788	37.284607	36.346788	37.284607	37.346788
268	#d0d0d0	#000000	#00000000	#00000000		48.016654	43.748719	35.918582	33.248713	34.918582	33.248713	34.918582	34.248713	35.784607	34.748713	35.284607	35.614738	36.284607	37.346789	37.284607	37.346788	37.284607	36.346788	38.150632	35.846788	37.650632	34.980763	38.150632	34.114738	37.284607	33.614738	36.418582	34.114738
269	#d0d0d0	#000000	#00000000	#00000000		48.016654	43.748719	35.650632	39.712813	36.650632	39.712813	36.650632	38.712813	35.784607	38.212813	36.284607	37.346788	35.284607	35.614738	34.284607	35.614738	34.284607	36.614738	33.418582	37.114738	33.918582	37.980763	33.418582	38.846788	34.284607	39.346788	35.150632	38.846788
270	#d0d0d0	#000000	#00000000	#00000000		48.016654	43.748719	38.284607	32.614737	37.284607	32.614737	37.284607	33.614737	38.150632	34.114738	37.650632	34.980763	38.650632	36.712814	39.650632	36.712814	39.650632	35.712814	40.516658	35.212814	40.016658	34.346788	40.516658	33.480763	39.650633	32.980763	38.784607	33.480763
271	#d0d0d0	#000000	#00000000	#00000000		48.016654	43.748719	41.016656	32.614733	40.516656	33.480760	41.382682	33.980760	42.248707	33.480760	42.748707	34.346785	44.748707	34.346784	45.248707	33.480758	44.382681	32.980758	44.382681	31.980758	43.382681	31.980758	42.882681	31.114733	42.016656	31.614733	42.016656	32.614733
272	#8080ff	#000000	#00000000	#00000000		48.016654	43.748719	39.650632	35.712814	39.650632	36.712814	40.650632	36.712814	41.150632	35.846789	42.016657	36.346789	43.748708	35.346789	43.748708	34.346789	42.748708	34.346789	42.248708	33.480763	41.382682	33.980763	40.516657	33.480763	40.016658	34.346788	40.516658	35.212814
273	#d0d0d0	#000000	#00000000	#00000000		48.016654	43.748719	40.016657	39.078838	40.516657	39.944863	41.382682	39.444863	41.382682	38.444863	42.382682	38.444863	43.382682	36.712812	42.882682	35.846787	42.016657	36.346787	41.150632	35.846787	40.650632	36.712812	39.650632	36.712812	39.650632	37.712813	40.516657	38.212813
274	#d0d0d0	#000000	#00000000	#00000000		48.016654	43.748719	45.114733	38.444863	46.114733	38.444863	46.114733	37.444863	45.248707	36.944863	45.748707	36.078837	44.748707	34.346786	43.748707	34.346786	43.748707	35.346786	42.882682	35.846786	43.382682	36.712812	42.882682	37.578838	43.748708	38.078838	44.614733	37.578838
275	#d0d0d0	#000000	#00000000	#00000000		48.016654	43.748719	41.748708	40.810889	42.248708	41.676915	43.114734	41.176915	43.114734	40.176915	44.114734	40.176915	45.114734	38.444864	44.614734	37.578838	43.748708	38.078838	42.882683	37.578838	42.382683	38.444863	41.382683	38.444863	41.382683	39.444863	42.248708	39.944864
276	#d0d0d0	#000000	#00000000	#00000000		48.016654	43.748719	41.748708	40.810890	40.748708	40.810890	40.748708	41.810889	41.614733	42.310889	41.114733	43.176914	42.114733	44.908965	43.114733	44.908965	43.114733	43.908965	43.980758	43.408965	43.480758	42.542940	43.980758	41.676915	43.114733	41.176915	42.248708	41.676915
277	#d0d0d0	#000000	#00000000	#00000000		48.016654	43.748719	43.480759	42.542940	43.980759	43.408965	44.846784	42.908965	44.846784	41.908965	45.846784	41.908965	46.846784	40.176914	46.346784	39.310889	45.480759	39.810889	44.614734	39.310889	44.114734	40.176914	43.114734	40.176914	43.114734	41.176915	43.980759	41.676915
278	#d0d0d0	#000000	#00000000	#00000000		48.016654	43.748719	45.114733	38.444863	44.614733	39.310888	45.480758	39.810888	46.346783	39.310888	46.846783	40.176913	48.846783	40.176913	49.346783	39.310888	48.480758	38.810888	48.480758	37.810888	47.480758	37.810888	46.980758	36.944863	46.114733	37.444863	46.114733	38.444863
279	#8080ff	#000000	#00000000	#00000000		48.016654	43.748719	45.480759	45.274990	46.346785	45.774990	46.846785	44.908964	46.346785	44.042939	47.212810	43.542939	47.212810	41.542939	46.346784	41.042939	45.846784	41.908965	44.846784	41.908965	44.846784	42.908965	43.980759	43.408965	44.480759	44.274990	45.480759	44.274990
280	#d0d0d0	#000000	#00000000	#00000000		48.016654	43.748719	50.578835	41.908964	51.078835	41.042938	50.212809	40.542938	49.346784	41.042938	48.846784	40.176913	46.846784	40.176914	46.346784	41.042940	47.212810	41.542939	47.212810	42.542939	48.212810	42.542939	48.712810	43.408964	49.578835	42.908964	49.578835	41.908964
281	#d0d0d0	#000000	#00000000	#00000000		48.016654	43.748719	47.480758	37.810888	48.480758	37.810888	48.480758	36.810888	47.614732	36.310888	48.114732	35.444862	47.114731	33.712811	46.114731	33.712811	46.114731	34.712811	45.248706	35.212811	45.748706	36.078836	45.248706	36.944862	46.114733	37.444863	46.980758	36.944863
282	#d0d0d0	#000000	#00000000	#00000000		48.016654	43.748719	44.748707	34.346784	45.248707	35.212809	46.114732	34.712809	46.114732	33.712809	47.114732	33.712809	48.114731	31.980758	47.614731	31.114733	46.748706	31.614733	45.882680	31.114733	45.382680	31.980759	44.382680	31.980759	44.382680	32.980759	45.248706	33.480759
283	#d0d0d0	#000000	#00000000	#00000000		48.016654	43.748719	48.114733	31.980762	49.114733	31.980762	49.114733	30.980762	48.248707	30.480762	48.748707	29.614736	47.748706	27.882685	46.748706	27.882685	46.748706	28.882685	45.882681	29.382685	46.382681	30.248710	45.882682	31.114737	46.748708	31.614737	47.614733	31.114737
284	#d0d0d0	#000000	#00000000	#00000000		48.016654	43.748719	50.114732	27.248711	50.614732	26.382685	49.748706	25.882685	48.882681	26.382685	48.382681	25.516660	46.382681	25.516661	45.882681	26.382687	46.748707	26.882686	46.748707	27.882686	47.748707	27.882686	48.248707	28.748711	49.114732	28.248711	49.114732	27.248711
285	#d0d0d0	#000000	#00000000	#00000000		48.016654	43.748719	48.578835	46.641014	49.578835	46.641014	49.578835	45.641014	48.712810	45.141014	49.212810	44.274989	48.212810	42.542938	47.212810	42.542939	47.212810	43.542939	46.346785	44.042939	46.846785	44.908964	46.346785	45.774989	47.212810	46.274989	48.078835	45.774989
286	#d0d0d0	#000000	#00000000	#00000000		48.016654	43.748719	41.480758	47.274989	42.480758	47.274989	42.480758	46.274989	41.614733	45.774989	42.114733	44.908964	41.114733	43.176913	40.114733	43.176914	40.114733	44.176914	39.248708	44.676914	39.748708	45.542939	39.248708	46.408964	40.114733	46.908964	40.980758	46.408964
287	#d0d0d0	#000000	#00000000	#00000000		48.016654	43.748719	4.526271	43.516668	3.526271	43.516667	3.526271	44.516667	4.392296	45.016667	3.892296	45.882692	4.892296	47.614743	5.892296	47.614743	5.892296	46.614743	6.758321	46.114743	6.258321	45.248718	6.758321	44.382693	5.892296	43.882693	5.026271	44.382693
288	#d0d0d0	#000000	#00000000	#00000000		48.016654	43.748719	23.186529	47.444861	24.186529	47.444861	24.186529	46.444861	23.320504	45.944861	23.820504	45.078836	22.820504	43.346785	21.820504	43.346786	21.820504	44.346786	20.954479	44.846786	21.454479	45.712811	20.954479	46.578836	21.820504	47.078836	22.686529	46.578836
289	#d0d0d0	#000000	#00000000	#00000000		48.016654	43.748719	50.480757	31.346782	49.980757	30.480757	49.114732	30.980757	49.114732	31.980757	48.114732	31.980757	47.114732	33.712809	47.614732	34.578834	48.480757	34.078834	49.346783	34.578834	49.846783	33.712808	50.846783	33.712808	50.846783	32.712808	49.980757	32.212808
290	#d0d0d0	#000000	#00000000	#00000000		48.016654	43.748719	47.820507	0.294236	48.820507	0.294237	48.820507	-0.705763	47.954482	-1.205763	48.454482	-2.071788	47.454482	-3.803839	46.454482	-3.803839	46.454482	-2.803839	45.588457	-2.303839	46.088457	-1.437814	45.588457	-0.571789	46.454482	-0.071789	47.320507	-0.571789
291	#d0d0d0	#000000	#00000000	#00000000		48.016654	43.748719	30.160251	-1.901924	29.660251	-1.035899	30.526276	-0.535899	31.392301	-1.035899	31.892301	-0.169874	33.892301	-0.169874	34.392301	-1.035899	33.526276	-1.535899	33.526276	-2.535899	32.526276	-2.535899	32.026276	-3.401924	31.160251	-2.901924	31.160251	-1.901924
292	#d0d0d0	#000000	#00000000	#00000000		48.016654	43.748719	33.892302	-0.169875	34.392302	0.696150	35.258327	0.196150	35.258327	-0.803849	36.258327	-0.803849	37.258327	-2.535900	36.758327	-3.401925	35.892302	-2.901925	35.026277	-3.401925	34.526277	-2.535900	33.526277	-2.535900	33.526277	-1.535900	34.392302	-1.035900
293	#d0d0d0	#000000	#00000000	#00000000		48.016654	43.748719	29.526276	0.464100	30.526276	0.464100	30.526276	-0.535899	29.660251	-1.035899	30.160251	-1.901924	29.160251	-3.633975	28.160251	-3.633975	28.160251	-2.633975	27.294226	-2.133975	27.794226	-1.267950	27.294226	-0.401925	28.160251	0.098075	29.026276	-0.401925
294	#d0d0d0	#000000	#00000000	#00000000		48.016654	43.748719	0.428197	37.686543	0.928197	36.820516	0.062171	36.320516	-0.803854	36.820516	-1.303854	35.954491	-3.303854	35.954492	-3.803854	36.820518	-2.937828	37.320518	-2.937828	38.320518	-1.937828	38.320518	-1.437828	39.186543	-0.571803	38.686543	-0.571803	37.686543
295	#d0d0d0	#000000	#00000000	#00000000		48.016654	43.748719	42.114733	44.908965	41.614733	45.774991	42.480759	46.274991	43.346784	45.774991	43.846784	46.641016	45.846784	46.641016	46.346784	45.774990	45.480758	45.274990	45.480758	44.274990	44.480758	44.274990	43.980758	43.408965	43.114733	43.908965	43.114733	44.908965
296	#8080ff	#000000	#00000000	#00000000		48.016654	43.748719	50.846784	37.444862	51.712809	36.944862	51.212809	36.078837	50.212809	36.078837	50.212809	35.078837	48.480758	34.078838	47.614733	34.578838	48.114733	35.444863	47.614732	36.310888	48.480758	36.810888	48.480758	37.810888	49.480758	37.810888	49.980758	36.944862
297	#d0d0d0	#000000	#00000000	#00000000		48.016654	43.748719	48.284603	14.954483	47.784603	15.820509	48.650629	16.320510	49.516654	15.820510	50.016654	16.686535	52.016654	16.686534	52.516654	15.820508	51.650628	15.320508	51.650628	14.320508	50.650628	14.320508	50.150628	13.454483	49.284603	13.954483	49.284603	14.954483
