seq_id	start_fill_color	start_stroke_color	done_fill_color	done_stroke_color	footnote	img_width	img_height	px_0	py_0	px_1	py_1	px_2	py_2	px_3	py_3	px_4	py_4	px_5	py_5	px_6	py_6	px_7	py_7	px_8	py_8	px_9	py_9	px_10	py_10	px_11	py_11	px_12	py_12	px_13	py_13
0	#66ccff	#000000	#00000000	#00000000	Starting tile pattern based on a chevron tiling in a <a href="https://cs.uwaterloo.ca/~csk/hat/examples/animation.gif">looping animated GIF</a> by David Smith, Joseph Samuel Myers, Craig S. Kaplan, and Chaim Goodman-Strauss, used under <a href="http://creativecommons.org/licenses/by/4.0/">CC BY 4.0</a> / This is a recreation of the original rather than a screenshot, and the cropping, colors, and vertical orientation differ slightly from the original.	53.498550	54.701983	20.660702	20.906276	20.660702	20.906276	19.526793	18.274782	16.680897	17.941027	16.680897	17.941027	16.680897	17.941027	16.680897	17.941027	16.680897	17.941027	17.814806	20.572521	16.102819	22.870263	16.102819	22.870263	16.102819	22.870263	18.948715	23.204018	20.660702	20.906276
1	#A0A0A0	#000000	#00000000	#00000000		53.498550	54.701983	21.238780	15.977040	21.238780	15.977040	19.526793	18.274782	20.660702	20.906276	20.660702	20.906276	20.660702	20.906276	20.660702	20.906276	20.660702	20.906276	22.372690	18.608534	25.218586	18.942289	25.218586	18.942289	25.218586	18.942289	24.084676	16.310795	21.238780	15.977040
2	#ffffff	#000000	#00000000	#00000000		53.498550	54.701983	16.680897	17.941027	16.680897	17.941027	19.526793	18.274782	21.238780	15.977040	21.238780	15.977040	21.238780	15.977040	21.238780	15.977040	21.238780	15.977040	18.392884	15.643285	17.258976	13.011789	17.258976	13.011789	17.258976	13.011789	15.546988	15.309530	16.680897	17.941027
3	#ffffff	#000000	#00000000	#00000000		53.498550	54.701983	12.701092	14.975775	12.701092	14.975775	13.835001	17.607272	16.680897	17.941027	16.680897	17.941027	16.680897	17.941027	16.680897	17.941027	16.680897	17.941027	15.546988	15.309530	17.258976	13.011789	17.258976	13.011789	17.258976	13.011789	14.413080	12.678034	12.701092	14.975775
4	#66ccff	#000000	#00000000	#00000000		53.498550	54.701983	12.123013	19.905014	12.123013	19.905014	14.968909	20.238769	16.680897	17.941027	16.680897	17.941027	16.680897	17.941027	16.680897	17.941027	16.680897	17.941027	13.835001	17.607272	12.701092	14.975775	12.701092	14.975775	12.701092	14.975775	10.989105	17.273517	12.123013	19.905014
5	#006699	#000000	#00000000	#00000000		53.498550	54.701983	16.102819	22.870263	16.102819	22.870263	13.256923	22.536508	12.123013	19.905014	12.123013	19.905014	12.123013	19.905014	12.123013	19.905014	12.123013	19.905014	14.968909	20.238769	16.680897	17.941027	16.680897	17.941027	16.680897	17.941027	17.814806	20.572521	16.102819	22.870263
6	#A0A0A0	#000000	#00000000	#00000000		53.498550	54.701983	25.796664	14.013053	25.796664	14.013053	22.950768	13.679298	21.238780	15.977040	21.238780	15.977040	21.238780	15.977040	21.238780	15.977040	21.238780	15.977040	24.084676	16.310795	25.218585	18.942292	25.218585	18.942292	25.218585	18.942292	26.930572	16.644550	25.796664	14.013053
7	#66ccff	#000000	#00000000	#00000000		53.498550	54.701983	21.238780	15.977040	21.238780	15.977040	22.950768	13.679298	21.816858	11.047804	21.816858	11.047804	21.816858	11.047804	21.816858	11.047804	21.816858	11.047804	20.104871	13.345546	17.258975	13.011791	17.258975	13.011791	17.258975	13.011791	18.392884	15.643285	21.238780	15.977040
8	#006699	#000000	#00000000	#00000000		53.498550	54.701983	21.816858	11.047804	21.816858	11.047804	20.104871	13.345546	17.258975	13.011791	17.258975	13.011791	17.258975	13.011791	17.258975	13.011791	17.258975	13.011791	18.970962	10.714049	17.837054	8.082553	17.837054	8.082553	17.837054	8.082553	20.682950	8.416308	21.816858	11.047804
9	#66ccff	#000000	#00000000	#00000000		53.498550	54.701983	17.258976	13.011789	17.258976	13.011789	18.970963	10.714047	17.837055	8.082550	17.837055	8.082550	17.837055	8.082550	17.837055	8.082550	17.837055	8.082550	16.125067	10.380292	13.279171	10.046537	13.279171	10.046537	13.279171	10.046537	14.413080	12.678034	17.258976	13.011789
10	#66ccff	#000000	#00000000	#00000000		53.498550	54.701983	12.701092	14.975775	12.701092	14.975775	14.413080	12.678034	13.279171	10.046537	13.279171	10.046537	13.279171	10.046537	13.279171	10.046537	13.279171	10.046537	11.567184	12.344279	8.721288	12.010524	8.721288	12.010524	8.721288	12.010524	9.855196	14.642021	12.701092	14.975775
11	#A0A0A0	#000000	#00000000	#00000000		53.498550	54.701983	8.143209	16.939762	8.143209	16.939762	10.989105	17.273517	12.701092	14.975775	12.701092	14.975775	12.701092	14.975775	12.701092	14.975775	12.701092	14.975775	9.855196	14.642021	8.721288	12.010524	8.721288	12.010524	8.721288	12.010524	7.009300	14.308266	8.143209	16.939762
12	#ffffff	#000000	#00000000	#00000000		53.498550	54.701983	8.143209	16.939762	8.143209	16.939762	6.431221	19.237504	7.565130	21.869001	7.565130	21.869001	7.565130	21.869001	7.565130	21.869001	7.565130	21.869001	9.277117	19.571259	12.123013	19.905014	12.123013	19.905014	12.123013	19.905014	10.989105	17.273517	8.143209	16.939762
13	#ffffff	#000000	#00000000	#00000000		53.498550	54.701983	7.565130	21.869001	7.565130	21.869001	8.699038	24.500497	11.544934	24.834252	11.544934	24.834252	11.544934	24.834252	11.544934	24.834252	11.544934	24.834252	10.411026	22.202756	12.123013	19.905014	12.123013	19.905014	12.123013	19.905014	9.277117	19.571259	7.565130	21.869001
14	#66ccff	#000000	#00000000	#00000000		53.498550	54.701983	11.544934	24.834252	11.544934	24.834252	14.390830	25.168007	16.102818	22.870265	16.102818	22.870265	16.102818	22.870265	16.102818	22.870265	16.102818	22.870265	13.256922	22.536510	12.123013	19.905014	12.123013	19.905014	12.123013	19.905014	10.411026	22.202756	11.544934	24.834252
15	#A0A0A0	#000000	#00000000	#00000000		53.498550	54.701983	15.524740	27.799501	15.524740	27.799501	18.370636	28.133256	20.082624	25.835514	20.082624	25.835514	20.082624	25.835514	20.082624	25.835514	20.082624	25.835514	17.236727	25.501759	16.102818	22.870265	16.102818	22.870265	16.102818	22.870265	14.390830	25.168007	15.524740	27.799501
16	#A0A0A0	#000000	#00000000	#00000000		53.498550	54.701983	20.082624	25.835514	20.082624	25.835514	21.794611	23.537772	20.660702	20.906276	20.660702	20.906276	20.660702	20.906276	20.660702	20.906276	20.660702	20.906276	18.948715	23.204018	16.102819	22.870263	16.102819	22.870263	16.102819	22.870263	17.236727	25.501759	20.082624	25.835514
17	#66ccff	#000000	#00000000	#00000000		53.498550	54.701983	20.660702	20.906276	20.660702	20.906276	21.794611	23.537772	24.640507	23.871527	24.640507	23.871527	24.640507	23.871527	24.640507	23.871527	24.640507	23.871527	23.506599	21.240031	25.218586	18.942289	25.218586	18.942289	25.218586	18.942289	22.372690	18.608534	20.660702	20.906276
18	#ffffff	#000000	#00000000	#00000000		53.498550	54.701983	20.082624	25.835514	20.082624	25.835514	21.216532	28.467011	24.062428	28.800766	24.062428	28.800766	24.062428	28.800766	24.062428	28.800766	24.062428	28.800766	22.928520	26.169269	24.640507	23.871527	24.640507	23.871527	24.640507	23.871527	21.794611	23.537772	20.082624	25.835514
19	#ffffff	#000000	#00000000	#00000000		53.498550	54.701983	24.062428	28.800766	24.062428	28.800766	26.908324	29.134520	28.620312	26.836779	28.620312	26.836779	28.620312	26.836779	28.620312	26.836779	28.620312	26.836779	25.774416	26.503024	24.640507	23.871527	24.640507	23.871527	24.640507	23.871527	22.928520	26.169269	24.062428	28.800766
20	#66ccff	#000000	#00000000	#00000000		53.498550	54.701983	28.620312	26.836779	28.620312	26.836779	26.908324	29.134520	28.042234	31.766014	28.042234	31.766014	28.042234	31.766014	28.042234	31.766014	28.042234	31.766014	29.754221	29.468273	32.600117	29.802028	32.600117	29.802028	32.600117	29.802028	31.466208	27.170534	28.620312	26.836779
21	#66ccff	#000000	#00000000	#00000000		53.498550	54.701983	28.620312	26.836779	28.620312	26.836779	30.332299	24.539037	29.198391	21.907540	29.198391	21.907540	29.198391	21.907540	29.198391	21.907540	29.198391	21.907540	27.486403	24.205282	24.640507	23.871527	24.640507	23.871527	24.640507	23.871527	25.774416	26.503024	28.620312	26.836779
22	#A0A0A0	#000000	#00000000	#00000000		53.498550	54.701983	33.178195	24.872792	33.178195	24.872792	30.332299	24.539037	28.620312	26.836779	28.620312	26.836779	28.620312	26.836779	28.620312	26.836779	28.620312	26.836779	31.466208	27.170534	32.600116	29.802030	32.600116	29.802030	32.600116	29.802030	34.312104	27.504288	33.178195	24.872792
23	#66ccff	#000000	#00000000	#00000000		53.498550	54.701983	28.042234	31.766014	28.042234	31.766014	26.908324	29.134520	24.062427	28.800768	24.062427	28.800768	24.062427	28.800768	24.062427	28.800768	24.062427	28.800768	25.196337	31.432262	23.484349	33.730004	23.484349	33.730004	23.484349	33.730004	26.330246	34.063756	28.042234	31.766014
24	#006699	#000000	#00000000	#00000000		53.498550	54.701983	23.484349	33.730004	23.484349	33.730004	20.638453	33.396249	19.504544	30.764755	19.504544	30.764755	19.504544	30.764755	19.504544	30.764755	19.504544	30.764755	22.350440	31.098510	24.062427	28.800768	24.062427	28.800768	24.062427	28.800768	25.196337	31.432262	23.484349	33.730004
25	#66ccff	#000000	#00000000	#00000000		53.498550	54.701983	19.504545	30.764752	19.504545	30.764752	22.350441	31.098507	24.062428	28.800766	24.062428	28.800766	24.062428	28.800766	24.062428	28.800766	24.062428	28.800766	21.216532	28.467011	20.082624	25.835514	20.082624	25.835514	20.082624	25.835514	18.370636	28.133256	19.504545	30.764752
26	#A0A0A0	#000000	#00000000	#00000000		53.498550	54.701983	15.524740	27.799501	15.524740	27.799501	13.812753	30.097243	14.946661	32.728739	14.946661	32.728739	14.946661	32.728739	14.946661	32.728739	14.946661	32.728739	16.658649	30.430998	19.504545	30.764752	19.504545	30.764752	19.504545	30.764752	18.370636	28.133256	15.524740	27.799501
27	#A0A0A0	#000000	#00000000	#00000000		53.498550	54.701983	15.524740	27.799501	15.524740	27.799501	14.390831	25.168004	11.544935	24.834250	11.544935	24.834250	11.544935	24.834250	11.544935	24.834250	11.544935	24.834250	12.678844	27.465746	10.966856	29.763488	10.966856	29.763488	10.966856	29.763488	13.812753	30.097243	15.524740	27.799501
28	#66ccff	#000000	#00000000	#00000000		53.498550	54.701983	10.966856	29.763488	10.966856	29.763488	9.254869	32.061230	10.388778	34.692726	10.388778	34.692726	10.388778	34.692726	10.388778	34.692726	10.388778	34.692726	12.100765	32.394984	14.946661	32.728739	14.946661	32.728739	14.946661	32.728739	13.812753	30.097243	10.966856	29.763488
29	#006699	#000000	#00000000	#00000000		53.498550	54.701983	6.408973	31.727475	6.408973	31.727475	8.120960	29.429733	10.966856	29.763488	10.966856	29.763488	10.966856	29.763488	10.966856	29.763488	10.966856	29.763488	9.254869	32.061230	10.388778	34.692726	10.388778	34.692726	10.388778	34.692726	7.542881	34.358971	6.408973	31.727475
30	#A0A0A0	#000000	#00000000	#00000000		53.498550	54.701983	11.544934	24.834252	11.544934	24.834252	8.699038	24.500497	6.987051	26.798239	6.987051	26.798239	6.987051	26.798239	6.987051	26.798239	6.987051	26.798239	9.832947	27.131994	10.966856	29.763488	10.966856	29.763488	10.966856	29.763488	12.678844	27.465746	11.544934	24.834252
31	#66ccff	#000000	#00000000	#00000000		53.498550	54.701983	6.987051	26.798239	6.987051	26.798239	8.699038	24.500497	7.565129	21.869003	7.565129	21.869003	7.565129	21.869003	7.565129	21.869003	7.565129	21.869003	5.853141	24.166745	3.007245	23.832990	3.007245	23.832990	3.007245	23.832990	4.141155	26.464484	6.987051	26.798239
32	#66ccff	#000000	#00000000	#00000000		53.498550	54.701983	6.987050	26.798242	6.987050	26.798242	5.275062	29.095983	6.408972	31.727477	6.408972	31.727477	6.408972	31.727477	6.408972	31.727477	6.408972	31.727477	8.120959	29.429736	10.966856	29.763488	10.966856	29.763488	10.966856	29.763488	9.832947	27.131994	6.987050	26.798242
33	#A0A0A0	#000000	#00000000	#00000000		53.498550	54.701983	2.429167	28.762226	2.429167	28.762226	5.275063	29.095981	6.987051	26.798239	6.987051	26.798239	6.987051	26.798239	6.987051	26.798239	6.987051	26.798239	4.141155	26.464484	3.007245	23.832990	3.007245	23.832990	3.007245	23.832990	1.295257	26.130732	2.429167	28.762226
34	#ffffff	#000000	#00000000	#00000000		53.498550	54.701983	2.429165	28.762231	2.429165	28.762231	0.717177	31.059973	1.851087	33.691467	1.851087	33.691467	1.851087	33.691467	1.851087	33.691467	1.851087	33.691467	3.563075	31.393725	6.408972	31.727477	6.408972	31.727477	6.408972	31.727477	5.275062	29.095983	2.429165	28.762231
35	#66ccff	#000000	#00000000	#00000000		53.498550	54.701983	-2.128720	30.726221	-2.128720	30.726221	-0.994810	33.357715	1.851087	33.691467	1.851087	33.691467	1.851087	33.691467	1.851087	33.691467	1.851087	33.691467	0.717177	31.059973	2.429165	28.762231	2.429165	28.762231	2.429165	28.762231	-0.416732	28.428479	-2.128720	30.726221
36	#006699	#000000	#00000000	#00000000		53.498550	54.701983	-2.706795	35.655457	-2.706795	35.655457	-3.840705	33.023964	-2.128720	30.726221	-2.128720	30.726221	-2.128720	30.726221	-2.128720	30.726221	-2.128720	30.726221	-0.994810	33.357715	1.851087	33.691467	1.851087	33.691467	1.851087	33.691467	0.139102	35.989210	-2.706795	35.655457
37	#66ccff	#000000	#00000000	#00000000		53.498550	54.701983	1.273009	38.620703	1.273009	38.620703	2.984997	36.322961	1.851087	33.691467	1.851087	33.691467	1.851087	33.691467	1.851087	33.691467	1.851087	33.691467	0.139100	35.989209	-2.706798	35.655456	-2.706798	35.655456	-2.706798	35.655456	-1.572888	38.286950	1.273009	38.620703
38	#A0A0A0	#000000	#00000000	#00000000		53.498550	54.701983	-1.550642	25.796985	-1.550642	25.796985	-0.416732	28.428479	2.429165	28.762231	2.429165	28.762231	2.429165	28.762231	2.429165	28.762231	2.429165	28.762231	1.295255	26.130737	3.007240	23.832994	3.007240	23.832994	3.007240	23.832994	0.161343	23.499242	-1.550642	25.796985
39	#66ccff	#000000	#00000000	#00000000		53.498550	54.701983	-0.972567	20.867748	-0.972567	20.867748	0.161343	23.499242	3.007240	23.832994	3.007240	23.832994	3.007240	23.832994	3.007240	23.832994	3.007240	23.832994	1.873330	21.201500	3.585315	18.903758	3.585315	18.903758	3.585315	18.903758	0.739418	18.570005	-0.972567	20.867748
40	#006699	#000000	#00000000	#00000000		53.498550	54.701983	3.007240	23.832994	3.007240	23.832994	1.873330	21.201500	3.585315	18.903758	3.585315	18.903758	3.585315	18.903758	3.585315	18.903758	3.585315	18.903758	4.719225	21.535252	7.565120	21.869003	7.565120	21.869003	7.565120	21.869003	5.853135	24.166745	3.007240	23.832994
41	#A0A0A0	#000000	#00000000	#00000000		53.498550	54.701983	-0.394492	15.938511	-0.394492	15.938511	-2.106476	18.236254	-0.972567	20.867748	-0.972567	20.867748	-0.972567	20.867748	-0.972567	20.867748	-0.972567	20.867748	0.739418	18.570005	3.585315	18.903758	3.585315	18.903758	3.585315	18.903758	2.451406	16.272264	-0.394492	15.938511
42	#A0A0A0	#000000	#00000000	#00000000		53.498550	54.701983	4.163393	13.974522	4.163393	13.974522	1.317496	13.640770	-0.394492	15.938511	-0.394492	15.938511	-0.394492	15.938511	-0.394492	15.938511	-0.394492	15.938511	2.451406	16.272264	3.585315	18.903758	3.585315	18.903758	3.585315	18.903758	5.297303	16.606016	4.163393	13.974522
43	#66ccff	#000000	#00000000	#00000000		53.498550	54.701983	3.585315	18.903758	3.585315	18.903758	4.719225	21.535252	7.565121	21.869006	7.565121	21.869006	7.565121	21.869006	7.565121	21.869006	7.565121	21.869006	6.431211	19.237512	8.143199	16.939771	8.143199	16.939771	8.143199	16.939771	5.297303	16.606016	3.585315	18.903758
44	#A0A0A0	#000000	#00000000	#00000000		53.498550	54.701983	4.163394	13.974519	4.163394	13.974519	5.297303	16.606016	8.143199	16.939771	8.143199	16.939771	8.143199	16.939771	8.143199	16.939771	8.143199	16.939771	7.009290	14.308274	8.721278	12.010532	8.721278	12.010532	8.721278	12.010532	5.875382	11.676777	4.163394	13.974519
45	#A0A0A0	#000000	#00000000	#00000000		53.498550	54.701983	4.163394	13.974519	4.163394	13.974519	5.875382	11.676777	4.741472	9.045283	4.741472	9.045283	4.741472	9.045283	4.741472	9.045283	4.741472	9.045283	3.029485	11.343025	0.183589	11.009270	0.183589	11.009270	0.183589	11.009270	1.317498	13.640764	4.163394	13.974519
46	#66ccff	#000000	#00000000	#00000000		53.498550	54.701983	4.741472	9.045283	4.741472	9.045283	5.875382	11.676777	8.721279	12.010530	8.721279	12.010530	8.721279	12.010530	8.721279	12.010530	8.721279	12.010530	7.587369	9.379036	9.299357	7.081294	9.299357	7.081294	9.299357	7.081294	6.453460	6.747542	4.741472	9.045283
47	#66ccff	#000000	#00000000	#00000000		53.498550	54.701983	-0.394489	15.938506	-0.394489	15.938506	1.317498	13.640764	0.183589	11.009270	0.183589	11.009270	0.183589	11.009270	0.183589	11.009270	0.183589	11.009270	-1.528399	13.307012	-4.374296	12.973260	-4.374296	12.973260	-4.374296	12.973260	-3.240386	15.604754	-0.394489	15.938506
48	#A0A0A0	#000000	#00000000	#00000000		53.498550	54.701983	4.741472	9.045283	4.741472	9.045283	3.607564	6.413787	0.761667	6.080032	0.761667	6.080032	0.761667	6.080032	0.761667	6.080032	0.761667	6.080032	1.895576	8.711529	0.183589	11.009270	0.183589	11.009270	0.183589	11.009270	3.029485	11.343025	4.741472	9.045283
49	#A0A0A0	#000000	#00000000	#00000000		53.498550	54.701983	-3.218137	3.114781	-3.218137	3.114781	-2.084229	5.746277	0.761667	6.080032	0.761667	6.080032	0.761667	6.080032	0.761667	6.080032	0.761667	6.080032	-0.372241	3.448535	1.339746	1.150794	1.339746	1.150794	1.339746	1.150794	-1.506150	0.817039	-3.218137	3.114781
50	#66ccff	#000000	#00000000	#00000000		53.498550	54.701983	0.761667	6.080032	0.761667	6.080032	3.607564	6.413787	5.319551	4.116045	5.319551	4.116045	5.319551	4.116045	5.319551	4.116045	5.319551	4.116045	2.473655	3.782290	1.339746	1.150794	1.339746	1.150794	1.339746	1.150794	-0.372241	3.448535	0.761667	6.080032
51	#ffffff	#000000	#00000000	#00000000		53.498550	54.701983	5.319551	4.116045	5.319551	4.116045	3.607564	6.413787	4.741473	9.045281	4.741473	9.045281	4.741473	9.045281	4.741473	9.045281	4.741473	9.045281	6.453461	6.747539	9.299357	7.081294	9.299357	7.081294	9.299357	7.081294	8.165447	4.449800	5.319551	4.116045
52	#ffffff	#000000	#00000000	#00000000		53.498550	54.701983	9.877435	2.152058	9.877435	2.152058	7.031539	1.818303	5.319551	4.116045	5.319551	4.116045	5.319551	4.116045	5.319551	4.116045	5.319551	4.116045	8.165447	4.449800	9.299356	7.081297	9.299356	7.081297	9.299356	7.081297	11.011343	4.783555	9.877435	2.152058
53	#006699	#000000	#00000000	#00000000		53.498550	54.701983	8.721279	12.010530	8.721279	12.010530	7.587369	9.379036	9.299357	7.081294	9.299357	7.081294	9.299357	7.081294	9.299357	7.081294	9.299357	7.081294	10.433266	9.712788	13.279162	10.046543	13.279162	10.046543	13.279162	10.046543	11.567175	12.344285	8.721279	12.010530
54	#66ccff	#000000	#00000000	#00000000		53.498550	54.701983	9.299356	7.081297	9.299356	7.081297	10.433264	9.712793	13.279160	10.046548	13.279160	10.046548	13.279160	10.046548	13.279160	10.046548	13.279160	10.046548	12.145252	7.415052	13.857239	5.117310	13.857239	5.117310	13.857239	5.117310	11.011343	4.783555	9.299356	7.081297
55	#66ccff	#000000	#00000000	#00000000		53.498550	54.701983	9.877435	2.152058	9.877435	2.152058	11.011343	4.783555	13.857239	5.117310	13.857239	5.117310	13.857239	5.117310	13.857239	5.117310	13.857239	5.117310	12.723331	2.485813	14.435318	0.188071	14.435318	0.188071	14.435318	0.188071	11.589422	-0.145683	9.877435	2.152058
56	#006699	#000000	#00000000	#00000000		53.498550	54.701983	13.857239	5.117310	13.857239	5.117310	12.723331	2.485813	14.435318	0.188071	14.435318	0.188071	14.435318	0.188071	14.435318	0.188071	14.435318	0.188071	15.569227	2.819568	18.415123	3.153323	18.415123	3.153323	18.415123	3.153323	16.703135	5.451065	13.857239	5.117310
57	#ffffff	#000000	#00000000	#00000000		53.498550	54.701983	13.279160	10.046548	13.279160	10.046548	16.125056	10.380303	17.837044	8.082561	17.837044	8.082561	17.837044	8.082561	17.837044	8.082561	17.837044	8.082561	14.991148	7.748806	13.857239	5.117310	13.857239	5.117310	13.857239	5.117310	12.145252	7.415052	13.279160	10.046548
58	#66ccff	#000000	#00000000	#00000000		53.498550	54.701983	17.837044	8.082561	17.837044	8.082561	19.549031	5.784820	18.415123	3.153323	18.415123	3.153323	18.415123	3.153323	18.415123	3.153323	18.415123	3.153323	16.703135	5.451065	13.857239	5.117310	13.857239	5.117310	13.857239	5.117310	14.991148	7.748806	17.837044	8.082561
59	#66ccff	#000000	#00000000	#00000000		53.498550	54.701983	22.394927	6.118574	22.394927	6.118574	19.549031	5.784820	17.837044	8.082561	17.837044	8.082561	17.837044	8.082561	17.837044	8.082561	17.837044	8.082561	20.682940	8.416316	21.816850	11.047810	21.816850	11.047810	21.816850	11.047810	23.528837	8.750068	22.394927	6.118574
60	#ffffff	#000000	#00000000	#00000000		53.498550	54.701983	18.415123	3.153323	18.415123	3.153323	19.549031	5.784820	22.394927	6.118574	22.394927	6.118574	22.394927	6.118574	22.394927	6.118574	22.394927	6.118574	21.261019	3.487078	22.973006	1.189336	22.973006	1.189336	22.973006	1.189336	20.127110	0.855581	18.415123	3.153323
61	#66ccff	#000000	#00000000	#00000000		53.498550	54.701983	22.394928	6.118572	22.394928	6.118572	25.240825	6.452327	26.952812	4.154585	26.952812	4.154585	26.952812	4.154585	26.952812	4.154585	26.952812	4.154585	24.106916	3.820830	22.973006	1.189336	22.973006	1.189336	22.973006	1.189336	21.261019	3.487078	22.394928	6.118572
62	#ffffff	#000000	#00000000	#00000000		53.498550	54.701983	18.993201	-1.775913	18.993201	-1.775913	17.281213	0.521829	18.415123	3.153323	18.415123	3.153323	18.415123	3.153323	18.415123	3.153323	18.415123	3.153323	20.127110	0.855581	22.973006	1.189336	22.973006	1.189336	22.973006	1.189336	21.839097	-1.442158	18.993201	-1.775913
63	#006699	#000000	#00000000	#00000000		53.498550	54.701983	26.952813	4.154582	26.952813	4.154582	24.106916	3.820830	22.973006	1.189336	22.973006	1.189336	22.973006	1.189336	22.973006	1.189336	22.973006	1.189336	25.818903	1.523088	27.530891	-0.774653	27.530891	-0.774653	27.530891	-0.774653	28.664801	1.856840	26.952813	4.154582
64	#A0A0A0	#000000	#00000000	#00000000		53.498550	54.701983	26.374735	9.083818	26.374735	9.083818	25.240826	6.452324	22.394928	6.118572	22.394928	6.118572	22.394928	6.118572	22.394928	6.118572	22.394928	6.118572	23.528838	8.750066	21.816851	11.047807	21.816851	11.047807	21.816851	11.047807	24.662748	11.381560	26.374735	9.083818
65	#A0A0A0	#000000	#00000000	#00000000		53.498550	54.701983	25.796657	14.013054	25.796657	14.013054	27.508645	11.715312	26.374735	9.083818	26.374735	9.083818	26.374735	9.083818	26.374735	9.083818	26.374735	9.083818	24.662748	11.381560	21.816852	11.047805	21.816852	11.047805	21.816852	11.047805	22.950761	13.679299	25.796657	14.013054
66	#A0A0A0	#000000	#00000000	#00000000		53.498550	54.701983	25.796657	14.013054	25.796657	14.013054	26.930566	16.644550	29.776462	16.978305	29.776462	16.978305	29.776462	16.978305	29.776462	16.978305	29.776462	16.978305	28.642554	14.346809	30.354541	12.049067	30.354541	12.049067	30.354541	12.049067	27.508645	11.715312	25.796657	14.013054
67	#66ccff	#000000	#00000000	#00000000		53.498550	54.701983	25.218579	18.942292	25.218579	18.942292	26.352487	21.573789	29.198383	21.907543	29.198383	21.907543	29.198383	21.907543	29.198383	21.907543	29.198383	21.907543	28.064475	19.276047	29.776462	16.978305	29.776462	16.978305	29.776462	16.978305	26.930566	16.644550	25.218579	18.942292
68	#006699	#000000	#00000000	#00000000		53.498550	54.701983	24.640500	23.871530	24.640500	23.871530	23.506591	21.240034	25.218579	18.942292	25.218579	18.942292	25.218579	18.942292	25.218579	18.942292	25.218579	18.942292	26.352487	21.573789	29.198383	21.907543	29.198383	21.907543	29.198383	21.907543	27.486396	24.205285	24.640500	23.871530
69	#ffffff	#000000	#00000000	#00000000		53.498550	54.701983	29.198391	21.907540	29.198391	21.907540	30.332299	24.539037	33.178195	24.872792	33.178195	24.872792	33.178195	24.872792	33.178195	24.872792	33.178195	24.872792	32.044287	22.241295	33.756274	19.943554	33.756274	19.943554	33.756274	19.943554	30.910378	19.609799	29.198391	21.907540
70	#ffffff	#000000	#00000000	#00000000		53.498550	54.701983	29.776468	16.978305	29.776468	16.978305	28.064481	19.276046	29.198391	21.907540	29.198391	21.907540	29.198391	21.907540	29.198391	21.907540	29.198391	21.907540	30.910378	19.609799	33.756274	19.943554	33.756274	19.943554	33.756274	19.943554	32.622365	17.312060	29.776468	16.978305
71	#A0A0A0	#000000	#00000000	#00000000		53.498550	54.701983	29.776468	16.978305	29.776468	16.978305	32.622365	17.312060	34.334352	15.014318	34.334352	15.014318	34.334352	15.014318	34.334352	15.014318	34.334352	15.014318	31.488456	14.680563	30.354547	12.049066	30.354547	12.049066	30.354547	12.049066	28.642560	14.346808	29.776468	16.978305
72	#006699	#000000	#00000000	#00000000		53.498550	54.701983	34.912431	10.085079	34.912431	10.085079	33.200443	12.382821	30.354547	12.049066	30.354547	12.049066	30.354547	12.049066	30.354547	12.049066	30.354547	12.049066	32.066535	9.751325	30.932626	7.119828	30.932626	7.119828	30.932626	7.119828	33.778522	7.453583	34.912431	10.085079
73	#66ccff	#000000	#00000000	#00000000		53.498550	54.701983	30.354547	12.049066	30.354547	12.049066	32.066535	9.751325	30.932625	7.119831	30.932625	7.119831	30.932625	7.119831	30.932625	7.119831	30.932625	7.119831	29.220638	9.417572	26.374742	9.083818	26.374742	9.083818	26.374742	9.083818	27.508651	11.715311	30.354547	12.049066
74	#ffffff	#000000	#00000000	#00000000		53.498550	54.701983	26.374742	9.083818	26.374742	9.083818	29.220638	9.417572	30.932625	7.119831	30.932625	7.119831	30.932625	7.119831	30.932625	7.119831	30.932625	7.119831	28.086729	6.786076	26.952821	4.154579	26.952821	4.154579	26.952821	4.154579	25.240833	6.452321	26.374742	9.083818
75	#ffffff	#000000	#00000000	#00000000		53.498550	54.701983	30.932625	7.119831	30.932625	7.119831	32.644613	4.822089	31.510704	2.190592	31.510704	2.190592	31.510704	2.190592	31.510704	2.190592	31.510704	2.190592	29.798717	4.488334	26.952821	4.154579	26.952821	4.154579	26.952821	4.154579	28.086729	6.786076	30.932625	7.119831
76	#66ccff	#000000	#00000000	#00000000		53.498550	54.701983	31.510704	2.190592	31.510704	2.190592	30.376796	-0.440904	27.530900	-0.774659	27.530900	-0.774659	27.530900	-0.774659	27.530900	-0.774659	27.530900	-0.774659	28.664808	1.856837	26.952821	4.154579	26.952821	4.154579	26.952821	4.154579	29.798717	4.488334	31.510704	2.190592
77	#A0A0A0	#000000	#00000000	#00000000		53.498550	54.701983	32.088783	-2.738646	32.088783	-2.738646	30.376796	-0.440904	31.510704	2.190592	31.510704	2.190592	31.510704	2.190592	31.510704	2.190592	31.510704	2.190592	33.222692	-0.107149	36.068588	0.226605	36.068588	0.226605	36.068588	0.226605	34.934679	-2.404891	32.088783	-2.738646
78	#66ccff	#000000	#00000000	#00000000		53.498550	54.701983	31.510704	2.190592	31.510704	2.190592	32.644613	4.822089	35.490509	5.155844	35.490509	5.155844	35.490509	5.155844	35.490509	5.155844	35.490509	5.155844	34.356600	2.524347	36.068588	0.226605	36.068588	0.226605	36.068588	0.226605	33.222692	-0.107149	31.510704	2.190592
79	#006699	#000000	#00000000	#00000000		53.498550	54.701983	36.068588	0.226605	36.068588	0.226605	38.914484	0.560360	40.048393	3.191854	40.048393	3.191854	40.048393	3.191854	40.048393	3.191854	40.048393	3.191854	37.202497	2.858099	35.490510	5.155841	35.490510	5.155841	35.490510	5.155841	34.356600	2.524347	36.068588	0.226605
80	#66ccff	#000000	#00000000	#00000000		53.498550	54.701983	35.490509	5.155844	35.490509	5.155844	32.644613	4.822089	30.932625	7.119831	30.932625	7.119831	30.932625	7.119831	30.932625	7.119831	30.932625	7.119831	33.778521	7.453586	34.912431	10.085079	34.912431	10.085079	34.912431	10.085079	36.624418	7.787338	35.490509	5.155844
81	#ffffff	#000000	#00000000	#00000000		53.498550	54.701983	39.470316	8.121090	39.470316	8.121090	38.336406	5.489596	35.490509	5.155844	35.490509	5.155844	35.490509	5.155844	35.490509	5.155844	35.490509	5.155844	36.624418	7.787338	34.912431	10.085079	34.912431	10.085079	34.912431	10.085079	37.758328	10.418832	39.470316	8.121090
82	#66ccff	#000000	#00000000	#00000000		53.498550	54.701983	40.048391	3.191853	40.048391	3.191853	37.202494	2.858101	35.490509	5.155844	35.490509	5.155844	35.490509	5.155844	35.490509	5.155844	35.490509	5.155844	38.336406	5.489596	39.470316	8.121090	39.470316	8.121090	39.470316	8.121090	41.182300	5.823347	40.048391	3.191853
83	#ffffff	#000000	#00000000	#00000000		53.498550	54.701983	44.028198	6.157099	44.028198	6.157099	45.740185	3.859358	44.606275	1.227864	44.606275	1.227864	44.606275	1.227864	44.606275	1.227864	44.606275	1.227864	42.894288	3.525605	40.048391	3.191853	40.048391	3.191853	40.048391	3.191853	41.182300	5.823347	44.028198	6.157099
84	#66ccff	#000000	#00000000	#00000000		53.498550	54.701983	44.028198	6.157099	44.028198	6.157099	41.182300	5.823347	39.470316	8.121090	39.470316	8.121090	39.470316	8.121090	39.470316	8.121090	39.470316	8.121090	42.316213	8.454842	43.450122	11.086336	43.450122	11.086336	43.450122	11.086336	45.162107	8.788593	44.028198	6.157099
85	#006699	#000000	#00000000	#00000000		53.498550	54.701983	43.450122	11.086336	43.450122	11.086336	41.738135	13.384078	38.892238	13.050326	38.892238	13.050326	38.892238	13.050326	38.892238	13.050326	38.892238	13.050326	40.604225	10.752584	39.470316	8.121090	39.470316	8.121090	39.470316	8.121090	42.316213	8.454842	43.450122	11.086336
86	#66ccff	#000000	#00000000	#00000000		53.498550	54.701983	38.892238	13.050326	38.892238	13.050326	40.604223	10.752583	39.470313	8.121089	39.470313	8.121089	39.470313	8.121089	39.470313	8.121089	39.470313	8.121089	37.758328	10.418832	34.912431	10.085079	34.912431	10.085079	34.912431	10.085079	36.046341	12.716573	38.892238	13.050326
87	#66ccff	#000000	#00000000	#00000000		53.498550	54.701983	34.334353	15.014315	34.334353	15.014315	36.046341	12.716573	34.912431	10.085079	34.912431	10.085079	34.912431	10.085079	34.912431	10.085079	34.912431	10.085079	33.200443	12.382821	30.354546	12.049069	30.354546	12.049069	30.354546	12.049069	31.488456	14.680563	34.334353	15.014315
88	#ffffff	#000000	#00000000	#00000000		53.498550	54.701983	34.334356	15.014316	34.334356	15.014316	35.468265	17.645810	38.314163	17.979562	38.314163	17.979562	38.314163	17.979562	38.314163	17.979562	38.314163	17.979562	37.180253	15.348069	38.892238	13.050326	38.892238	13.050326	38.892238	13.050326	36.046341	12.716573	34.334356	15.014316
89	#66ccff	#000000	#00000000	#00000000		53.498550	54.701983	33.756281	19.943553	33.756281	19.943553	36.602178	20.277305	38.314163	17.979562	38.314163	17.979562	38.314163	17.979562	38.314163	17.979562	38.314163	17.979562	35.468265	17.645810	34.334356	15.014316	34.334356	15.014316	34.334356	15.014316	32.622371	17.312059	33.756281	19.943553
90	#006699	#000000	#00000000	#00000000		53.498550	54.701983	37.736087	22.908799	37.736087	22.908799	34.890193	22.575048	33.756283	19.943554	33.756283	19.943554	33.756283	19.943554	33.756283	19.943554	33.756283	19.943554	36.602178	20.277305	38.314163	17.979562	38.314163	17.979562	38.314163	17.979562	39.448072	20.611056	37.736087	22.908799
91	#66ccff	#000000	#00000000	#00000000		53.498550	54.701983	33.178196	24.872789	33.178196	24.872789	36.024092	25.206544	37.736080	22.908802	37.736080	22.908802	37.736080	22.908802	37.736080	22.908802	37.736080	22.908802	34.890184	22.575048	33.756274	19.943554	33.756274	19.943554	33.756274	19.943554	32.044287	22.241295	33.178196	24.872789
92	#A0A0A0	#000000	#00000000	#00000000		53.498550	54.701983	37.158001	27.838041	37.158001	27.838041	36.024092	25.206544	33.178196	24.872789	33.178196	24.872789	33.178196	24.872789	33.178196	24.872789	33.178196	24.872789	34.312105	27.504286	32.600117	29.802028	32.600117	29.802028	32.600117	29.802028	35.446014	30.135782	37.158001	27.838041
93	#66ccff	#000000	#00000000	#00000000		53.498550	54.701983	36.579922	32.767279	36.579922	32.767279	35.446014	30.135782	32.600117	29.802028	32.600117	29.802028	32.600117	29.802028	32.600117	29.802028	32.600117	29.802028	33.734026	32.433524	32.022039	34.731266	32.022039	34.731266	32.022039	34.731266	34.867935	35.065021	36.579922	32.767279
94	#006699	#000000	#00000000	#00000000		53.498550	54.701983	32.600116	29.802030	32.600116	29.802030	33.734026	32.433524	32.022039	34.731266	32.022039	34.731266	32.022039	34.731266	32.022039	34.731266	32.022039	34.731266	30.888129	32.099772	28.042233	31.766017	28.042233	31.766017	28.042233	31.766017	29.754220	29.468275	32.600116	29.802030
95	#ffffff	#000000	#00000000	#00000000		53.498550	54.701983	36.001843	37.696517	36.001843	37.696517	37.713831	35.398776	36.579922	32.767279	36.579922	32.767279	36.579922	32.767279	36.579922	32.767279	36.579922	32.767279	34.867935	35.065021	32.022039	34.731266	32.022039	34.731266	32.022039	34.731266	33.155947	37.362763	36.001843	37.696517
96	#A0A0A0	#000000	#00000000	#00000000		53.498550	54.701983	37.158001	27.838041	37.158001	27.838041	35.446014	30.135782	36.579922	32.767279	36.579922	32.767279	36.579922	32.767279	36.579922	32.767279	36.579922	32.767279	38.291910	30.469537	41.137806	30.803292	41.137806	30.803292	41.137806	30.803292	40.003897	28.171796	37.158001	27.838041
97	#A0A0A0	#000000	#00000000	#00000000		53.498550	54.701983	37.158001	27.838041	37.158001	27.838041	40.003897	28.171796	41.715885	25.874054	41.715885	25.874054	41.715885	25.874054	41.715885	25.874054	41.715885	25.874054	38.869989	25.540299	37.736080	22.908802	37.736080	22.908802	37.736080	22.908802	36.024092	25.206544	37.158001	27.838041
98	#A0A0A0	#000000	#00000000	#00000000		53.498550	54.701983	41.715885	25.874054	41.715885	25.874054	43.427872	23.576312	42.293964	20.944816	42.293964	20.944816	42.293964	20.944816	42.293964	20.944816	42.293964	20.944816	40.581976	23.242557	37.736080	22.908802	37.736080	22.908802	37.736080	22.908802	38.869989	25.540299	41.715885	25.874054
99	#66ccff	#000000	#00000000	#00000000		53.498550	54.701983	42.293964	20.944816	42.293964	20.944816	41.160055	18.313319	38.314159	17.979564	38.314159	17.979564	38.314159	17.979564	38.314159	17.979564	38.314159	17.979564	39.448067	20.611061	37.736080	22.908802	37.736080	22.908802	37.736080	22.908802	40.581976	23.242557	42.293964	20.944816
100	#ffffff	#000000	#00000000	#00000000		53.498550	54.701983	38.314159	17.979564	38.314159	17.979564	41.160055	18.313319	42.872042	16.015577	42.872042	16.015577	42.872042	16.015577	42.872042	16.015577	42.872042	16.015577	40.026146	15.681822	38.892238	13.050326	38.892238	13.050326	38.892238	13.050326	37.180250	15.348067	38.314159	17.979564
101	#66ccff	#000000	#00000000	#00000000		53.498550	54.701983	42.872042	16.015577	42.872042	16.015577	44.584030	13.717835	43.450121	11.086339	43.450121	11.086339	43.450121	11.086339	43.450121	11.086339	43.450121	11.086339	41.738134	13.384081	38.892238	13.050326	38.892238	13.050326	38.892238	13.050326	40.026146	15.681822	42.872042	16.015577
102	#A0A0A0	#000000	#00000000	#00000000		53.498550	54.701983	48.008002	9.122344	48.008002	9.122344	46.874092	6.490850	44.028198	6.157099	44.028198	6.157099	44.028198	6.157099	44.028198	6.157099	44.028198	6.157099	45.162107	8.788593	43.450122	11.086336	43.450122	11.086336	43.450122	11.086336	46.296017	11.420087	48.008002	9.122344
103	#66ccff	#000000	#00000000	#00000000		53.498550	54.701983	48.586077	4.193108	48.586077	4.193108	47.452167	1.561614	44.606273	1.227863	44.606273	1.227863	44.606273	1.227863	44.606273	1.227863	44.606273	1.227863	45.740183	3.859357	44.028198	6.157099	44.028198	6.157099	44.028198	6.157099	46.874092	6.490850	48.586077	4.193108
104	#006699	#000000	#00000000	#00000000		53.498550	54.701983	49.164152	-0.736129	49.164152	-0.736129	50.298062	1.895365	48.586077	4.193108	48.586077	4.193108	48.586077	4.193108	48.586077	4.193108	48.586077	4.193108	47.452167	1.561614	44.606273	1.227863	44.606273	1.227863	44.606273	1.227863	46.318258	-1.069880	49.164152	-0.736129
105	#ffffff	#000000	#00000000	#00000000		53.498550	54.701983	48.008002	9.122344	48.008002	9.122344	50.853899	9.456097	52.565887	7.158355	52.565887	7.158355	52.565887	7.158355	52.565887	7.158355	52.565887	7.158355	49.719989	6.824603	48.586080	4.193109	48.586080	4.193109	48.586080	4.193109	46.874092	6.490850	48.008002	9.122344
106	#ffffff	#000000	#00000000	#00000000		53.498550	54.701983	52.565887	7.158355	52.565887	7.158355	54.277871	4.860612	53.143962	2.229118	53.143962	2.229118	53.143962	2.229118	53.143962	2.229118	53.143962	2.229118	51.431977	4.526861	48.586080	4.193109	48.586080	4.193109	48.586080	4.193109	49.719989	6.824603	52.565887	7.158355
107	#66ccff	#000000	#00000000	#00000000		53.498550	54.701983	51.987809	12.087591	51.987809	12.087591	53.699794	9.789848	52.565884	7.158354	52.565884	7.158354	52.565884	7.158354	52.565884	7.158354	52.565884	7.158354	50.853899	9.456097	48.008002	9.122344	48.008002	9.122344	48.008002	9.122344	49.141912	11.753838	51.987809	12.087591
108	#A0A0A0	#000000	#00000000	#00000000		53.498550	54.701983	47.429924	14.051580	47.429924	14.051580	49.141912	11.753838	48.008002	9.122344	48.008002	9.122344	48.008002	9.122344	48.008002	9.122344	48.008002	9.122344	46.296014	11.420086	43.450117	11.086334	43.450117	11.086334	43.450117	11.086334	44.584027	13.717828	47.429924	14.051580
109	#006699	#000000	#00000000	#00000000		53.498550	54.701983	56.545691	10.123600	56.545691	10.123600	54.833703	12.421342	51.987806	12.087590	51.987806	12.087590	51.987806	12.087590	51.987806	12.087590	51.987806	12.087590	53.699794	9.789848	52.565884	7.158354	52.565884	7.158354	52.565884	7.158354	55.411781	7.492106	56.545691	10.123600
110	#66ccff	#000000	#00000000	#00000000		53.498550	54.701983	57.123766	5.194363	57.123766	5.194363	54.277869	4.860611	52.565884	7.158354	52.565884	7.158354	52.565884	7.158354	52.565884	7.158354	52.565884	7.158354	55.411781	7.492106	56.545691	10.123600	56.545691	10.123600	56.545691	10.123600	58.257676	7.825857	57.123766	5.194363
111	#A0A0A0	#000000	#00000000	#00000000		53.498550	54.701983	47.429924	14.051580	47.429924	14.051580	48.563834	16.683074	51.409730	17.016829	51.409730	17.016829	51.409730	17.016829	51.409730	17.016829	51.409730	17.016829	50.275820	14.385335	51.987808	12.087593	51.987808	12.087593	51.987808	12.087593	49.141912	11.753838	47.429924	14.051580
112	#A0A0A0	#000000	#00000000	#00000000		53.498550	54.701983	47.429924	14.051580	47.429924	14.051580	44.584027	13.717828	42.872039	16.015570	42.872039	16.015570	42.872039	16.015570	42.872039	16.015570	42.872039	16.015570	45.717937	16.349322	46.851846	18.980816	46.851846	18.980816	46.851846	18.980816	48.563834	16.683074	47.429924	14.051580
113	#A0A0A0	#000000	#00000000	#00000000		53.498550	54.701983	42.872039	16.015570	42.872039	16.015570	41.160055	18.313313	42.293964	20.944806	42.293964	20.944806	42.293964	20.944806	42.293964	20.944806	42.293964	20.944806	44.005949	18.647064	46.851846	18.980816	46.851846	18.980816	46.851846	18.980816	45.717937	16.349322	42.872039	16.015570
114	#66ccff	#000000	#00000000	#00000000		53.498550	54.701983	51.409730	17.016829	51.409730	17.016829	48.563834	16.683074	46.851846	18.980816	46.851846	18.980816	46.851846	18.980816	46.851846	18.980816	46.851846	18.980816	49.697742	19.314571	50.831652	21.946065	50.831652	21.946065	50.831652	21.946065	52.543639	19.648323	51.409730	17.016829
115	#A0A0A0	#000000	#00000000	#00000000		53.498550	54.701983	55.389534	19.982080	55.389534	19.982080	54.255626	17.350584	51.409730	17.016829	51.409730	17.016829	51.409730	17.016829	51.409730	17.016829	51.409730	17.016829	52.543638	19.648326	50.831651	21.946067	50.831651	21.946067	50.831651	21.946067	53.677547	22.279822	55.389534	19.982080
116	#A0A0A0	#000000	#00000000	#00000000		53.498550	54.701983	51.409730	17.016829	51.409730	17.016829	54.255627	17.350581	55.967614	15.052839	55.967614	15.052839	55.967614	15.052839	55.967614	15.052839	55.967614	15.052839	53.121717	14.719087	51.987808	12.087593	51.987808	12.087593	51.987808	12.087593	50.275820	14.385335	51.409730	17.016829
117	#006699	#000000	#00000000	#00000000		53.498550	54.701983	46.851846	18.980816	46.851846	18.980816	49.697742	19.314571	50.831651	21.946067	50.831651	21.946067	50.831651	21.946067	50.831651	21.946067	50.831651	21.946067	47.985755	21.612312	46.273767	23.910054	46.273767	23.910054	46.273767	23.910054	45.139859	21.278558	46.851846	18.980816
118	#66ccff	#000000	#00000000	#00000000		53.498550	54.701983	42.293964	20.944806	42.293964	20.944806	43.427874	23.576300	46.273771	23.910053	46.273771	23.910053	46.273771	23.910053	46.273771	23.910053	46.273771	23.910053	45.139861	21.278559	46.851846	18.980816	46.851846	18.980816	46.851846	18.980816	44.005949	18.647064	42.293964	20.944806
119	#66ccff	#000000	#00000000	#00000000		53.498550	54.701983	50.831651	21.946067	50.831651	21.946067	47.985755	21.612312	46.273767	23.910054	46.273767	23.910054	46.273767	23.910054	46.273767	23.910054	46.273767	23.910054	49.119663	24.243809	50.253572	26.875306	50.253572	26.875306	50.253572	26.875306	51.965559	24.577564	50.831651	21.946067
120	#A0A0A0	#000000	#00000000	#00000000		53.498550	54.701983	54.811455	24.911319	54.811455	24.911319	56.523443	22.613577	55.389534	19.982080	55.389534	19.982080	55.389534	19.982080	55.389534	19.982080	55.389534	19.982080	53.677547	22.279822	50.831651	21.946067	50.831651	21.946067	50.831651	21.946067	51.965559	24.577564	54.811455	24.911319
121	#A0A0A0	#000000	#00000000	#00000000		53.498550	54.701983	54.811455	24.911319	54.811455	24.911319	51.965559	24.577564	50.253572	26.875306	50.253572	26.875306	50.253572	26.875306	50.253572	26.875306	50.253572	26.875306	53.099468	27.209061	54.233378	29.840555	54.233378	29.840555	54.233378	29.840555	55.945365	27.542813	54.811455	24.911319
122	#A0A0A0	#000000	#00000000	#00000000		53.498550	54.701983	50.253571	26.875308	50.253571	26.875308	48.541583	29.173050	49.675493	31.804544	49.675493	31.804544	49.675493	31.804544	49.675493	31.804544	49.675493	31.804544	51.387480	29.506802	54.233378	29.840555	54.233378	29.840555	54.233378	29.840555	53.099468	27.209061	50.253571	26.875308
123	#ffffff	#000000	#00000000	#00000000		53.498550	54.701983	50.253571	26.875308	50.253571	26.875308	49.119661	24.243814	46.273765	23.910059	46.273765	23.910059	46.273765	23.910059	46.273765	23.910059	46.273765	23.910059	47.407675	26.541553	45.695687	28.839295	45.695687	28.839295	45.695687	28.839295	48.541583	29.173050	50.253571	26.875308
124	#ffffff	#000000	#00000000	#00000000		53.498550	54.701983	46.273765	23.910059	46.273765	23.910059	43.427868	23.576307	41.715880	25.874049	41.715880	25.874049	41.715880	25.874049	41.715880	25.874049	41.715880	25.874049	44.561778	26.207801	45.695687	28.839295	45.695687	28.839295	45.695687	28.839295	47.407675	26.541553	46.273765	23.910059
125	#66ccff	#000000	#00000000	#00000000		53.498550	54.701983	41.715880	25.874049	41.715880	25.874049	40.003896	28.171792	41.137805	30.803286	41.137805	30.803286	41.137805	30.803286	41.137805	30.803286	41.137805	30.803286	42.849790	28.505543	45.695687	28.839295	45.695687	28.839295	45.695687	28.839295	44.561778	26.207801	41.715880	25.874049
126	#66ccff	#000000	#00000000	#00000000		53.498550	54.701983	45.695687	28.839295	45.695687	28.839295	43.983700	31.137037	45.117608	33.768534	45.117608	33.768534	45.117608	33.768534	45.117608	33.768534	45.117608	33.768534	46.829596	31.470792	49.675492	31.804547	49.675492	31.804547	49.675492	31.804547	48.541583	29.173050	45.695687	28.839295
127	#006699	#000000	#00000000	#00000000		53.498550	54.701983	41.137804	30.803282	41.137804	30.803282	42.849791	28.505540	45.695687	28.839295	45.695687	28.839295	45.695687	28.839295	45.695687	28.839295	45.695687	28.839295	43.983700	31.137037	45.117608	33.768534	45.117608	33.768534	45.117608	33.768534	42.271712	33.434779	41.137804	30.803282
128	#66ccff	#000000	#00000000	#00000000		53.498550	54.701983	40.559725	35.732520	40.559725	35.732520	43.405621	36.066275	45.117608	33.768534	45.117608	33.768534	45.117608	33.768534	45.117608	33.768534	45.117608	33.768534	42.271712	33.434779	41.137804	30.803282	41.137804	30.803282	41.137804	30.803282	39.425816	33.101024	40.559725	35.732520
129	#A0A0A0	#000000	#00000000	#00000000		53.498550	54.701983	36.579920	32.767269	36.579920	32.767269	37.713830	35.398763	40.559726	35.732518	40.559726	35.732518	40.559726	35.732518	40.559726	35.732518	40.559726	35.732518	39.425816	33.101024	41.137804	30.803282	41.137804	30.803282	41.137804	30.803282	38.291908	30.469527	36.579920	32.767269
130	#66ccff	#000000	#00000000	#00000000		53.498550	54.701983	40.559726	35.732518	40.559726	35.732518	37.713830	35.398763	36.001842	37.696505	36.001842	37.696505	36.001842	37.696505	36.001842	37.696505	36.001842	37.696505	38.847738	38.030260	39.981647	40.661756	39.981647	40.661756	39.981647	40.661756	41.693634	38.364014	40.559726	35.732518
131	#ffffff	#000000	#00000000	#00000000		53.498550	54.701983	31.443959	39.660492	31.443959	39.660492	34.289855	39.994246	36.001842	37.696505	36.001842	37.696505	36.001842	37.696505	36.001842	37.696505	36.001842	37.696505	33.155946	37.362750	32.022037	34.731256	32.022037	34.731256	32.022037	34.731256	30.310049	37.028998	31.443959	39.660492
132	#66ccff	#000000	#00000000	#00000000		53.498550	54.701983	32.022037	34.731256	32.022037	34.731256	30.888127	32.099762	28.042231	31.766007	28.042231	31.766007	28.042231	31.766007	28.042231	31.766007	28.042231	31.766007	29.176140	34.397501	27.464153	36.695243	27.464153	36.695243	27.464153	36.695243	30.310049	37.028998	32.022037	34.731256
133	#ffffff	#000000	#00000000	#00000000		53.498550	54.701983	27.464153	36.695243	27.464153	36.695243	29.176140	34.397501	28.042231	31.766007	28.042231	31.766007	28.042231	31.766007	28.042231	31.766007	28.042231	31.766007	26.330243	34.063749	23.484346	33.729996	23.484346	33.729996	23.484346	33.729996	24.618256	36.361490	27.464153	36.695243
134	#66ccff	#000000	#00000000	#00000000		53.498550	54.701983	18.926464	35.693987	18.926464	35.693987	21.772361	36.027739	23.484346	33.729996	23.484346	33.729996	23.484346	33.729996	23.484346	33.729996	23.484346	33.729996	20.638449	33.396244	19.504539	30.764750	19.504539	30.764750	19.504539	30.764750	17.792554	33.062493	18.926464	35.693987
135	#A0A0A0	#000000	#00000000	#00000000		53.498550	54.701983	14.946660	32.728742	14.946660	32.728742	16.080570	35.360236	18.926464	35.693987	18.926464	35.693987	18.926464	35.693987	18.926464	35.693987	18.926464	35.693987	17.792554	33.062493	19.504539	30.764750	19.504539	30.764750	19.504539	30.764750	16.658645	30.430999	14.946660	32.728742
136	#ffffff	#000000	#00000000	#00000000		53.498550	54.701983	14.946660	32.728742	14.946660	32.728742	12.100765	32.394991	10.388781	34.692734	10.388781	34.692734	10.388781	34.692734	10.388781	34.692734	10.388781	34.692734	13.234675	35.026485	14.368585	37.657979	14.368585	37.657979	14.368585	37.657979	16.080570	35.360236	14.946660	32.728742
137	#66ccff	#000000	#00000000	#00000000		53.498550	54.701983	5.830901	36.656725	5.830901	36.656725	8.676796	36.990477	10.388781	34.692734	10.388781	34.692734	10.388781	34.692734	10.388781	34.692734	10.388781	34.692734	7.542886	34.358983	6.408976	31.727489	6.408976	31.727489	6.408976	31.727489	4.696992	34.025231	5.830901	36.656725
138	#ffffff	#000000	#00000000	#00000000		53.498550	54.701983	1.851097	33.691480	1.851097	33.691480	2.985007	36.322974	5.830901	36.656725	5.830901	36.656725	5.830901	36.656725	5.830901	36.656725	5.830901	36.656725	4.696992	34.025231	6.408976	31.727489	6.408976	31.727489	6.408976	31.727489	3.563082	31.393737	1.851097	33.691480
139	#ffffff	#000000	#00000000	#00000000		53.498550	54.701983	-3.284873	40.584693	-3.284873	40.584693	-0.438976	40.918445	1.273009	38.620703	1.273009	38.620703	1.273009	38.620703	1.273009	38.620703	1.273009	38.620703	-1.572888	38.286950	-2.706798	35.655456	-2.706798	35.655456	-2.706798	35.655456	-4.418782	37.953199	-3.284873	40.584693
140	#66ccff	#000000	#00000000	#00000000		53.498550	54.701983	5.830901	36.656725	5.830901	36.656725	2.985007	36.322974	1.273022	38.620717	1.273022	38.620717	1.273022	38.620717	1.273022	38.620717	1.273022	38.620717	4.118916	38.954468	5.252826	41.585962	5.252826	41.585962	5.252826	41.585962	6.964811	39.288219	5.830901	36.656725
141	#A0A0A0	#000000	#00000000	#00000000		53.498550	54.701983	9.810705	39.621971	9.810705	39.621971	8.676796	36.990477	5.830901	36.656725	5.830901	36.656725	5.830901	36.656725	5.830901	36.656725	5.830901	36.656725	6.964811	39.288219	5.252826	41.585962	5.252826	41.585962	5.252826	41.585962	8.098721	41.919713	9.810705	39.621971
142	#ffffff	#000000	#00000000	#00000000		53.498550	54.701983	10.388783	34.692735	10.388783	34.692735	8.676796	36.990477	9.810705	39.621971	9.810705	39.621971	9.810705	39.621971	9.810705	39.621971	9.810705	39.621971	11.522693	37.324229	14.368590	37.657981	14.368590	37.657981	14.368590	37.657981	13.234680	35.026487	10.388783	34.692735
143	#66ccff	#000000	#00000000	#00000000		53.498550	54.701983	14.368585	37.657979	14.368585	37.657979	15.502494	40.289473	18.348389	40.623224	18.348389	40.623224	18.348389	40.623224	18.348389	40.623224	18.348389	40.623224	17.214479	37.991730	18.926464	35.693987	18.926464	35.693987	18.926464	35.693987	16.080570	35.360236	14.368585	37.657979
144	#006699	#000000	#00000000	#00000000		53.498550	54.701983	13.790510	42.587216	13.790510	42.587216	12.656600	39.955722	14.368585	37.657979	14.368585	37.657979	14.368585	37.657979	14.368585	37.657979	14.368585	37.657979	15.502494	40.289473	18.348389	40.623224	18.348389	40.623224	18.348389	40.623224	16.636404	42.920967	13.790510	42.587216
145	#ffffff	#000000	#00000000	#00000000		53.498550	54.701983	18.926464	35.693987	18.926464	35.693987	17.214479	37.991730	18.348389	40.623224	18.348389	40.623224	18.348389	40.623224	18.348389	40.623224	18.348389	40.623224	20.060374	38.325481	22.906268	38.659232	22.906268	38.659232	22.906268	38.659232	21.772359	36.027738	18.926464	35.693987
146	#66ccff	#000000	#00000000	#00000000		53.498550	54.701983	22.906268	38.659232	22.906268	38.659232	25.752166	38.992984	27.464153	36.695243	27.464153	36.695243	27.464153	36.695243	27.464153	36.695243	27.464153	36.695243	24.618256	36.361490	23.484346	33.729996	23.484346	33.729996	23.484346	33.729996	21.772359	36.027738	22.906268	38.659232
147	#006699	#000000	#00000000	#00000000		53.498550	54.701983	26.886075	41.624478	26.886075	41.624478	24.040179	41.290724	22.906269	38.659230	22.906269	38.659230	22.906269	38.659230	22.906269	38.659230	22.906269	38.659230	25.752166	38.992984	27.464153	36.695243	27.464153	36.695243	27.464153	36.695243	28.598063	39.326737	26.886075	41.624478
148	#66ccff	#000000	#00000000	#00000000		53.498550	54.701983	31.443958	39.660494	31.443958	39.660494	30.310049	37.028998	27.464153	36.695243	27.464153	36.695243	27.464153	36.695243	27.464153	36.695243	27.464153	36.695243	28.598062	39.326739	26.886074	41.624481	26.886074	41.624481	26.886074	41.624481	29.731970	41.958236	31.443958	39.660494
149	#A0A0A0	#000000	#00000000	#00000000		53.498550	54.701983	30.865879	44.589733	30.865879	44.589733	32.577866	42.291991	31.443958	39.660494	31.443958	39.660494	31.443958	39.660494	31.443958	39.660494	31.443958	39.660494	29.731970	41.958236	26.886074	41.624481	26.886074	41.624481	26.886074	41.624481	28.019983	44.255978	30.865879	44.589733
150	#66ccff	#000000	#00000000	#00000000		53.498550	54.701983	35.423762	42.625746	35.423762	42.625746	37.135750	40.328004	36.001841	37.696507	36.001841	37.696507	36.001841	37.696507	36.001841	37.696507	36.001841	37.696507	34.289854	39.994249	31.443958	39.660494	31.443958	39.660494	31.443958	39.660494	32.577866	42.291991	35.423762	42.625746
151	#006699	#000000	#00000000	#00000000		53.498550	54.701983	39.981646	40.661759	39.981646	40.661759	38.269658	42.959501	35.423762	42.625746	35.423762	42.625746	35.423762	42.625746	35.423762	42.625746	35.423762	42.625746	37.135750	40.328004	36.001841	37.696507	36.001841	37.696507	36.001841	37.696507	38.847737	38.030262	39.981646	40.661759
152	#66ccff	#000000	#00000000	#00000000		53.498550	54.701983	39.403567	45.590997	39.403567	45.590997	41.115554	43.293255	39.981646	40.661759	39.981646	40.661759	39.981646	40.661759	39.981646	40.661759	39.981646	40.661759	38.269658	42.959501	35.423762	42.625746	35.423762	42.625746	35.423762	42.625746	36.557671	45.257242	39.403567	45.590997
153	#A0A0A0	#000000	#00000000	#00000000		53.498550	54.701983	44.539530	38.697769	44.539530	38.697769	43.405621	36.066275	40.559725	35.732520	40.559725	35.732520	40.559725	35.732520	40.559725	35.732520	40.559725	35.732520	41.693634	38.364014	39.981647	40.661756	39.981647	40.661756	39.981647	40.661756	42.827543	40.995511	44.539530	38.697769
154	#ffffff	#000000	#00000000	#00000000		53.498550	54.701983	45.117608	33.768534	45.117608	33.768534	43.405621	36.066275	44.539530	38.697769	44.539530	38.697769	44.539530	38.697769	44.539530	38.697769	44.539530	38.697769	46.251518	36.400028	49.097415	36.733780	49.097415	36.733780	49.097415	36.733780	47.963505	34.102286	45.117608	33.768534
155	#ffffff	#000000	#00000000	#00000000		53.498550	54.701983	49.675490	31.804543	49.675490	31.804543	46.829593	31.470791	45.117608	33.768534	45.117608	33.768534	45.117608	33.768534	45.117608	33.768534	45.117608	33.768534	47.963505	34.102286	49.097415	36.733780	49.097415	36.733780	49.097415	36.733780	50.809400	34.436037	49.675490	31.804543
156	#66ccff	#000000	#00000000	#00000000		53.498550	54.701983	49.675490	31.804543	49.675490	31.804543	50.809400	34.436037	53.655297	34.769789	53.655297	34.769789	53.655297	34.769789	53.655297	34.769789	53.655297	34.769789	52.521387	32.138295	54.233375	29.840553	54.233375	29.840553	54.233375	29.840553	51.387478	29.506801	49.675490	31.804543
157	#66ccff	#000000	#00000000	#00000000		53.498550	54.701983	49.097415	36.733780	49.097415	36.733780	50.231325	39.365274	53.077219	39.699025	53.077219	39.699025	53.077219	39.699025	53.077219	39.699025	53.077219	39.699025	51.943310	37.067531	53.655294	34.769788	53.655294	34.769788	53.655294	34.769788	50.809400	34.436037	49.097415	36.733780
158	#006699	#000000	#00000000	#00000000		53.498550	54.701983	48.519337	41.663015	48.519337	41.663015	47.385428	39.031521	49.097415	36.733780	49.097415	36.733780	49.097415	36.733780	49.097415	36.733780	49.097415	36.733780	50.231325	39.365274	53.077222	39.699026	53.077222	39.699026	53.077222	39.699026	51.365234	41.996768	48.519337	41.663015
159	#66ccff	#000000	#00000000	#00000000		53.498550	54.701983	52.499144	44.628262	52.499144	44.628262	54.211129	42.330519	53.077219	39.699025	53.077219	39.699025	53.077219	39.699025	53.077219	39.699025	53.077219	39.699025	51.365234	41.996768	48.519337	41.663015	48.519337	41.663015	48.519337	41.663015	49.653247	44.294509	52.499144	44.628262
160	#A0A0A0	#000000	#00000000	#00000000		53.498550	54.701983	47.941259	46.592251	47.941259	46.592251	50.787157	46.926003	52.499144	44.628262	52.499144	44.628262	52.499144	44.628262	52.499144	44.628262	52.499144	44.628262	49.653247	44.294509	48.519337	41.663015	48.519337	41.663015	48.519337	41.663015	46.807350	43.960757	47.941259	46.592251
161	#66ccff	#000000	#00000000	#00000000		53.498550	54.701983	52.499144	44.628262	52.499144	44.628262	50.787157	46.926003	51.921066	49.557497	51.921066	49.557497	51.921066	49.557497	51.921066	49.557497	51.921066	49.557497	53.633054	47.259756	56.478950	47.593510	56.478950	47.593510	56.478950	47.593510	55.345040	44.962017	52.499144	44.628262
162	#ffffff	#000000	#00000000	#00000000		53.498550	54.701983	51.342988	54.486733	51.342988	54.486733	53.054976	52.188991	51.921066	49.557497	51.921066	49.557497	51.921066	49.557497	51.921066	49.557497	51.921066	49.557497	50.209079	51.855239	47.363182	51.521487	47.363182	51.521487	47.363182	51.521487	48.497091	54.152981	51.342988	54.486733
163	#ffffff	#000000	#00000000	#00000000		53.498550	54.701983	51.921066	49.557497	51.921066	49.557497	50.787157	46.926003	47.941259	46.592251	47.941259	46.592251	47.941259	46.592251	47.941259	46.592251	47.941259	46.592251	49.075169	49.223745	47.363184	51.521488	47.363184	51.521488	47.363184	51.521488	50.209081	51.855240	51.921066	49.557497
164	#A0A0A0	#000000	#00000000	#00000000		53.498550	54.701983	43.961453	43.627005	43.961453	43.627005	45.095362	46.258499	47.941259	46.592251	47.941259	46.592251	47.941259	46.592251	47.941259	46.592251	47.941259	46.592251	46.807350	43.960757	48.519335	41.663014	48.519335	41.663014	48.519335	41.663014	45.673437	41.329262	43.961453	43.627005
165	#66ccff	#000000	#00000000	#00000000		53.498550	54.701983	44.539528	38.697768	44.539528	38.697768	45.673437	41.329262	48.519335	41.663014	48.519335	41.663014	48.519335	41.663014	48.519335	41.663014	48.519335	41.663014	47.385425	39.031520	49.097410	36.733778	49.097410	36.733778	49.097410	36.733778	46.251513	36.400025	44.539528	38.697768
166	#A0A0A0	#000000	#00000000	#00000000		53.498550	54.701983	43.961453	43.627005	43.961453	43.627005	45.673437	41.329262	44.539528	38.697768	44.539528	38.697768	44.539528	38.697768	44.539528	38.697768	44.539528	38.697768	42.827543	40.995511	39.981648	40.661760	39.981648	40.661760	39.981648	40.661760	41.115558	43.293254	43.961453	43.627005
167	#A0A0A0	#000000	#00000000	#00000000		53.498550	54.701983	43.961453	43.627005	43.961453	43.627005	41.115558	43.293254	39.403573	45.590997	39.403573	45.590997	39.403573	45.590997	39.403573	45.590997	39.403573	45.590997	42.249468	45.924748	43.383377	48.556242	43.383377	48.556242	43.383377	48.556242	45.095362	46.258499	43.961453	43.627005
168	#66ccff	#000000	#00000000	#00000000		53.498550	54.701983	47.941257	46.592250	47.941257	46.592250	45.095362	46.258499	43.383377	48.556242	43.383377	48.556242	43.383377	48.556242	43.383377	48.556242	43.383377	48.556242	46.229272	48.889993	47.363182	51.521487	47.363182	51.521487	47.363182	51.521487	49.075166	49.223744	47.941257	46.592250
169	#006699	#000000	#00000000	#00000000		53.498550	54.701983	43.383375	48.556241	43.383375	48.556241	46.229272	48.889993	47.363182	51.521487	47.363182	51.521487	47.363182	51.521487	47.363182	51.521487	47.363182	51.521487	44.517284	51.187735	42.805297	53.485476	42.805297	53.485476	42.805297	53.485476	41.671387	50.853982	43.383375	48.556241
170	#66ccff	#000000	#00000000	#00000000		53.498550	54.701983	47.363182	51.521487	47.363182	51.521487	44.517284	51.187735	42.805297	53.485476	42.805297	53.485476	42.805297	53.485476	42.805297	53.485476	42.805297	53.485476	45.651194	53.819229	46.785104	56.450723	46.785104	56.450723	46.785104	56.450723	48.497091	54.152981	47.363182	51.521487
171	#66ccff	#000000	#00000000	#00000000		53.498550	54.701983	38.825491	50.520228	38.825491	50.520228	39.959401	53.151722	42.805297	53.485476	42.805297	53.485476	42.805297	53.485476	42.805297	53.485476	42.805297	53.485476	41.671387	50.853982	43.383375	48.556241	43.383375	48.556241	43.383375	48.556241	40.537479	48.222486	38.825491	50.520228
172	#A0A0A0	#000000	#00000000	#00000000		53.498550	54.701983	39.403570	45.590989	39.403570	45.590989	37.691583	47.888731	38.825491	50.520228	38.825491	50.520228	38.825491	50.520228	38.825491	50.520228	38.825491	50.520228	40.537479	48.222486	43.383375	48.556241	43.383375	48.556241	43.383375	48.556241	42.249466	45.924744	39.403570	45.590989
173	#ffffff	#000000	#00000000	#00000000		53.498550	54.701983	34.845687	47.554976	34.845687	47.554976	37.691583	47.888731	39.403570	45.590989	39.403570	45.590989	39.403570	45.590989	39.403570	45.590989	39.403570	45.590989	36.557674	45.257234	35.423764	42.625740	35.423764	42.625740	35.423764	42.625740	33.711777	44.923482	34.845687	47.554976
174	#ffffff	#000000	#00000000	#00000000		53.498550	54.701983	30.865881	44.589727	30.865881	44.589727	31.999791	47.221221	34.845687	47.554976	34.845687	47.554976	34.845687	47.554976	34.845687	47.554976	34.845687	47.554976	33.711777	44.923482	35.423764	42.625740	35.423764	42.625740	35.423764	42.625740	32.577868	42.291985	30.865881	44.589727
175	#A0A0A0	#000000	#00000000	#00000000		53.498550	54.701983	26.307995	46.553719	26.307995	46.553719	29.153891	46.887474	30.865879	44.589733	30.865879	44.589733	30.865879	44.589733	30.865879	44.589733	30.865879	44.589733	28.019983	44.255978	26.886074	41.624481	26.886074	41.624481	26.886074	41.624481	25.174087	43.922223	26.307995	46.553719
176	#66ccff	#000000	#00000000	#00000000		53.498550	54.701983	22.328191	43.588468	22.328191	43.588468	25.174087	43.922223	26.886074	41.624481	26.886074	41.624481	26.886074	41.624481	26.886074	41.624481	26.886074	41.624481	24.040178	41.290726	22.906268	38.659232	22.906268	38.659232	22.906268	38.659232	21.194281	40.956974	22.328191	43.588468
177	#ffffff	#000000	#00000000	#00000000		53.498550	54.701983	18.348385	40.623219	18.348385	40.623219	19.482294	43.254713	22.328191	43.588468	22.328191	43.588468	22.328191	43.588468	22.328191	43.588468	22.328191	43.588468	21.194281	40.956974	22.906268	38.659232	22.906268	38.659232	22.906268	38.659232	20.060372	38.325477	18.348385	40.623219
178	#66ccff	#000000	#00000000	#00000000		53.498550	54.701983	17.770307	45.552455	17.770307	45.552455	19.482294	43.254713	18.348385	40.623219	18.348385	40.623219	18.348385	40.623219	18.348385	40.623219	18.348385	40.623219	16.636397	42.920961	13.790500	42.587209	13.790500	42.587209	13.790500	42.587209	14.924410	45.218703	17.770307	45.552455
179	#66ccff	#000000	#00000000	#00000000		53.498550	54.701983	9.810708	39.621972	9.810708	39.621972	10.944618	42.253466	13.790515	42.587218	13.790515	42.587218	13.790515	42.587218	13.790515	42.587218	13.790515	42.587218	12.656605	39.955724	14.368590	37.657981	14.368590	37.657981	14.368590	37.657981	11.522693	37.324229	9.810708	39.621972
180	#A0A0A0	#000000	#00000000	#00000000		53.498550	54.701983	9.232630	44.551207	9.232630	44.551207	10.944618	42.253466	9.810708	39.621972	9.810708	39.621972	9.810708	39.621972	9.810708	39.621972	9.810708	39.621972	8.098721	41.919713	5.252823	41.585961	5.252823	41.585961	5.252823	41.585961	6.386733	44.217455	9.232630	44.551207
181	#66ccff	#000000	#00000000	#00000000		53.498550	54.701983	4.674746	46.515197	4.674746	46.515197	6.386733	44.217455	5.252823	41.585961	5.252823	41.585961	5.252823	41.585961	5.252823	41.585961	5.252823	41.585961	3.540836	43.883703	0.694939	43.549951	0.694939	43.549951	0.694939	43.549951	1.828848	46.181445	4.674746	46.515197
182	#006699	#000000	#00000000	#00000000		53.498550	54.701983	5.252821	41.585960	5.252821	41.585960	3.540836	43.883703	0.694939	43.549951	0.694939	43.549951	0.694939	43.549951	0.694939	43.549951	0.694939	43.549951	2.406924	41.252208	1.273014	38.620714	1.273014	38.620714	1.273014	38.620714	4.118911	38.954466	5.252821	41.585960
183	#ffffff	#000000	#00000000	#00000000		53.498550	54.701983	0.116861	48.479186	0.116861	48.479186	2.962758	48.812939	4.674746	46.515197	4.674746	46.515197	4.674746	46.515197	4.674746	46.515197	4.674746	46.515197	1.828848	46.181445	0.694939	43.549951	0.694939	43.549951	0.694939	43.549951	-1.017049	45.847692	0.116861	48.479186
184	#A0A0A0	#000000	#00000000	#00000000		53.498550	54.701983	9.232630	44.551207	9.232630	44.551207	6.386733	44.217455	4.674748	46.515198	4.674748	46.515198	4.674748	46.515198	4.674748	46.515198	4.674748	46.515198	7.520645	46.848950	8.654555	49.480444	8.654555	49.480444	8.654555	49.480444	10.366540	47.182701	9.232630	44.551207
185	#A0A0A0	#000000	#00000000	#00000000		53.498550	54.701983	9.232630	44.551207	9.232630	44.551207	10.366540	47.182701	13.212437	47.516454	13.212437	47.516454	13.212437	47.516454	13.212437	47.516454	13.212437	47.516454	12.078527	44.884960	13.790515	42.587218	13.790515	42.587218	13.790515	42.587218	10.944618	42.253466	9.232630	44.551207
186	#A0A0A0	#000000	#00000000	#00000000		53.498550	54.701983	13.212437	47.516454	13.212437	47.516454	16.058333	47.850208	17.770321	45.552467	17.770321	45.552467	17.770321	45.552467	17.770321	45.552467	17.770321	45.552467	14.924425	45.218712	13.790515	42.587218	13.790515	42.587218	13.790515	42.587218	12.078527	44.884960	13.212437	47.516454
187	#A0A0A0	#000000	#00000000	#00000000		53.498550	54.701983	22.328204	43.588480	22.328204	43.588480	19.482308	43.254725	17.770321	45.552467	17.770321	45.552467	17.770321	45.552467	17.770321	45.552467	17.770321	45.552467	20.616217	45.886222	21.750126	48.517716	21.750126	48.517716	21.750126	48.517716	23.462114	46.219974	22.328204	43.588480
188	#A0A0A0	#000000	#00000000	#00000000		53.498550	54.701983	26.308011	46.553726	26.308011	46.553726	25.174101	43.922232	22.328204	43.588480	22.328204	43.588480	22.328204	43.588480	22.328204	43.588480	22.328204	43.588480	23.462114	46.219974	21.750126	48.517716	21.750126	48.517716	21.750126	48.517716	24.596024	48.851468	26.308011	46.553726
189	#A0A0A0	#000000	#00000000	#00000000		53.498550	54.701983	26.307995	46.553719	26.307995	46.553719	24.596008	48.851461	25.729916	51.482958	25.729916	51.482958	25.729916	51.482958	25.729916	51.482958	25.729916	51.482958	27.441904	49.185216	30.287800	49.518971	30.287800	49.518971	30.287800	49.518971	29.153891	46.887474	26.307995	46.553719
190	#66ccff	#000000	#00000000	#00000000		53.498550	54.701983	30.287800	49.518971	30.287800	49.518971	33.133696	49.852726	34.845683	47.554984	34.845683	47.554984	34.845683	47.554984	34.845683	47.554984	34.845683	47.554984	31.999787	47.221229	30.865879	44.589733	30.865879	44.589733	30.865879	44.589733	29.153891	46.887474	30.287800	49.518971
191	#66ccff	#000000	#00000000	#00000000		53.498550	54.701983	38.825491	50.520228	38.825491	50.520228	37.691583	47.888731	34.845687	47.554976	34.845687	47.554976	34.845687	47.554976	34.845687	47.554976	34.845687	47.554976	35.979595	50.186473	34.267608	52.484214	34.267608	52.484214	34.267608	52.484214	37.113504	52.817969	38.825491	50.520228
192	#006699	#000000	#00000000	#00000000		53.498550	54.701983	34.267608	52.484214	34.267608	52.484214	31.421712	52.150460	30.287802	49.518966	30.287802	49.518966	30.287802	49.518966	30.287802	49.518966	30.287802	49.518966	33.133698	49.852720	34.845686	47.554979	34.845686	47.554979	34.845686	47.554979	35.979595	50.186473	34.267608	52.484214
193	#A0A0A0	#000000	#00000000	#00000000		53.498550	54.701983	25.729916	51.482958	25.729916	51.482958	26.863825	54.114454	29.709721	54.448209	29.709721	54.448209	29.709721	54.448209	29.709721	54.448209	29.709721	54.448209	28.575812	51.816713	30.287800	49.518971	30.287800	49.518971	30.287800	49.518971	27.441904	49.185216	25.729916	51.482958
194	#66ccff	#000000	#00000000	#00000000		53.498550	54.701983	29.709722	54.448207	29.709722	54.448207	32.555618	54.781961	34.267605	52.484220	34.267605	52.484220	34.267605	52.484220	34.267605	52.484220	34.267605	52.484220	31.421709	52.150465	30.287800	49.518971	30.287800	49.518971	30.287800	49.518971	28.575812	51.816713	29.709722	54.448207
195	#ffffff	#000000	#00000000	#00000000		53.498550	54.701983	38.247412	55.449466	38.247412	55.449466	39.959400	53.151724	38.825491	50.520228	38.825491	50.520228	38.825491	50.520228	38.825491	50.520228	38.825491	50.520228	37.113504	52.817969	34.267608	52.484214	34.267608	52.484214	34.267608	52.484214	35.401516	55.115711	38.247412	55.449466
196	#ffffff	#000000	#00000000	#00000000		53.498550	54.701983	33.689528	57.413455	33.689528	57.413455	36.535424	57.747210	38.247411	55.449469	38.247411	55.449469	38.247411	55.449469	38.247411	55.449469	38.247411	55.449469	35.401515	55.115714	34.267605	52.484220	34.267605	52.484220	34.267605	52.484220	32.555618	54.781961	33.689528	57.413455
197	#66ccff	#000000	#00000000	#00000000		53.498550	54.701983	55.900873	52.522744	55.900873	52.522744	54.766963	49.891250	51.921066	49.557497	51.921066	49.557497	51.921066	49.557497	51.921066	49.557497	51.921066	49.557497	53.054976	52.188991	51.342988	54.486733	51.342988	54.486733	51.342988	54.486733	54.188886	54.820485	55.900873	52.522744
198	#ffffff	#000000	#00000000	#00000000		53.498550	54.701983	25.151837	56.412196	25.151837	56.412196	26.863825	54.114454	25.729916	51.482958	25.729916	51.482958	25.729916	51.482958	25.729916	51.482958	25.729916	51.482958	24.017929	53.780699	21.172033	53.446945	21.172033	53.446945	21.172033	53.446945	22.305941	56.078441	25.151837	56.412196
199	#66ccff	#000000	#00000000	#00000000		53.498550	54.701983	25.729916	51.482958	25.729916	51.482958	24.596008	48.851461	21.750112	48.517706	21.750112	48.517706	21.750112	48.517706	21.750112	48.517706	21.750112	48.517706	22.884020	51.149203	21.172033	53.446945	21.172033	53.446945	21.172033	53.446945	24.017929	53.780699	25.729916	51.482958
200	#006699	#000000	#00000000	#00000000		53.498550	54.701983	21.750110	48.517709	21.750110	48.517709	22.884020	51.149203	21.172033	53.446945	21.172033	53.446945	21.172033	53.446945	21.172033	53.446945	21.172033	53.446945	20.038123	50.815451	17.192227	50.481696	17.192227	50.481696	17.192227	50.481696	18.904214	48.183954	21.750110	48.517709
201	#66ccff	#000000	#00000000	#00000000		53.498550	54.701983	17.770320	45.552469	17.770320	45.552469	16.058332	47.850211	17.192242	50.481705	17.192242	50.481705	17.192242	50.481705	17.192242	50.481705	17.192242	50.481705	18.904229	48.183963	21.750126	48.517716	21.750126	48.517716	21.750126	48.517716	20.616217	45.886222	17.770320	45.552469
202	#66ccff	#000000	#00000000	#00000000		53.498550	54.701983	21.172032	53.446947	21.172032	53.446947	20.038123	50.815451	17.192227	50.481696	17.192227	50.481696	17.192227	50.481696	17.192227	50.481696	17.192227	50.481696	18.326135	53.113192	16.614148	55.410934	16.614148	55.410934	16.614148	55.410934	19.460044	55.744689	21.172032	53.446947
203	#ffffff	#000000	#00000000	#00000000		53.498550	54.701983	16.614148	55.410934	16.614148	55.410934	18.326135	53.113192	17.192227	50.481696	17.192227	50.481696	17.192227	50.481696	17.192227	50.481696	17.192227	50.481696	15.480239	52.779437	12.634343	52.445683	12.634343	52.445683	12.634343	52.445683	13.768252	55.077179	16.614148	55.410934
204	#ffffff	#000000	#00000000	#00000000		53.498550	54.701983	17.192227	50.481696	17.192227	50.481696	16.058317	47.850202	13.212421	47.516447	13.212421	47.516447	13.212421	47.516447	13.212421	47.516447	13.212421	47.516447	14.346331	50.147941	12.634343	52.445683	12.634343	52.445683	12.634343	52.445683	15.480239	52.779437	17.192227	50.481696
205	#66ccff	#000000	#00000000	#00000000		53.498550	54.701983	13.212421	47.516447	13.212421	47.516447	10.366524	47.182695	8.654537	49.480436	8.654537	49.480436	8.654537	49.480436	8.654537	49.480436	8.654537	49.480436	11.500434	49.814189	12.634343	52.445683	12.634343	52.445683	12.634343	52.445683	14.346331	50.147941	13.212421	47.516447
206	#006699	#000000	#00000000	#00000000		53.498550	54.701983	8.654537	49.480436	8.654537	49.480436	11.500434	49.814189	12.634343	52.445683	12.634343	52.445683	12.634343	52.445683	12.634343	52.445683	12.634343	52.445683	9.788446	52.111930	8.076459	54.409672	8.076459	54.409672	8.076459	54.409672	6.942549	51.778178	8.654537	49.480436
207	#66ccff	#000000	#00000000	#00000000		53.498550	54.701983	12.634343	52.445683	12.634343	52.445683	9.788447	52.111928	8.076460	54.409669	8.076460	54.409669	8.076460	54.409669	8.076460	54.409669	8.076460	54.409669	10.922356	54.743424	12.056264	57.374921	12.056264	57.374921	12.056264	57.374921	13.768252	55.077179	12.634343	52.445683
208	#66ccff	#000000	#00000000	#00000000		53.498550	54.701983	4.096653	51.444423	4.096653	51.444423	5.230563	54.075917	8.076459	54.409672	8.076459	54.409672	8.076459	54.409672	8.076459	54.409672	8.076459	54.409672	6.942549	51.778178	8.654537	49.480436	8.654537	49.480436	8.654537	49.480436	5.808640	49.146682	4.096653	51.444423
209	#A0A0A0	#000000	#00000000	#00000000		53.498550	54.701983	4.674732	46.515185	4.674732	46.515185	2.962744	48.812927	4.096653	51.444423	4.096653	51.444423	4.096653	51.444423	4.096653	51.444423	4.096653	51.444423	5.808640	49.146682	8.654537	49.480436	8.654537	49.480436	8.654537	49.480436	7.520628	46.848940	4.674732	46.515185
210	#ffffff	#000000	#00000000	#00000000		53.498550	54.701983	3.518574	56.373662	3.518574	56.373662	5.230562	54.075920	4.096653	51.444423	4.096653	51.444423	4.096653	51.444423	4.096653	51.444423	4.096653	51.444423	2.384665	53.742165	-0.461231	53.408410	-0.461231	53.408410	-0.461231	53.408410	0.672678	56.039907	3.518574	56.373662
211	#66ccff	#000000	#00000000	#00000000		53.498550	54.701983	4.096653	51.444423	4.096653	51.444423	2.962744	48.812927	0.116848	48.479172	0.116848	48.479172	0.116848	48.479172	0.116848	48.479172	0.116848	48.479172	1.250757	51.110668	-0.461231	53.408410	-0.461231	53.408410	-0.461231	53.408410	2.384665	53.742165	4.096653	51.444423
212	#ffffff	#000000	#00000000	#00000000		53.498550	54.701983	-3.862946	45.513940	-3.862946	45.513940	-2.729036	48.145434	0.116861	48.479186	0.116861	48.479186	0.116861	48.479186	0.116861	48.479186	0.116861	48.479186	-1.017049	45.847692	0.694939	43.549951	0.694939	43.549951	0.694939	43.549951	-2.150958	43.216198	-3.862946	45.513940
213	#66ccff	#000000	#00000000	#00000000		53.498550	54.701983	0.694939	43.549951	0.694939	43.549951	2.406924	41.252208	1.273014	38.620714	1.273014	38.620714	1.273014	38.620714	1.273014	38.620714	1.273014	38.620714	-0.438971	40.918457	-3.284868	40.584704	-3.284868	40.584704	-3.284868	40.584704	-2.150958	43.216198	0.694939	43.549951
214	#006699	#000000	#00000000	#00000000		53.498550	54.701983	1.339746	1.150794	1.339746	1.150794	3.051734	-1.146948	5.897630	-0.813193	5.897630	-0.813193	5.897630	-0.813193	5.897630	-0.813193	5.897630	-0.813193	4.185642	1.484549	5.319551	4.116045	5.319551	4.116045	5.319551	4.116045	2.473655	3.782290	1.339746	1.150794
215	#66ccff	#000000	#00000000	#00000000		53.498550	54.701983	5.897630	-0.813193	5.897630	-0.813193	4.185642	1.484549	5.319551	4.116045	5.319551	4.116045	5.319551	4.116045	5.319551	4.116045	5.319551	4.116045	7.031539	1.818303	9.877435	2.152058	9.877435	2.152058	9.877435	2.152058	8.743526	-0.479438	5.897630	-0.813193
216	#A0A0A0	#000000	#00000000	#00000000		53.498550	54.701983	10.455513	-2.777180	10.455513	-2.777180	8.743526	-0.479438	9.877435	2.152058	9.877435	2.152058	9.877435	2.152058	9.877435	2.152058	9.877435	2.152058	11.589422	-0.145683	14.435318	0.188071	14.435318	0.188071	14.435318	0.188071	13.301410	-2.443425	10.455513	-2.777180
217	#ffffff	#000000	#00000000	#00000000		53.498550	54.701983	44.606275	1.227864	44.606275	1.227864	43.472366	-1.403630	40.626470	-1.737385	40.626470	-1.737385	40.626470	-1.737385	40.626470	-1.737385	40.626470	-1.737385	41.760379	0.894109	40.048392	3.191851	40.048392	3.191851	40.048392	3.191851	42.894288	3.525605	44.606275	1.227864
218	#66ccff	#000000	#00000000	#00000000		53.498550	54.701983	45.184348	-3.701374	45.184348	-3.701374	43.472363	-1.403631	44.606273	1.227863	44.606273	1.227863	44.606273	1.227863	44.606273	1.227863	44.606273	1.227863	46.318258	-1.069880	49.164152	-0.736129	49.164152	-0.736129	49.164152	-0.736129	48.030243	-3.367623	45.184348	-3.701374
219	#66ccff	#000000	#00000000	#00000000		53.498550	54.701983	53.143962	2.229118	53.143962	2.229118	52.010052	-0.402376	49.164155	-0.736128	49.164155	-0.736128	49.164155	-0.736128	49.164155	-0.736128	49.164155	-0.736128	50.298065	1.895366	48.586080	4.193109	48.586080	4.193109	48.586080	4.193109	51.431977	4.526861	53.143962	2.229118
220	#66ccff	#000000	#00000000	#00000000		53.498550	54.701983	40.626471	-1.737381	40.626471	-1.737381	37.780574	-2.071134	36.068587	0.226608	36.068587	0.226608	36.068587	0.226608	36.068587	0.226608	36.068587	0.226608	38.914484	0.560360	40.048393	3.191854	40.048393	3.191854	40.048393	3.191854	41.760381	0.894113	40.626471	-1.737381
221	#66ccff	#000000	#00000000	#00000000		53.498550	54.701983	14.435318	0.188071	14.435318	0.188071	15.569227	2.819568	18.415123	3.153323	18.415123	3.153323	18.415123	3.153323	18.415123	3.153323	18.415123	3.153323	17.281214	0.521826	18.993202	-1.775915	18.993202	-1.775915	18.993202	-1.775915	16.147306	-2.109670	14.435318	0.188071
222	#66ccff	#000000	#00000000	#00000000		53.498550	54.701983	1.917825	-3.778445	1.917825	-3.778445	0.205838	-1.480703	1.339746	1.150794	1.339746	1.150794	1.339746	1.150794	1.339746	1.150794	1.339746	1.150794	3.051734	-1.146948	5.897630	-0.813193	5.897630	-0.813193	5.897630	-0.813193	4.763721	-3.444690	1.917825	-3.778445
223	#66ccff	#000000	#00000000	#00000000		53.498550	54.701983	22.973006	1.189336	22.973006	1.189336	25.818903	1.523088	27.530891	-0.774653	27.530891	-0.774653	27.530891	-0.774653	27.530891	-0.774653	27.530891	-0.774653	24.684994	-1.108406	23.551084	-3.739900	23.551084	-3.739900	23.551084	-3.739900	21.839097	-1.442158	22.973006	1.189336
224	#ffffff	#000000	#00000000	#00000000		53.498550	54.701983	57.057028	42.664275	57.057028	42.664275	54.211132	42.330520	52.499144	44.628262	52.499144	44.628262	52.499144	44.628262	52.499144	44.628262	52.499144	44.628262	55.345040	44.962017	56.478949	47.593513	56.478949	47.593513	56.478949	47.593513	58.190936	45.295771	57.057028	42.664275
225	#006699	#000000	#00000000	#00000000		53.498550	54.701983	56.478950	47.593510	56.478950	47.593510	57.612858	50.225007	55.900871	52.522749	55.900871	52.522749	55.900871	52.522749	55.900871	52.522749	55.900871	52.522749	54.766962	49.891252	51.921066	49.557497	51.921066	49.557497	51.921066	49.557497	53.633054	47.259756	56.478950	47.593510
226	#ffffff	#000000	#00000000	#00000000		53.498550	54.701983	53.655294	34.769788	53.655294	34.769788	51.943310	37.067531	53.077219	39.699025	53.077219	39.699025	53.077219	39.699025	53.077219	39.699025	53.077219	39.699025	54.789204	37.401282	57.635099	37.735033	57.635099	37.735033	57.635099	37.735033	56.501189	35.103539	53.655294	34.769788
227	#006699	#000000	#00000000	#00000000		53.498550	54.701983	54.233375	29.840553	54.233375	29.840553	57.079271	30.174308	58.213181	32.805802	58.213181	32.805802	58.213181	32.805802	58.213181	32.805802	58.213181	32.805802	55.367285	32.472047	53.655297	34.769789	53.655297	34.769789	53.655297	34.769789	52.521387	32.138295	54.233375	29.840553
228	#66ccff	#000000	#00000000	#00000000		53.498550	54.701983	58.791260	27.876564	58.791260	27.876564	55.945362	27.542812	54.233378	29.840555	54.233378	29.840555	54.233378	29.840555	54.233378	29.840555	54.233378	29.840555	57.079275	30.174307	58.213184	32.805801	58.213184	32.805801	58.213184	32.805801	59.925169	30.508058	58.791260	27.876564
229	#A0A0A0	#000000	#00000000	#00000000		53.498550	54.701983	57.123769	5.194364	57.123769	5.194364	58.835756	2.896623	57.701846	0.265129	57.701846	0.265129	57.701846	0.265129	57.701846	0.265129	57.701846	0.265129	55.989859	2.562870	53.143962	2.229118	53.143962	2.229118	53.143962	2.229118	54.277871	4.860612	57.123769	5.194364
230	#66ccff	#000000	#00000000	#00000000		53.498550	54.701983	53.077219	39.699025	53.077219	39.699025	54.211129	42.330519	57.057026	42.664271	57.057026	42.664271	57.057026	42.664271	57.057026	42.664271	57.057026	42.664271	55.923116	40.032777	57.635104	37.735035	57.635104	37.735035	57.635104	37.735035	54.789207	37.401283	53.077219	39.699025
231	#006699	#000000	#00000000	#00000000		53.498550	54.701983	-0.461231	53.408410	-0.461231	53.408410	-3.307127	53.074655	-4.441036	50.443161	-4.441036	50.443161	-4.441036	50.443161	-4.441036	50.443161	-4.441036	50.443161	-1.595140	50.776916	0.116847	48.479174	0.116847	48.479174	0.116847	48.479174	1.250757	51.110668	-0.461231	53.408410
232	#ffffff	#000000	#00000000	#00000000		53.498550	54.701983	-1.039310	58.337648	-1.039310	58.337648	1.806587	58.671403	3.518574	56.373662	3.518574	56.373662	3.518574	56.373662	3.518574	56.373662	3.518574	56.373662	0.672678	56.039907	-0.461231	53.408410	-0.461231	53.408410	-0.461231	53.408410	-2.173218	55.706152	-1.039310	58.337648
233	#66ccff	#000000	#00000000	#00000000		53.498550	54.701983	-5.019114	55.372397	-5.019114	55.372397	-2.173217	55.706149	-0.461229	53.408407	-0.461229	53.408407	-0.461229	53.408407	-0.461229	53.408407	-0.461229	53.408407	-3.307127	53.074655	-4.441036	50.443161	-4.441036	50.443161	-4.441036	50.443161	-6.153024	52.740903	-5.019114	55.372397
234	#66ccff	#000000	#00000000	#00000000		53.498550	54.701983	8.076459	54.409672	8.076459	54.409672	5.230563	54.075917	3.518575	56.373659	3.518575	56.373659	3.518575	56.373659	3.518575	56.373659	3.518575	56.373659	6.364471	56.707414	7.498380	59.338910	7.498380	59.338910	7.498380	59.338910	9.210367	57.041169	8.076459	54.409672
235	#ffffff	#000000	#00000000	#00000000		53.498550	54.701983	12.056263	57.374924	12.056263	57.374924	10.922355	54.743427	8.076459	54.409672	8.076459	54.409672	8.076459	54.409672	8.076459	54.409672	8.076459	54.409672	9.210367	57.041169	7.498380	59.338910	7.498380	59.338910	7.498380	59.338910	10.344276	59.672665	12.056263	57.374924
236	#ffffff	#000000	#00000000	#00000000		53.498550	54.701983	20.593954	58.376183	20.593954	58.376183	23.439850	58.709938	25.151837	56.412196	25.151837	56.412196	25.151837	56.412196	25.151837	56.412196	25.151837	56.412196	22.305941	56.078441	21.172033	53.446945	21.172033	53.446945	21.172033	53.446945	19.460045	55.744686	20.593954	58.376183
237	#A0A0A0	#000000	#00000000	#00000000		53.498550	54.701983	33.689525	57.413461	33.689525	57.413461	32.555617	54.781964	29.709721	54.448209	29.709721	54.448209	29.709721	54.448209	29.709721	54.448209	29.709721	54.448209	30.843629	57.079706	29.131642	59.377448	29.131642	59.377448	29.131642	59.377448	31.977538	59.711202	33.689525	57.413461
238	#66ccff	#000000	#00000000	#00000000		53.498550	54.701983	29.709721	54.448209	29.709721	54.448209	26.863825	54.114454	25.151837	56.412196	25.151837	56.412196	25.151837	56.412196	25.151837	56.412196	25.151837	56.412196	27.997733	56.745951	29.131642	59.377448	29.131642	59.377448	29.131642	59.377448	30.843629	57.079706	29.709721	54.448209
239	#66ccff	#000000	#00000000	#00000000		53.498550	54.701983	42.805297	53.485476	42.805297	53.485476	39.959401	53.151722	38.247413	55.449463	38.247413	55.449463	38.247413	55.449463	38.247413	55.449463	38.247413	55.449463	41.093309	55.783218	42.227218	58.414715	42.227218	58.414715	42.227218	58.414715	43.939206	56.116973	42.805297	53.485476
240	#ffffff	#000000	#00000000	#00000000		53.498550	54.701983	46.785102	56.450728	46.785102	56.450728	45.651193	53.819231	42.805297	53.485476	42.805297	53.485476	42.805297	53.485476	42.805297	53.485476	42.805297	53.485476	43.939206	56.116973	42.227218	58.414715	42.227218	58.414715	42.227218	58.414715	45.073114	58.748470	46.785102	56.450728
241	#66ccff	#000000	#00000000	#00000000		53.498550	54.701983	51.342987	54.486736	51.342987	54.486736	48.497091	54.152981	46.785104	56.450723	46.785104	56.450723	46.785104	56.450723	46.785104	56.450723	46.785104	56.450723	49.631000	56.784477	50.764910	59.415971	50.764910	59.415971	50.764910	59.415971	52.476897	57.118230	51.342987	54.486736
242	#A0A0A0	#000000	#00000000	#00000000		53.498550	54.701983	55.322794	57.451982	55.322794	57.451982	54.188885	54.820488	51.342987	54.486736	51.342987	54.486736	51.342987	54.486736	51.342987	54.486736	51.342987	54.486736	52.476897	57.118230	50.764910	59.415971	50.764910	59.415971	50.764910	59.415971	53.610807	59.749724	55.322794	57.451982
243	#66ccff	#000000	#00000000	#00000000		53.498550	54.701983	16.614148	55.410934	16.614148	55.410934	13.768252	55.077179	12.056264	57.374921	12.056264	57.374921	12.056264	57.374921	12.056264	57.374921	12.056264	57.374921	14.902160	57.708676	16.036069	60.340172	16.036069	60.340172	16.036069	60.340172	17.748057	58.042431	16.614148	55.410934
244	#A0A0A0	#000000	#00000000	#00000000		53.498550	54.701983	-4.952375	17.902498	-4.952375	17.902498	-2.106479	18.236253	-0.394492	15.938511	-0.394492	15.938511	-0.394492	15.938511	-0.394492	15.938511	-0.394492	15.938511	-3.240388	15.604756	-4.374297	12.973263	-4.374297	12.973263	-4.374297	12.973263	-6.086285	15.271004	-4.952375	17.902498
245	#006699	#000000	#00000000	#00000000		53.498550	54.701983	0.183586	11.009269	0.183586	11.009269	-1.528399	13.307012	-4.374296	12.973260	-4.374296	12.973260	-4.374296	12.973260	-4.374296	12.973260	-4.374296	12.973260	-2.662311	10.675517	-3.796221	8.044023	-3.796221	8.044023	-3.796221	8.044023	-0.950324	8.377775	0.183586	11.009269
246	#66ccff	#000000	#00000000	#00000000		53.498550	54.701983	0.761667	6.080032	0.761667	6.080032	-2.084229	5.746277	-3.796216	8.044019	-3.796216	8.044019	-3.796216	8.044019	-3.796216	8.044019	-3.796216	8.044019	-0.950320	8.377774	0.183589	11.009270	0.183589	11.009270	0.183589	11.009270	1.895576	8.711529	0.761667	6.080032
247	#A0A0A0	#000000	#00000000	#00000000		53.498550	54.701983	-2.640058	-1.814458	-2.640058	-1.814458	-4.352046	0.483284	-3.218137	3.114781	-3.218137	3.114781	-3.218137	3.114781	-3.218137	3.114781	-3.218137	3.114781	-1.506150	0.817039	1.339746	1.150794	1.339746	1.150794	1.339746	1.150794	0.205838	-1.480703	-2.640058	-1.814458
248	#66ccff	#000000	#00000000	#00000000		53.498550	54.701983	55.967613	15.052836	55.967613	15.052836	57.679598	12.755093	56.545688	10.123599	56.545688	10.123599	56.545688	10.123599	56.545688	10.123599	56.545688	10.123599	54.833703	12.421342	51.987806	12.087590	51.987806	12.087590	51.987806	12.087590	53.121716	14.719084	55.967613	15.052836
249	#A0A0A0	#000000	#00000000	#00000000		53.498550	54.701983	53.143963	2.229115	53.143963	2.229115	55.989859	2.562870	57.701846	0.265129	57.701846	0.265129	57.701846	0.265129	57.701846	0.265129	57.701846	0.265129	54.855950	-0.068626	53.722041	-2.700120	53.722041	-2.700120	53.722041	-2.700120	52.010053	-0.402378	53.143963	2.229115
250	#A0A0A0	#000000	#00000000	#00000000		53.498550	54.701983	-1.550645	25.796984	-1.550645	25.796984	0.161343	23.499242	-0.972567	20.867748	-0.972567	20.867748	-0.972567	20.867748	-0.972567	20.867748	-0.972567	20.867748	-2.684554	23.165490	-5.530451	22.831738	-5.530451	22.831738	-5.530451	22.831738	-4.396542	25.463232	-1.550645	25.796984
251	#A0A0A0	#000000	#00000000	#00000000		53.498550	54.701983	20.593954	58.376183	20.593954	58.376183	19.460045	55.744686	16.614149	55.410931	16.614149	55.410931	16.614149	55.410931	16.614149	55.410931	16.614149	55.410931	17.748058	58.042428	16.036070	60.340170	16.036070	60.340170	16.036070	60.340170	18.881966	60.673925	20.593954	58.376183
252	#66ccff	#000000	#00000000	#00000000		53.498550	54.701983	60.458754	50.558762	60.458754	50.558762	59.324845	47.927268	56.478949	47.593513	56.478949	47.593513	56.478949	47.593513	56.478949	47.593513	56.478949	47.593513	57.612858	50.225007	55.900871	52.522749	55.900871	52.522749	55.900871	52.522749	58.746767	52.856504	60.458754	50.558762
253	#A0A0A0	#000000	#00000000	#00000000		53.498550	54.701983	36.646664	-4.702628	36.646664	-4.702628	33.800768	-5.036383	32.088781	-2.738641	32.088781	-2.738641	32.088781	-2.738641	32.088781	-2.738641	32.088781	-2.738641	34.934677	-2.404886	36.068587	0.226608	36.068587	0.226608	36.068587	0.226608	37.780574	-2.071134	36.646664	-4.702628
254	#A0A0A0	#000000	#00000000	#00000000		53.498550	54.701983	49.742230	-5.665365	49.742230	-5.665365	46.896333	-5.999117	45.184345	-3.701375	45.184345	-3.701375	45.184345	-3.701375	45.184345	-3.701375	45.184345	-3.701375	48.030243	-3.367623	49.164152	-0.736129	49.164152	-0.736129	49.164152	-0.736129	50.876140	-3.033871	49.742230	-5.665365
