seq_id	start_fill_color	start_stroke_color	done_fill_color	done_stroke_color	footnote	img_width	img_height	px_0	py_0	px_1	py_1	px_2	py_2	px_3	py_3	px_4	py_4	px_5	py_5	px_6	py_6	px_7	py_7	px_8	py_8	px_9	py_9	px_10	py_10	px_11	py_11	px_12	py_12	px_13	py_13
0	#66ccff	#000000	#00000000	#00000000	Starting tile pattern based on a 'comet' tiling in a <a href="https://cs.uwaterloo.ca/~csk/hat/examples/animation.gif">looping animated GIF</a> by David Smith, Joseph Samuel Myers, Craig S. Kaplan, and Chaim Goodman-Strauss, used under <a href="http://creativecommons.org/licenses/by/4.0/">CC BY 4.0</a> / This is a recreation of the original rather than a screenshot, and the cropping, colors, and vertical orientation differ slightly from the original.	53.498550	54.701983	19.699532	19.640392	20.257653	17.719846	20.257653	17.719846	20.257653	17.719846	18.873473	16.276225	16.931170	16.753150	14.988867	17.230075	14.430747	19.150621	14.430747	19.150621	14.430747	19.150621	16.373049	18.673696	17.757230	20.117317	17.757230	20.117317	17.757230	20.117317
1	#A0A0A0	#000000	#00000000	#00000000		53.498550	54.701983	22.199956	17.242920	20.257653	17.719846	20.257653	17.719846	20.257653	17.719846	19.699532	19.640392	21.083714	21.084012	22.467896	22.527632	24.410199	22.050707	24.410199	22.050707	24.410199	22.050707	23.026017	20.607087	23.584138	18.686541	23.584138	18.686541	23.584138	18.686541
2	#ffffff	#000000	#00000000	#00000000		53.498550	54.701983	18.873473	16.276225	20.257653	17.719846	20.257653	17.719846	20.257653	17.719846	22.199956	17.242920	22.758077	15.322375	23.316198	13.401829	21.932017	11.958208	21.932017	11.958208	21.932017	11.958208	21.373897	13.878753	19.431594	14.355679	19.431594	14.355679	19.431594	14.355679
3	#ffffff	#000000	#00000000	#00000000		53.498550	54.701983	14.162808	13.865908	13.604687	15.786454	13.604687	15.786454	13.604687	15.786454	14.988867	17.230075	16.931170	16.753150	18.873473	16.276225	19.431594	14.355679	19.431594	14.355679	19.431594	14.355679	17.489291	14.832604	16.105111	13.388983	16.105111	13.388983	16.105111	13.388983
4	#66ccff	#000000	#00000000	#00000000		53.498550	54.701983	10.546139	20.104473	11.930319	21.548094	11.930319	21.548094	11.930319	21.548094	13.872622	21.071169	14.430745	19.150622	14.988867	17.230075	13.604687	15.786454	13.604687	15.786454	13.604687	15.786454	13.046565	17.707001	11.104262	18.183926	11.104262	18.183926	11.104262	18.183926
5	#006699	#000000	#00000000	#00000000		53.498550	54.701983	16.373046	18.673698	17.757226	20.117319	17.757226	20.117319	17.757226	20.117319	17.199105	22.037865	15.256802	22.514790	13.314500	22.991715	11.930319	21.548094	11.930319	21.548094	11.930319	21.548094	13.872622	21.071169	14.430743	19.150623	14.430743	19.150623	14.430743	19.150623
6	#A0A0A0	#000000	#00000000	#00000000		53.498550	54.701983	26.642682	14.368522	25.258500	12.924902	25.258500	12.924902	25.258500	12.924902	23.316198	13.401829	22.758077	15.322375	22.199956	17.242920	23.584138	18.686541	23.584138	18.686541	23.584138	18.686541	24.142259	16.765995	26.084561	16.289068	26.084561	16.289068	26.084561	16.289068
7	#66ccff	#000000	#00000000	#00000000		53.498550	54.701983	23.316198	13.401829	25.258500	12.924902	25.258500	12.924902	25.258500	12.924902	25.816620	11.004356	24.432438	9.560736	23.048256	8.117115	21.105955	8.594043	21.105955	8.594043	21.105955	8.594043	22.490137	10.037663	21.932016	11.958209	21.932016	11.958209	21.932016	11.958209
8	#006699	#000000	#00000000	#00000000		53.498550	54.701983	19.163653	9.070970	21.105955	8.594043	21.105955	8.594043	21.105955	8.594043	22.490137	10.037663	21.932016	11.958209	21.373895	13.878754	19.431593	14.355682	19.431593	14.355682	19.431593	14.355682	19.989714	12.435136	18.605532	10.991515	18.605532	10.991515	18.605532	10.991515
9	#66ccff	#000000	#00000000	#00000000		53.498550	54.701983	17.489291	14.832604	19.431594	14.355679	19.431594	14.355679	19.431594	14.355679	19.989716	12.435132	18.605536	10.991511	17.221356	9.547890	15.279053	10.024815	15.279053	10.024815	15.279053	10.024815	16.663233	11.468436	16.105111	13.388983	16.105111	13.388983	16.105111	13.388983
10	#66ccff	#000000	#00000000	#00000000		53.498550	54.701983	14.162808	13.865908	16.105111	13.388983	16.105111	13.388983	16.105111	13.388983	16.663233	11.468436	15.279053	10.024815	13.894873	8.581194	11.952570	9.058119	11.952570	9.058119	11.952570	9.058119	13.336750	10.501740	12.778628	12.422287	12.778628	12.422287	12.778628	12.422287
11	#A0A0A0	#000000	#00000000	#00000000		53.498550	54.701983	9.720080	16.740306	11.104260	18.183927	11.104260	18.183927	11.104260	18.183927	13.046563	17.707002	13.604685	15.786455	14.162808	13.865908	12.778628	12.422287	12.778628	12.422287	12.778628	12.422287	12.220505	14.342834	10.278202	14.819759	10.278202	14.819759	10.278202	14.819759
12	#ffffff	#000000	#00000000	#00000000		53.498550	54.701983	9.720080	16.740306	7.777777	17.217231	7.777777	17.217231	7.777777	17.217231	7.219654	19.137778	8.603835	20.581399	9.988015	22.025020	11.930318	21.548095	11.930318	21.548095	11.930318	21.548095	10.546137	20.104474	11.104260	18.183927	11.104260	18.183927	11.104260	18.183927
13	#ffffff	#000000	#00000000	#00000000		53.498550	54.701983	9.988015	22.025020	9.429894	23.945566	9.429894	23.945566	9.429894	23.945566	10.814074	25.389187	12.756377	24.912262	14.698680	24.435337	15.256801	22.514791	15.256801	22.514791	15.256801	22.514791	13.314498	22.991716	11.930318	21.548095	11.930318	21.548095	11.930318	21.548095
14	#66ccff	#000000	#00000000	#00000000		53.498550	54.701983	14.698680	24.435337	16.082862	25.878957	16.082862	25.878957	16.082862	25.878957	18.025165	25.402032	18.583285	23.481486	19.141406	21.560940	17.757224	20.117320	17.757224	20.117320	17.757224	20.117320	17.199103	22.037866	15.256801	22.514791	15.256801	22.514791	15.256801	22.514791
15	#A0A0A0	#000000	#00000000	#00000000		53.498550	54.701983	15.524741	27.799503	16.908923	29.243123	16.908923	29.243123	16.908923	29.243123	18.851225	28.766196	19.409346	26.845650	19.967466	24.925104	18.583284	23.481484	18.583284	23.481484	18.583284	23.481484	18.025164	25.402030	16.082862	25.878957	16.082862	25.878957	16.082862	25.878957
16	#A0A0A0	#000000	#00000000	#00000000		53.498550	54.701983	19.967466	24.925104	21.909768	24.448177	21.909768	24.448177	21.909768	24.448177	22.467889	22.527632	21.083707	21.084011	19.699525	19.640391	17.757223	20.117318	17.757223	20.117318	17.757223	20.117318	19.141405	21.560938	18.583284	23.481484	18.583284	23.481484	18.583284	23.481484
17	#66ccff	#000000	#00000000	#00000000		53.498550	54.701983	22.467889	22.527632	21.909768	24.448177	21.909768	24.448177	21.909768	24.448177	23.293950	25.891798	25.236253	25.414872	27.178556	24.937947	27.736677	23.017401	27.736677	23.017401	27.736677	23.017401	25.794374	23.494327	24.410192	22.050706	24.410192	22.050706	24.410192	22.050706
18	#ffffff	#000000	#00000000	#00000000		53.498550	54.701983	19.967466	24.925103	19.409345	26.845648	19.409345	26.845648	19.409345	26.845648	20.793527	28.289269	22.735830	27.812343	24.678132	27.335418	25.236253	25.414872	25.236253	25.414872	25.236253	25.414872	23.293950	25.891798	21.909768	24.448177	21.909768	24.448177	21.909768	24.448177
19	#ffffff	#000000	#00000000	#00000000		53.498550	54.701983	24.678132	27.335418	26.062314	28.779038	26.062314	28.779038	26.062314	28.779038	28.004617	28.302113	28.562738	26.381567	29.120859	24.461021	27.736677	23.017401	27.736677	23.017401	27.736677	23.017401	27.178556	24.937947	25.236253	25.414872	25.236253	25.414872	25.236253	25.414872
20	#66ccff	#000000	#00000000	#00000000		53.498550	54.701983	28.004617	28.302113	26.062314	28.779038	26.062314	28.779038	26.062314	28.779038	25.504193	30.699584	26.888374	32.143205	28.272554	33.586827	30.214857	33.109901	30.214857	33.109901	30.214857	33.109901	28.830677	31.666280	29.388797	29.745734	29.388797	29.745734	29.388797	29.745734
21	#66ccff	#000000	#00000000	#00000000		53.498550	54.701983	29.120859	24.461021	31.063161	23.984094	31.063161	23.984094	31.063161	23.984094	31.621282	22.063549	30.237100	20.619928	28.852918	19.176308	26.910616	19.653235	26.910616	19.653235	26.910616	19.653235	28.294798	21.096855	27.736677	23.017401	27.736677	23.017401	27.736677	23.017401
22	#A0A0A0	#000000	#00000000	#00000000		53.498550	54.701983	32.447342	25.427713	31.063161	23.984094	31.063161	23.984094	31.063161	23.984094	29.120859	24.461021	28.562738	26.381567	28.004617	28.302113	29.388798	29.745732	29.388798	29.745732	29.388798	29.745732	29.946919	27.825186	31.889221	27.348259	31.889221	27.348259	31.889221	27.348259
23	#66ccff	#000000	#00000000	#00000000		53.498550	54.701983	25.504193	30.699584	26.062314	28.779038	26.062314	28.779038	26.062314	28.779038	24.678132	27.335418	22.735830	27.812343	20.793527	28.289269	20.235406	30.209815	20.235406	30.209815	20.235406	30.209815	22.177709	29.732889	23.561891	31.176510	23.561891	31.176510	23.561891	31.176510
24	#006699	#000000	#00000000	#00000000		53.498550	54.701983	22.177709	29.732889	23.561891	31.176510	23.561891	31.176510	23.561891	31.176510	23.003770	33.097055	21.061467	33.573981	19.119164	34.050906	17.734982	32.607286	17.734982	32.607286	17.734982	32.607286	19.677285	32.130360	20.235406	30.209815	20.235406	30.209815	20.235406	30.209815
25	#66ccff	#000000	#00000000	#00000000		53.498550	54.701983	16.350801	31.163667	17.734983	32.607287	17.734983	32.607287	17.734983	32.607287	19.677285	32.130360	20.235406	30.209815	20.793527	28.289269	19.409345	26.845648	19.409345	26.845648	19.409345	26.845648	18.851224	28.766194	16.908922	29.243121	16.908922	29.243121	16.908922	29.243121
26	#A0A0A0	#000000	#00000000	#00000000		53.498550	54.701983	15.524740	27.799501	13.582438	28.276428	13.582438	28.276428	13.582438	28.276428	13.024317	30.196974	14.408499	31.640594	15.792681	33.084215	17.734983	32.607287	17.734983	32.607287	17.734983	32.607287	16.350801	31.163667	16.908922	29.243121	16.908922	29.243121	16.908922	29.243121
27	#A0A0A0	#000000	#00000000	#00000000		53.498550	54.701983	15.524740	27.799501	16.082861	25.878955	16.082861	25.878955	16.082861	25.878955	14.698680	24.435337	12.756378	24.912264	10.814076	25.389191	10.255955	27.309737	10.255955	27.309737	10.255955	27.309737	12.198257	26.832810	13.582438	28.276428	13.582438	28.276428	13.582438	28.276428
28	#66ccff	#000000	#00000000	#00000000		53.498550	54.701983	12.198257	26.832810	10.255955	27.309737	10.255955	27.309737	10.255955	27.309737	9.697834	29.230282	11.082015	30.673901	12.466196	32.117520	14.408498	31.640592	14.408498	31.640592	14.408498	31.640592	13.024317	30.196974	13.582438	28.276428	13.582438	28.276428	13.582438	28.276428
29	#006699	#000000	#00000000	#00000000		53.498550	54.701983	10.523895	32.594447	8.581593	33.071374	8.581593	33.071374	8.581593	33.071374	7.197412	31.627755	7.755532	29.707210	8.313653	27.786664	10.255955	27.309737	10.255955	27.309737	10.255955	27.309737	9.697834	29.230282	11.082015	30.673901	11.082015	30.673901	11.082015	30.673901
30	#A0A0A0	#000000	#00000000	#00000000		53.498550	54.701983	10.814076	25.389191	9.429894	23.945571	9.429894	23.945571	9.429894	23.945571	7.487591	24.422496	6.929470	26.343042	6.371350	28.263588	7.755532	29.707208	7.755532	29.707208	7.755532	29.707208	8.313652	27.786662	10.255955	27.309737	10.255955	27.309737	10.255955	27.309737
31	#66ccff	#000000	#00000000	#00000000		53.498550	54.701983	7.487592	24.422498	9.429894	23.945571	9.429894	23.945571	9.429894	23.945571	9.988015	22.025025	8.603833	20.581405	7.219651	19.137784	5.277349	19.614711	5.277349	19.614711	5.277349	19.614711	6.661531	21.058332	6.103410	22.978877	6.103410	22.978877	6.103410	22.978877
32	#66ccff	#000000	#00000000	#00000000		53.498550	54.701983	6.371350	28.263588	4.429048	28.740515	4.429048	28.740515	4.429048	28.740515	3.870927	30.661060	5.255109	32.104681	6.639291	33.548301	8.581593	33.071374	8.581593	33.071374	8.581593	33.071374	7.197411	31.627754	7.755532	29.707208	7.755532	29.707208	7.755532	29.707208
33	#A0A0A0	#000000	#00000000	#00000000		53.498550	54.701983	3.044865	27.296893	4.429047	28.740513	4.429047	28.740513	4.429047	28.740513	6.371350	28.263588	6.929470	26.343042	7.487591	24.422496	6.103409	22.978876	6.103409	22.978876	6.103409	22.978876	5.545288	24.899421	3.602986	25.376347	3.602986	25.376347	3.602986	25.376347
34	#ffffff	#000000	#00000000	#00000000		53.498550	54.701983	3.044867	27.296896	1.102565	27.773823	1.102565	27.773823	1.102565	27.773823	0.544444	29.694369	1.928625	31.137988	3.312806	32.581606	5.255108	32.104679	5.255108	32.104679	5.255108	32.104679	3.870927	30.661060	4.429048	28.740515	4.429048	28.740515	4.429048	28.740515
35	#66ccff	#000000	#00000000	#00000000		53.498550	54.701983	-4.166223	27.284054	-4.724344	29.204599	-4.724344	29.204599	-4.724344	29.204599	-3.340162	30.648220	-1.397859	30.171294	0.544444	29.694369	1.102565	27.773823	1.102565	27.773823	1.102565	27.773823	-0.839738	28.250749	-2.223920	26.807128	-2.223920	26.807128	-2.223920	26.807128
36	#006699	#000000	#00000000	#00000000		53.498550	54.701983	-0.013678	31.614913	-0.571799	33.535459	-0.571799	33.535459	-0.571799	33.535459	-2.514101	34.012386	-3.898283	32.568766	-5.282465	31.125145	-4.724344	29.204599	-4.724344	29.204599	-4.724344	29.204599	-3.340162	30.648220	-1.397860	30.171293	-1.397860	30.171293	-1.397860	30.171293
37	#66ccff	#000000	#00000000	#00000000		53.498550	54.701983	0.812383	34.979079	2.754685	34.502152	2.754685	34.502152	2.754685	34.502152	3.312806	32.581606	1.928625	31.137988	0.544444	29.694369	-1.397858	30.171296	-1.397858	30.171296	-1.397858	30.171296	-0.013677	31.614915	-0.571798	33.535461	-0.571798	33.535461	-0.571798	33.535461
38	#A0A0A0	#000000	#00000000	#00000000		53.498550	54.701983	-1.665799	24.886583	-2.223920	26.807128	-2.223920	26.807128	-2.223920	26.807128	-0.839738	28.250749	1.102564	27.773821	3.044866	27.296894	3.602987	25.376349	3.602987	25.376349	3.602987	25.376349	1.660685	25.853276	0.276503	24.409655	0.276503	24.409655	0.276503	24.409655
39	#66ccff	#000000	#00000000	#00000000		53.498550	54.701983	0.834623	22.489110	0.276503	24.409655	0.276503	24.409655	0.276503	24.409655	1.660685	25.853276	3.602987	25.376349	5.545288	24.899421	6.103409	22.978876	6.103409	22.978876	6.103409	22.978876	4.161107	23.455803	2.776925	22.012182	2.776925	22.012182	2.776925	22.012182
40	#006699	#000000	#00000000	#00000000		53.498550	54.701983	6.661530	21.058330	6.103409	22.978876	6.103409	22.978876	6.103409	22.978876	4.161106	23.455801	2.776924	22.012181	1.392742	20.568560	1.950863	18.648015	1.950863	18.648015	1.950863	18.648015	3.335045	20.091635	5.277348	19.614710	5.277348	19.614710	5.277348	19.614710
41	#A0A0A0	#000000	#00000000	#00000000		53.498550	54.701983	0.566682	17.204396	-1.375620	17.681323	-1.375620	17.681323	-1.375620	17.681323	-1.933741	19.601869	-0.549559	21.045489	0.834623	22.489110	2.776925	22.012182	2.776925	22.012182	2.776925	22.012182	1.392743	20.568562	1.950864	18.648016	1.950864	18.648016	1.950864	18.648016
42	#A0A0A0	#000000	#00000000	#00000000		53.498550	54.701983	5.009409	14.329999	3.625227	12.886379	3.625227	12.886379	3.625227	12.886379	1.682924	13.363305	1.124803	15.283850	0.566682	17.204396	1.950864	18.648016	1.950864	18.648016	1.950864	18.648016	2.508985	16.727471	4.451288	16.250545	4.451288	16.250545	4.451288	16.250545
43	#66ccff	#000000	#00000000	#00000000		53.498550	54.701983	2.508985	16.727471	1.950864	18.648016	1.950864	18.648016	1.950864	18.648016	3.335044	20.091638	5.277347	19.614712	7.219650	19.137787	7.777771	17.217241	7.777771	17.217241	7.777771	17.217241	5.835468	17.694167	4.451288	16.250545	4.451288	16.250545	4.451288	16.250545
44	#A0A0A0	#000000	#00000000	#00000000		53.498550	54.701983	5.009410	14.329999	4.451288	16.250545	4.451288	16.250545	4.451288	16.250545	5.835468	17.694167	7.777771	17.217241	9.720074	16.740316	10.278196	14.819769	10.278196	14.819769	10.278196	14.819769	8.335893	15.296694	6.951713	13.853073	6.951713	13.853073	6.951713	13.853073
45	#A0A0A0	#000000	#00000000	#00000000		53.498550	54.701983	5.009410	14.329999	6.951713	13.853073	6.951713	13.853073	6.951713	13.853073	7.509836	11.932526	6.125656	10.488905	4.741475	9.045284	2.799173	9.522209	2.799173	9.522209	2.799173	9.522209	4.183353	10.965831	3.625230	12.886377	3.625230	12.886377	3.625230	12.886377
46	#66ccff	#000000	#00000000	#00000000		53.498550	54.701983	7.509836	11.932526	6.951713	13.853073	6.951713	13.853073	6.951713	13.853073	8.335893	15.296694	10.278196	14.819769	12.220499	14.342844	12.778622	12.422297	12.778622	12.422297	12.778622	12.422297	10.836319	12.899222	9.452139	11.455601	9.452139	11.455601	9.452139	11.455601
47	#66ccff	#000000	#00000000	#00000000		53.498550	54.701983	1.682927	13.363303	3.625230	12.886377	3.625230	12.886377	3.625230	12.886377	4.183353	10.965831	2.799173	9.522209	1.414992	8.078588	-0.527310	8.555513	-0.527310	8.555513	-0.527310	8.555513	0.856870	9.999135	0.298747	11.919681	0.298747	11.919681	0.298747	11.919681
48	#A0A0A0	#000000	#00000000	#00000000		53.498550	54.701983	4.741475	9.045284	5.299596	7.124738	5.299596	7.124738	5.299596	7.124738	3.915416	5.681117	1.973113	6.158042	0.030810	6.634968	-0.527310	8.555513	-0.527310	8.555513	-0.527310	8.555513	1.414992	8.078588	2.799173	9.522209	2.799173	9.522209	2.799173	9.522209
49	#A0A0A0	#000000	#00000000	#00000000		53.498550	54.701983	-0.795249	3.270801	-1.353370	5.191346	-1.353370	5.191346	-1.353370	5.191346	0.030810	6.634968	1.973113	6.158042	3.915416	5.681117	4.473537	3.760571	4.473537	3.760571	4.473537	3.760571	2.531234	4.237497	1.147054	2.793875	1.147054	2.793875	1.147054	2.793875
50	#66ccff	#000000	#00000000	#00000000		53.498550	54.701983	3.915416	5.681117	5.299598	7.124737	5.299598	7.124737	5.299598	7.124737	7.241901	6.647812	7.800022	4.727266	8.358143	2.806720	6.973961	1.363100	6.973961	1.363100	6.973961	1.363100	6.415840	3.283646	4.473537	3.760571	4.473537	3.760571	4.473537	3.760571
51	#ffffff	#000000	#00000000	#00000000		53.498550	54.701983	7.241901	6.647812	5.299598	7.124737	5.299598	7.124737	5.299598	7.124737	4.741477	9.045283	6.125657	10.488904	7.509838	11.932526	9.452140	11.455600	9.452140	11.455600	9.452140	11.455600	8.067960	10.011979	8.626081	8.091433	8.626081	8.091433	8.626081	8.091433
52	#ffffff	#000000	#00000000	#00000000		53.498550	54.701983	11.684629	3.773414	10.300449	2.329793	10.300449	2.329793	10.300449	2.329793	8.358146	2.806718	7.800023	4.727265	7.241901	6.647812	8.626081	8.091433	8.626081	8.091433	8.626081	8.091433	9.184204	6.170886	11.126506	5.693961	11.126506	5.693961	11.126506	5.693961
53	#006699	#000000	#00000000	#00000000		53.498550	54.701983	13.336744	10.501750	12.778622	12.422297	12.778622	12.422297	12.778622	12.422297	10.836319	12.899222	9.452139	11.455601	8.067958	10.011980	8.626081	8.091433	8.626081	8.091433	8.626081	8.091433	10.010261	9.535054	11.952564	9.058129	11.952564	9.058129	11.952564	9.058129
54	#66ccff	#000000	#00000000	#00000000		53.498550	54.701983	9.184204	6.170886	8.626081	8.091433	8.626081	8.091433	8.626081	8.091433	10.010261	9.535054	11.952564	9.058129	13.894867	8.581204	14.452990	6.660657	14.452990	6.660657	14.452990	6.660657	12.510687	7.137582	11.126506	5.693961	11.126506	5.693961	11.126506	5.693961
55	#66ccff	#000000	#00000000	#00000000		53.498550	54.701983	11.684629	3.773414	11.126506	5.693961	11.126506	5.693961	11.126506	5.693961	12.510687	7.137582	14.452990	6.660657	16.395292	6.183732	16.953415	4.263185	16.953415	4.263185	16.953415	4.263185	15.011112	4.740110	13.626932	3.296489	13.626932	3.296489	13.626932	3.296489
56	#006699	#000000	#00000000	#00000000		53.498550	54.701983	17.511538	2.342638	16.953415	4.263185	16.953415	4.263185	16.953415	4.263185	15.011112	4.740110	13.626932	3.296489	12.242752	1.852868	12.800874	-0.067679	12.800874	-0.067679	12.800874	-0.067679	14.185055	1.375942	16.127357	0.899017	16.127357	0.899017	16.127357	0.899017
57	#ffffff	#000000	#00000000	#00000000		53.498550	54.701983	13.894867	8.581204	15.279047	10.024825	15.279047	10.024825	15.279047	10.024825	17.221350	9.547900	17.779473	7.627353	18.337595	5.706806	16.953415	4.263185	16.953415	4.263185	16.953415	4.263185	16.395292	6.183732	14.452990	6.660657	14.452990	6.660657	14.452990	6.660657
58	#66ccff	#000000	#00000000	#00000000		53.498550	54.701983	18.337595	5.706806	20.279898	5.229881	20.279898	5.229881	20.279898	5.229881	20.838021	3.309334	19.453840	1.865713	18.069660	0.422092	16.127357	0.899017	16.127357	0.899017	16.127357	0.899017	17.511538	2.342638	16.953415	4.263185	16.953415	4.263185	16.953415	4.263185
59	#66ccff	#000000	#00000000	#00000000		53.498550	54.701983	21.664078	6.673502	20.279898	5.229881	20.279898	5.229881	20.279898	5.229881	18.337595	5.706806	17.779473	7.627353	17.221350	9.547900	18.605530	10.991521	18.605530	10.991521	18.605530	10.991521	19.163653	9.070974	21.105956	8.594049	21.105956	8.594049	21.105956	8.594049
60	#ffffff	#000000	#00000000	#00000000		53.498550	54.701983	20.838021	3.309334	20.279898	5.229881	20.279898	5.229881	20.279898	5.229881	21.664078	6.673502	23.606381	6.196577	25.548684	5.719651	26.106806	3.799105	26.106806	3.799105	26.106806	3.799105	24.164504	4.276030	22.780323	2.832409	22.780323	2.832409	22.780323	2.832409
61	#66ccff	#000000	#00000000	#00000000		53.498550	54.701983	25.548684	5.719651	26.932864	7.163273	26.932864	7.163273	26.932864	7.163273	28.875167	6.686347	29.433289	4.765800	29.991412	2.845254	28.607232	1.401633	28.607232	1.401633	28.607232	1.401633	28.049109	3.322179	26.106806	3.799105	26.106806	3.799105	26.106806	3.799105
62	#ffffff	#000000	#00000000	#00000000		53.498550	54.701983	20.570084	-1.975380	18.627781	-1.498454	18.627781	-1.498454	18.627781	-1.498454	18.069660	0.422092	19.453840	1.865713	20.838021	3.309334	22.780323	2.832409	22.780323	2.832409	22.780323	2.832409	21.396143	1.388787	21.954264	-0.531758	21.954264	-0.531758	21.954264	-0.531758
63	#006699	#000000	#00000000	#00000000		53.498550	54.701983	27.223052	-0.041989	28.607232	1.401633	28.607232	1.401633	28.607232	1.401633	28.049109	3.322179	26.106806	3.799105	24.164504	4.276030	22.780323	2.832409	22.780323	2.832409	22.780323	2.832409	24.722626	2.355483	25.280749	0.434937	25.280749	0.434937	25.280749	0.434937
64	#A0A0A0	#000000	#00000000	#00000000		53.498550	54.701983	26.374741	9.083819	26.932864	7.163273	26.932864	7.163273	26.932864	7.163273	25.548684	5.719651	23.606381	6.196577	21.664078	6.673502	21.105956	8.594049	21.105956	8.594049	21.105956	8.594049	23.048258	8.117123	24.432439	9.560745	24.432439	9.560745	24.432439	9.560745
65	#A0A0A0	#000000	#00000000	#00000000		53.498550	54.701983	26.642678	14.368533	28.584981	13.891608	28.584981	13.891608	28.584981	13.891608	29.143102	11.971062	27.758922	10.527441	26.374741	9.083819	24.432439	9.560745	24.432439	9.560745	24.432439	9.560745	25.816619	11.004366	25.258498	12.924912	25.258498	12.924912	25.258498	12.924912
66	#A0A0A0	#000000	#00000000	#00000000		53.498550	54.701983	26.642678	14.368533	26.084557	16.289079	26.084557	16.289079	26.084557	16.289079	27.468738	17.732700	29.411040	17.255775	31.353343	16.778849	31.911464	14.858303	31.911464	14.858303	31.911464	14.858303	29.969161	15.335229	28.584981	13.891608	28.584981	13.891608	28.584981	13.891608
67	#66ccff	#000000	#00000000	#00000000		53.498550	54.701983	24.142255	16.766004	23.584134	18.686550	23.584134	18.686550	23.584134	18.686550	24.968316	20.130170	26.910619	19.653245	28.852921	19.176319	29.411042	17.255774	29.411042	17.255774	29.411042	17.255774	27.468739	17.732699	26.084557	16.289079	26.084557	16.289079	26.084557	16.289079
68	#006699	#000000	#00000000	#00000000		53.498550	54.701983	28.294801	21.096865	27.736680	23.017411	27.736680	23.017411	27.736680	23.017411	25.794377	23.494336	24.410195	22.050716	23.026013	20.607096	23.584134	18.686550	23.584134	18.686550	23.584134	18.686550	24.968316	20.130170	26.910619	19.653245	26.910619	19.653245	26.910619	19.653245
69	#ffffff	#000000	#00000000	#00000000		53.498550	54.701983	31.621282	22.063549	31.063161	23.984094	31.063161	23.984094	31.063161	23.984094	32.447343	25.427715	34.389645	24.950789	36.331948	24.473864	36.890069	22.553318	36.890069	22.553318	36.890069	22.553318	34.947766	23.030244	33.563584	21.586623	33.563584	21.586623	33.563584	21.586623
70	#ffffff	#000000	#00000000	#00000000		53.498550	54.701983	31.353345	16.778835	29.411042	17.255760	29.411042	17.255760	29.411042	17.255760	28.852921	19.176306	30.237101	20.619927	31.621282	22.063549	33.563584	21.586623	33.563584	21.586623	33.563584	21.586623	32.179404	20.143002	32.737525	18.222456	32.737525	18.222456	32.737525	18.222456
71	#A0A0A0	#000000	#00000000	#00000000		53.498550	54.701983	31.353343	16.778836	32.737525	18.222456	32.737525	18.222456	32.737525	18.222456	34.679828	17.745531	35.237949	15.824985	35.796069	13.904439	34.411887	12.460819	34.411887	12.460819	34.411887	12.460819	33.853767	14.381365	31.911464	14.858290	31.911464	14.858290	31.911464	14.858290
72	#006699	#000000	#00000000	#00000000		53.498550	54.701983	31.643525	9.573577	33.585828	9.096652	33.585828	9.096652	33.585828	9.096652	34.970008	10.540273	34.411887	12.460819	33.853767	14.381365	31.911464	14.858290	31.911464	14.858290	31.911464	14.858290	32.469585	12.937744	31.085404	11.494123	31.085404	11.494123	31.085404	11.494123
73	#66ccff	#000000	#00000000	#00000000		53.498550	54.701983	29.969161	15.335215	31.911464	14.858290	31.911464	14.858290	31.911464	14.858290	32.469585	12.937744	31.085404	11.494123	29.701224	10.050502	27.758921	10.527427	27.758921	10.527427	27.758921	10.527427	29.143102	11.971048	28.584981	13.891594	28.584981	13.891594	28.584981	13.891594
74	#ffffff	#000000	#00000000	#00000000		53.498550	54.701983	26.374741	9.083806	27.758921	10.527427	27.758921	10.527427	27.758921	10.527427	29.701224	10.050502	30.259345	8.129956	30.817466	6.209410	29.433286	4.765789	29.433286	4.765789	29.433286	4.765789	28.875165	6.686335	26.932862	7.163260	26.932862	7.163260	26.932862	7.163260
75	#ffffff	#000000	#00000000	#00000000		53.498550	54.701983	30.817466	6.209410	32.759769	5.732485	32.759769	5.732485	32.759769	5.732485	33.317891	3.811938	31.933711	2.368317	30.549531	0.924696	28.607228	1.401621	28.607228	1.401621	28.607228	1.401621	29.991408	2.845242	29.433286	4.765789	29.433286	4.765789	29.433286	4.765789
76	#66ccff	#000000	#00000000	#00000000		53.498550	54.701983	30.549531	0.924696	31.107652	-0.995850	31.107652	-0.995850	31.107652	-0.995850	29.723471	-2.439471	27.781169	-1.962546	25.838866	-1.485621	25.280745	0.434925	25.280745	0.434925	25.280745	0.434925	27.223048	-0.042000	28.607228	1.401621	28.607228	1.401621	28.607228	1.401621
77	#A0A0A0	#000000	#00000000	#00000000		53.498550	54.701983	33.049956	-1.472776	31.107653	-0.995851	31.107653	-0.995851	31.107653	-0.995851	30.549531	0.924696	31.933711	2.368317	33.317891	3.811938	35.260194	3.335013	35.260194	3.335013	35.260194	3.335013	33.876014	1.891391	34.434136	-0.029155	34.434136	-0.029155	34.434136	-0.029155
78	#66ccff	#000000	#00000000	#00000000		53.498550	54.701983	33.317891	3.811938	32.759770	5.732484	32.759770	5.732484	32.759770	5.732484	34.143951	7.176105	36.086253	6.699180	38.028556	6.222254	38.586677	4.301709	38.586677	4.301709	38.586677	4.301709	36.644374	4.778634	35.260194	3.335013	35.260194	3.335013	35.260194	3.335013
79	#006699	#000000	#00000000	#00000000		53.498550	54.701983	36.644374	4.778634	35.260192	3.335014	35.260192	3.335014	35.260192	3.335014	35.818313	1.414468	37.760616	0.937543	39.702919	0.460617	41.087101	1.904238	41.087101	1.904238	41.087101	1.904238	39.144798	2.381163	38.586677	4.301709	38.586677	4.301709	38.586677	4.301709
80	#66ccff	#000000	#00000000	#00000000		53.498550	54.701983	34.143951	7.176105	32.759769	5.732485	32.759769	5.732485	32.759769	5.732485	30.817466	6.209410	30.259345	8.129956	29.701224	10.050502	31.085406	11.494122	31.085406	11.494122	31.085406	11.494122	31.643527	9.573576	33.585830	9.096651	33.585830	9.096651	33.585830	9.096651
81	#ffffff	#000000	#00000000	#00000000		53.498550	54.701983	38.854617	9.586421	39.412738	7.665875	39.412738	7.665875	39.412738	7.665875	38.028556	6.222254	36.086253	6.699180	34.143951	7.176105	33.585830	9.096651	33.585830	9.096651	33.585830	9.096651	35.528133	8.619726	36.912315	10.063346	36.912315	10.063346	36.912315	10.063346
82	#66ccff	#000000	#00000000	#00000000		53.498550	54.701983	42.471282	3.347856	41.087100	1.904236	41.087100	1.904236	41.087100	1.904236	39.144798	2.381163	38.586677	4.301709	38.028556	6.222254	39.412738	7.665875	39.412738	7.665875	39.412738	7.665875	39.970859	5.745329	41.913161	5.268402	41.913161	5.268402	41.913161	5.268402
83	#ffffff	#000000	#00000000	#00000000		53.498550	54.701983	43.297342	6.712020	45.239644	6.235093	45.239644	6.235093	45.239644	6.235093	45.797765	4.314548	44.413584	2.870929	43.029403	1.427310	41.087101	1.904238	41.087101	1.904238	41.087101	1.904238	42.471282	3.347856	41.913161	5.268402	41.913161	5.268402	41.913161	5.268402
84	#66ccff	#000000	#00000000	#00000000		53.498550	54.701983	43.297343	6.712022	41.913161	5.268402	41.913161	5.268402	41.913161	5.268402	39.970858	5.745327	39.412737	7.665873	38.854617	9.586419	40.238798	11.030039	40.238798	11.030039	40.238798	11.030039	40.796919	9.109493	42.739222	8.632568	42.739222	8.632568	42.739222	8.632568
85	#006699	#000000	#00000000	#00000000		53.498550	54.701983	40.796919	9.109493	42.739221	8.632566	42.739221	8.632566	42.739221	8.632566	44.123403	10.076187	43.565282	11.996732	43.007162	13.917278	41.064860	14.394205	41.064860	14.394205	41.064860	14.394205	41.622980	12.473659	40.238798	11.030039	40.238798	11.030039	40.238798	11.030039
86	#66ccff	#000000	#00000000	#00000000		53.498550	54.701983	39.122558	14.871132	41.064860	14.394205	41.064860	14.394205	41.064860	14.394205	41.622980	12.473659	40.238798	11.030039	38.854617	9.586419	36.912315	10.063346	36.912315	10.063346	36.912315	10.063346	38.296497	11.506966	37.738376	13.427512	37.738376	13.427512	37.738376	13.427512
87	#66ccff	#000000	#00000000	#00000000		53.498550	54.701983	35.796073	13.904437	37.738376	13.427512	37.738376	13.427512	37.738376	13.427512	38.296497	11.506966	36.912315	10.063346	35.528133	8.619726	33.585830	9.096651	33.585830	9.096651	33.585830	9.096651	34.970012	10.540271	34.411891	12.460817	34.411891	12.460817	34.411891	12.460817
88	#ffffff	#000000	#00000000	#00000000		53.498550	54.701983	35.796073	13.904437	35.237952	15.824983	35.237952	15.824983	35.237952	15.824983	36.622134	17.268603	38.564437	16.791678	40.506740	16.314753	41.064861	14.394207	41.064861	14.394207	41.064861	14.394207	39.122558	14.871132	37.738376	13.427512	37.738376	13.427512	37.738376	13.427512
89	#66ccff	#000000	#00000000	#00000000		53.498550	54.701983	32.179409	20.143002	33.563591	21.586622	33.563591	21.586622	33.563591	21.586622	35.505892	21.109695	36.064013	19.189149	36.622134	17.268603	35.237952	15.824983	35.237952	15.824983	35.237952	15.824983	34.679831	17.745529	32.737529	18.222456	32.737529	18.222456	32.737529	18.222456
90	#006699	#000000	#00000000	#00000000		53.498550	54.701983	38.006315	18.712222	39.390497	20.155842	39.390497	20.155842	39.390497	20.155842	38.832376	22.076388	36.890074	22.553315	34.947773	23.030243	33.563591	21.586622	33.563591	21.586622	33.563591	21.586622	35.505892	21.109695	36.064013	19.189149	36.064013	19.189149	36.064013	19.189149
91	#66ccff	#000000	#00000000	#00000000		53.498550	54.701983	36.331948	24.473864	37.716130	25.917484	37.716130	25.917484	37.716130	25.917484	39.658433	25.440559	40.216554	23.520013	40.774675	21.599467	39.390493	20.155847	39.390493	20.155847	39.390493	20.155847	38.832372	22.076393	36.890069	22.553318	36.890069	22.553318	36.890069	22.553318
92	#A0A0A0	#000000	#00000000	#00000000		53.498550	54.701983	37.158009	27.838030	37.716130	25.917484	37.716130	25.917484	37.716130	25.917484	36.331948	24.473864	34.389646	24.950791	32.447345	25.427718	31.889224	27.348264	31.889224	27.348264	31.889224	27.348264	33.831526	26.871337	35.215708	28.314957	35.215708	28.314957	35.215708	28.314957
93	#66ccff	#000000	#00000000	#00000000		53.498550	54.701983	34.657587	30.235503	35.215708	28.314957	35.215708	28.314957	35.215708	28.314957	33.831526	26.871337	31.889224	27.348264	29.946922	27.825191	29.388801	29.745737	29.388801	29.745737	29.388801	29.745737	31.331103	29.268810	32.715285	30.712430	32.715285	30.712430	32.715285	30.712430
94	#006699	#000000	#00000000	#00000000		53.498550	54.701983	28.830680	31.666283	29.388801	29.745737	29.388801	29.745737	29.388801	29.745737	31.331104	29.268811	32.715286	30.712432	34.099468	32.156052	33.541347	34.076598	33.541347	34.076598	33.541347	34.076598	32.157165	32.632978	30.214862	33.109903	30.214862	33.109903	30.214862	33.109903
95	#ffffff	#000000	#00000000	#00000000		53.498550	54.701983	34.925528	35.520217	36.867830	35.043289	36.867830	35.043289	36.867830	35.043289	37.425951	33.122744	36.041769	31.679123	34.657587	30.235503	32.715285	30.712430	32.715285	30.712430	32.715285	30.712430	34.099467	32.156050	33.541346	34.076596	33.541346	34.076596	33.541346	34.076596
96	#A0A0A0	#000000	#00000000	#00000000		53.498550	54.701983	37.158009	27.838030	35.215708	28.314957	35.215708	28.314957	35.215708	28.314957	34.657587	30.235503	36.041769	31.679123	37.425951	33.122744	39.368253	32.645816	39.368253	32.645816	39.368253	32.645816	37.984071	31.202196	38.542191	29.281650	38.542191	29.281650	38.542191	29.281650
97	#A0A0A0	#000000	#00000000	#00000000		53.498550	54.701983	37.158009	27.838030	38.542191	29.281650	38.542191	29.281650	38.542191	29.281650	40.484494	28.804725	41.042615	26.884179	41.600736	24.963633	40.216554	23.520013	40.216554	23.520013	40.216554	23.520013	39.658433	25.440559	37.716130	25.917484	37.716130	25.917484	37.716130	25.917484
98	#A0A0A0	#000000	#00000000	#00000000		53.498550	54.701983	41.600736	24.963633	43.543038	24.486706	43.543038	24.486706	43.543038	24.486706	44.101159	22.566161	42.716977	21.122540	41.332795	19.678920	39.390493	20.155847	39.390493	20.155847	39.390493	20.155847	40.774675	21.599467	40.216554	23.520013	40.216554	23.520013	40.216554	23.520013
99	#66ccff	#000000	#00000000	#00000000		53.498550	54.701983	41.332795	19.678920	41.890915	17.758374	41.890915	17.758374	41.890915	17.758374	40.506734	16.314756	38.564433	16.791683	36.622131	17.268610	36.064010	19.189156	36.064010	19.189156	36.064010	19.189156	38.006312	18.712228	39.390493	20.155847	39.390493	20.155847	39.390493	20.155847
100	#ffffff	#000000	#00000000	#00000000		53.498550	54.701983	40.506734	16.314754	41.890915	17.758374	41.890915	17.758374	41.890915	17.758374	43.833218	17.281449	44.391339	15.360903	44.949460	13.440357	43.565278	11.996737	43.565278	11.996737	43.565278	11.996737	43.007157	13.917283	41.064854	14.394208	41.064854	14.394208	41.064854	14.394208
101	#66ccff	#000000	#00000000	#00000000		53.498550	54.701983	44.949460	13.440357	46.891762	12.963430	46.891762	12.963430	46.891762	12.963430	47.449883	11.042884	46.065701	9.599264	44.681519	8.155644	42.739217	8.632571	42.739217	8.632571	42.739217	8.632571	44.123399	10.076191	43.565278	11.996737	43.565278	11.996737	43.565278	11.996737
102	#A0A0A0	#000000	#00000000	#00000000		53.498550	54.701983	48.008008	9.122338	48.566129	7.201793	48.566129	7.201793	48.566129	7.201793	47.181949	5.758171	45.239646	6.235097	43.297343	6.712022	42.739222	8.632568	42.739222	8.632568	42.739222	8.632568	44.681525	8.155643	46.065705	9.599264	46.065705	9.599264	46.065705	9.599264
103	#66ccff	#000000	#00000000	#00000000		53.498550	54.701983	50.508432	6.724867	51.066552	4.804322	51.066552	4.804322	51.066552	4.804322	49.682370	3.360701	47.740068	3.837627	45.797765	4.314552	45.239644	6.235098	45.239644	6.235098	45.239644	6.235098	47.181947	5.758172	48.566129	7.201793	48.566129	7.201793	48.566129	7.201793
104	#006699	#000000	#00000000	#00000000		53.498550	54.701983	46.355886	2.394006	46.914007	0.473461	46.914007	0.473461	46.914007	0.473461	48.856309	-0.003465	50.240491	1.440155	51.624673	2.883776	51.066552	4.804322	51.066552	4.804322	51.066552	4.804322	49.682370	3.360701	47.740068	3.837627	47.740068	3.837627	47.740068	3.837627
105	#ffffff	#000000	#00000000	#00000000		53.498550	54.701983	48.008008	9.122338	49.392190	10.565959	49.392190	10.565959	49.392190	10.565959	51.334493	10.089033	51.892614	8.168488	52.450734	6.247942	51.066552	4.804322	51.066552	4.804322	51.066552	4.804322	50.508432	6.724867	48.566129	7.201793	48.566129	7.201793	48.566129	7.201793
106	#ffffff	#000000	#00000000	#00000000		53.498550	54.701983	52.450734	6.247942	54.393036	5.771015	54.393036	5.771015	54.393036	5.771015	54.951157	3.850469	53.566975	2.406849	52.182793	0.963228	50.240491	1.440155	50.240491	1.440155	50.240491	1.440155	51.624673	2.883776	51.066552	4.804322	51.066552	4.804322	51.066552	4.804322
107	#66ccff	#000000	#00000000	#00000000		53.498550	54.701983	51.602433	15.373745	53.544735	14.896818	53.544735	14.896818	53.544735	14.896818	54.102856	12.976272	52.718674	11.532652	51.334492	10.089032	49.392190	10.565959	49.392190	10.565959	49.392190	10.565959	50.776372	12.009579	50.218251	13.930125	50.218251	13.930125	50.218251	13.930125
108	#A0A0A0	#000000	#00000000	#00000000		53.498550	54.701983	48.275948	14.407050	50.218251	13.930125	50.218251	13.930125	50.218251	13.930125	50.776372	12.009579	49.392190	10.565959	48.008008	9.122338	46.065705	9.599264	46.065705	9.599264	46.065705	9.599264	47.449887	11.042884	46.891766	12.963430	46.891766	12.963430	46.891766	12.963430
109	#006699	#000000	#00000000	#00000000		53.498550	54.701983	53.276796	9.612108	55.219098	9.135181	55.219098	9.135181	55.219098	9.135181	56.603279	10.578799	56.045158	12.499345	55.487037	14.419891	53.544735	14.896818	53.544735	14.896818	53.544735	14.896818	54.102856	12.976272	52.718675	11.532654	52.718675	11.532654	52.718675	11.532654
110	#66ccff	#000000	#00000000	#00000000		53.498550	54.701983	55.777218	7.214635	54.393037	5.771017	54.393037	5.771017	54.393037	5.771017	52.450735	6.247944	51.892615	8.168489	51.334494	10.089035	52.718675	11.532654	52.718675	11.532654	52.718675	11.532654	53.276796	9.612108	55.219098	9.135181	55.219098	9.135181	55.219098	9.135181
111	#A0A0A0	#000000	#00000000	#00000000		53.498550	54.701983	48.275948	14.407050	47.717827	16.327596	47.717827	16.327596	47.717827	16.327596	49.102008	17.771217	51.044311	17.294292	52.986613	16.817367	53.544734	14.896821	53.544734	14.896821	53.544734	14.896821	51.602431	15.373746	50.218251	13.930125	50.218251	13.930125	50.218251	13.930125
112	#A0A0A0	#000000	#00000000	#00000000		53.498550	54.701983	48.275948	14.407050	46.891766	12.963430	46.891766	12.963430	46.891766	12.963430	44.949464	13.440355	44.391343	15.360901	43.833222	17.281447	45.217404	18.725067	45.217404	18.725067	45.217404	18.725067	45.775525	16.804521	47.717827	16.327596	47.717827	16.327596	47.717827	16.327596
113	#A0A0A0	#000000	#00000000	#00000000		53.498550	54.701983	43.833222	17.281447	41.890920	17.758374	41.890920	17.758374	41.890920	17.758374	41.332799	19.678920	42.716981	21.122540	44.101163	22.566160	46.043465	22.089233	46.043465	22.089233	46.043465	22.089233	44.659283	20.645613	45.217404	18.725067	45.217404	18.725067	45.217404	18.725067
114	#66ccff	#000000	#00000000	#00000000		53.498550	54.701983	49.102008	17.771217	47.717827	16.327596	47.717827	16.327596	47.717827	16.327596	45.775525	16.804521	45.217404	18.725067	44.659283	20.645613	46.043463	22.089234	46.043463	22.089234	46.043463	22.089234	46.601584	20.168688	48.543887	19.691763	48.543887	19.691763	48.543887	19.691763
115	#A0A0A0	#000000	#00000000	#00000000		53.498550	54.701983	53.812673	20.181534	54.370794	18.260988	54.370794	18.260988	54.370794	18.260988	52.986613	16.817367	51.044311	17.294292	49.102008	17.771217	48.543887	19.691763	48.543887	19.691763	48.543887	19.691763	50.486190	19.214838	51.870370	20.658459	51.870370	20.658459	51.870370	20.658459
116	#A0A0A0	#000000	#00000000	#00000000		53.498550	54.701983	52.986613	16.817367	54.370795	18.260987	54.370795	18.260987	54.370795	18.260987	56.313098	17.784062	56.871219	15.863516	57.429340	13.942970	56.045158	12.499350	56.045158	12.499350	56.045158	12.499350	55.487037	14.419895	53.544734	14.896821	53.544734	14.896821	53.544734	14.896821
117	#006699	#000000	#00000000	#00000000		53.498550	54.701983	47.427643	23.532856	46.043463	22.089234	46.043463	22.089234	46.043463	22.089234	46.601586	20.168688	48.543889	19.691762	50.486191	19.214837	51.870372	20.658458	51.870372	20.658458	51.870372	20.658458	49.928069	21.135383	49.369946	23.055930	49.369946	23.055930	49.369946	23.055930
118	#66ccff	#000000	#00000000	#00000000		53.498550	54.701983	44.101163	22.566160	43.543042	24.486706	43.543042	24.486706	43.543042	24.486706	44.927223	25.930325	46.869525	25.453398	48.811827	24.976470	49.369948	23.055925	49.369948	23.055925	49.369948	23.055925	47.427646	23.532852	46.043465	22.089233	46.043465	22.089233	46.043465	22.089233
119	#66ccff	#000000	#00000000	#00000000		53.498550	54.701983	53.254552	22.102079	51.870372	20.658458	51.870372	20.658458	51.870372	20.658458	49.928069	21.135383	49.369946	23.055930	48.811824	24.976477	50.196004	26.420098	50.196004	26.420098	50.196004	26.420098	50.754126	24.499551	52.696429	24.022626	52.696429	24.022626	52.696429	24.022626
120	#A0A0A0	#000000	#00000000	#00000000		53.498550	54.701983	54.080610	25.466247	56.022912	24.989322	56.022912	24.989322	56.022912	24.989322	56.581033	23.068776	55.196853	21.625155	53.812673	20.181534	51.870370	20.658459	51.870370	20.658459	51.870370	20.658459	53.254550	22.102080	52.696429	24.022626	52.696429	24.022626	52.696429	24.022626
121	#A0A0A0	#000000	#00000000	#00000000		53.498550	54.701983	54.080610	25.466247	52.696429	24.022626	52.696429	24.022626	52.696429	24.022626	50.754126	24.499551	50.196006	26.420097	49.637885	28.340643	51.022065	29.784264	51.022065	29.784264	51.022065	29.784264	51.580186	27.863718	53.522489	27.386793	53.522489	27.386793	53.522489	27.386793
122	#A0A0A0	#000000	#00000000	#00000000		53.498550	54.701983	49.637885	28.340643	47.695582	28.817568	47.695582	28.817568	47.695582	28.817568	47.137459	30.738115	48.521640	32.181736	49.905820	33.625358	51.848123	33.148432	51.848123	33.148432	51.848123	33.148432	50.463942	31.704811	51.022065	29.784264	51.022065	29.784264	51.022065	29.784264
123	#ffffff	#000000	#00000000	#00000000		53.498550	54.701983	49.637885	28.340643	50.196006	26.420097	50.196006	26.420097	50.196006	26.420097	48.811825	24.976476	46.869523	25.453401	44.927220	25.930327	44.369099	27.850872	44.369099	27.850872	44.369099	27.850872	46.311402	27.373947	47.695582	28.817568	47.695582	28.817568	47.695582	28.817568
124	#ffffff	#000000	#00000000	#00000000		53.498550	54.701983	44.927220	25.930327	43.543038	24.486706	43.543038	24.486706	43.543038	24.486706	41.600735	24.963632	41.042614	26.884177	40.484493	28.804723	41.868675	30.248344	41.868675	30.248344	41.868675	30.248344	42.426796	28.327798	44.369099	27.850872	44.369099	27.850872	44.369099	27.850872
125	#66ccff	#000000	#00000000	#00000000		53.498550	54.701983	40.484493	28.804723	38.542191	29.281650	38.542191	29.281650	38.542191	29.281650	37.984071	31.202196	39.368253	32.645816	40.752435	34.089437	42.694736	33.612510	42.694736	33.612510	42.694736	33.612510	41.310554	32.168889	41.868675	30.248344	41.868675	30.248344	41.868675	30.248344
126	#66ccff	#000000	#00000000	#00000000		53.498550	54.701983	46.311402	27.373947	44.369099	27.850872	44.369099	27.850872	44.369099	27.850872	43.810976	29.771419	45.195157	31.215040	46.579337	32.658662	48.521640	32.181736	48.521640	32.181736	48.521640	32.181736	47.137459	30.738115	47.695582	28.817568	47.695582	28.817568	47.695582	28.817568
127	#006699	#000000	#00000000	#00000000		53.498550	54.701983	44.637038	33.135585	42.694735	33.612511	42.694735	33.612511	42.694735	33.612511	41.310554	32.168889	41.868675	30.248344	42.426796	28.327798	44.369099	27.850872	44.369099	27.850872	44.369099	27.850872	43.810978	29.771418	45.195158	31.215039	45.195158	31.215039	45.195158	31.215039
128	#66ccff	#000000	#00000000	#00000000		53.498550	54.701983	42.136610	35.533058	43.520791	36.976679	43.520791	36.976679	43.520791	36.976679	45.463093	36.499754	46.021216	34.579207	46.579339	32.658661	45.195158	31.215039	45.195158	31.215039	45.195158	31.215039	44.637036	33.135586	42.694733	33.612512	42.694733	33.612512	42.694733	33.612512
129	#A0A0A0	#000000	#00000000	#00000000		53.498550	54.701983	37.425947	33.122741	36.867826	35.043287	36.867826	35.043287	36.867826	35.043287	38.252006	36.486908	40.194309	36.009983	42.136612	35.533057	42.694733	33.612512	42.694733	33.612512	42.694733	33.612512	40.752430	34.089437	39.368250	32.645816	39.368250	32.645816	39.368250	32.645816
130	#66ccff	#000000	#00000000	#00000000		53.498550	54.701983	38.252008	36.486907	36.867826	35.043287	36.867826	35.043287	36.867826	35.043287	34.925523	35.520212	34.367403	37.440758	33.809282	39.361304	35.193464	40.804924	35.193464	40.804924	35.193464	40.804924	35.751585	38.884378	37.693887	38.407453	37.693887	38.407453	37.693887	38.407453
131	#ffffff	#000000	#00000000	#00000000		53.498550	54.701983	30.482797	38.394609	31.866979	39.838229	31.866979	39.838229	31.866979	39.838229	33.809282	39.361304	34.367403	37.440758	34.925523	35.520212	33.541341	34.076592	33.541341	34.076592	33.541341	34.076592	32.983221	35.997138	31.040918	36.474063	31.040918	36.474063	31.040918	36.474063
132	#66ccff	#000000	#00000000	#00000000		53.498550	54.701983	32.983221	35.997138	33.541341	34.076592	33.541341	34.076592	33.541341	34.076592	32.157161	32.632971	30.214858	33.109896	28.272556	33.586821	27.714435	35.507367	27.714435	35.507367	27.714435	35.507367	29.656738	35.030442	31.040918	36.474063	31.040918	36.474063	31.040918	36.474063
133	#ffffff	#000000	#00000000	#00000000		53.498550	54.701983	25.772132	35.984292	27.714435	35.507367	27.714435	35.507367	27.714435	35.507367	28.272556	33.586821	26.888374	32.143201	25.504192	30.699581	23.561889	31.176506	23.561889	31.176506	23.561889	31.176506	24.946071	32.620126	24.387950	34.540672	24.387950	34.540672	24.387950	34.540672
134	#66ccff	#000000	#00000000	#00000000		53.498550	54.701983	20.503345	35.494525	21.887527	36.938145	21.887527	36.938145	21.887527	36.938145	23.829829	36.461218	24.387950	34.540672	24.946071	32.620126	23.561889	31.176506	23.561889	31.176506	23.561889	31.176506	23.003768	33.097052	21.061466	33.573979	21.061466	33.573979	21.061466	33.573979
135	#A0A0A0	#000000	#00000000	#00000000		53.498550	54.701983	15.792681	33.084215	15.234560	35.004760	15.234560	35.004760	15.234560	35.004760	16.618741	36.448379	18.561043	35.971452	20.503345	35.494525	21.061466	33.573979	21.061466	33.573979	21.061466	33.573979	19.119164	34.050906	17.734983	32.607287	17.734983	32.607287	17.734983	32.607287
136	#ffffff	#000000	#00000000	#00000000		53.498550	54.701983	15.792681	33.084215	14.408499	31.640594	14.408499	31.640594	14.408499	31.640594	12.466196	32.117520	11.908076	34.038065	11.349955	35.958611	12.734137	37.402232	12.734137	37.402232	12.734137	37.402232	13.292258	35.481686	15.234560	35.004760	15.234560	35.004760	15.234560	35.004760
137	#66ccff	#000000	#00000000	#00000000		53.498550	54.701983	8.023470	34.991916	9.407652	36.435537	9.407652	36.435537	9.407652	36.435537	11.349955	35.958611	11.908076	34.038065	12.466196	32.117520	11.082014	30.673899	11.082014	30.673899	11.082014	30.673899	10.523894	32.594445	8.581591	33.071370	8.581591	33.071370	8.581591	33.071370
138	#ffffff	#000000	#00000000	#00000000		53.498550	54.701983	3.312805	32.581600	2.754684	34.502146	2.754684	34.502146	2.754684	34.502146	4.138864	35.945767	6.081167	35.468842	8.023470	34.991916	8.581591	33.071370	8.581591	33.071370	8.581591	33.071370	6.639288	33.548296	5.255108	32.104675	5.255108	32.104675	5.255108	32.104675
139	#ffffff	#000000	#00000000	#00000000		53.498550	54.701983	-3.630341	37.853479	-2.246160	39.297098	-2.246160	39.297098	-2.246160	39.297098	-0.303858	38.820171	0.254262	36.899625	0.812383	34.979079	-0.571798	33.535461	-0.571798	33.535461	-0.571798	33.535461	-1.129919	35.456006	-3.072220	35.932933	-3.072220	35.932933	-3.072220	35.932933
140	#66ccff	#000000	#00000000	#00000000		53.498550	54.701983	4.138866	35.945766	2.754684	34.502146	2.754684	34.502146	2.754684	34.502146	0.812381	34.979071	0.254260	36.899617	-0.303860	38.820163	1.080322	40.263783	1.080322	40.263783	1.080322	40.263783	1.638442	38.343237	3.580745	37.866312	3.580745	37.866312	3.580745	37.866312
141	#A0A0A0	#000000	#00000000	#00000000		53.498550	54.701983	8.849529	38.356083	9.407650	36.435537	9.407650	36.435537	9.407650	36.435537	8.023470	34.991916	6.081167	35.468842	4.138864	35.945767	3.580744	37.866313	3.580744	37.866313	3.580744	37.866313	5.523046	37.389387	6.907227	38.833009	6.907227	38.833009	6.907227	38.833009
142	#ffffff	#000000	#00000000	#00000000		53.498550	54.701983	11.349953	35.958612	9.407650	36.435537	9.407650	36.435537	9.407650	36.435537	8.849529	38.356083	10.233711	39.799704	11.617893	41.243324	13.560196	40.766399	13.560196	40.766399	13.560196	40.766399	12.176014	39.322778	12.734135	37.402232	12.734135	37.402232	12.734135	37.402232
143	#66ccff	#000000	#00000000	#00000000		53.498550	54.701983	13.292258	35.481686	12.734137	37.402232	12.734137	37.402232	12.734137	37.402232	14.118317	38.845853	16.060620	38.368927	18.002923	37.892002	18.561043	35.971456	18.561043	35.971456	18.561043	35.971456	16.618741	36.448382	15.234560	35.004760	15.234560	35.004760	15.234560	35.004760
144	#006699	#000000	#00000000	#00000000		53.498550	54.701983	17.444804	39.812547	16.886683	41.733093	16.886683	41.733093	16.886683	41.733093	14.944380	42.210018	13.560198	40.766398	12.176016	39.322777	12.734137	37.402232	12.734137	37.402232	12.734137	37.402232	14.118319	38.845852	16.060622	38.368926	16.060622	38.368926	16.060622	38.368926
145	#ffffff	#000000	#00000000	#00000000		53.498550	54.701983	20.503346	35.494531	18.561043	35.971456	18.561043	35.971456	18.561043	35.971456	18.002923	37.892002	19.387105	39.335622	20.771287	40.779243	22.713589	40.302317	22.713589	40.302317	22.713589	40.302317	21.329407	38.858697	21.887528	36.938151	21.887528	36.938151	21.887528	36.938151
146	#66ccff	#000000	#00000000	#00000000		53.498550	54.701983	21.329407	38.858697	22.713589	40.302317	22.713589	40.302317	22.713589	40.302317	24.655892	39.825392	25.214013	37.904846	25.772134	35.984300	24.387952	34.540680	24.387952	34.540680	24.387952	34.540680	23.829831	36.461226	21.887528	36.938151	21.887528	36.938151	21.887528	36.938151
147	#006699	#000000	#00000000	#00000000		53.498550	54.701983	27.156314	37.427917	28.540496	38.871538	28.540496	38.871538	28.540496	38.871538	27.982375	40.792083	26.040073	41.269011	24.097771	41.745938	22.713589	40.302317	22.713589	40.302317	22.713589	40.302317	24.655891	39.825390	25.214012	37.904844	25.214012	37.904844	25.214012	37.904844
148	#66ccff	#000000	#00000000	#00000000		53.498550	54.701983	30.482795	38.394610	31.040918	36.474063	31.040918	36.474063	31.040918	36.474063	29.656738	35.030442	27.714435	35.507367	25.772132	35.984292	25.214009	37.904839	25.214009	37.904839	25.214009	37.904839	27.156312	37.427914	28.540492	38.871535	28.540492	38.871535	28.540492	38.871535
149	#A0A0A0	#000000	#00000000	#00000000		53.498550	54.701983	30.750730	43.679324	32.693033	43.202399	32.693033	43.202399	32.693033	43.202399	33.251156	41.281852	31.866975	39.838231	30.482795	38.394610	28.540492	38.871535	28.540492	38.871535	28.540492	38.871535	29.924673	40.315156	29.366550	42.235703	29.366550	42.235703	29.366550	42.235703
150	#66ccff	#000000	#00000000	#00000000		53.498550	54.701983	34.077213	44.646020	36.019516	44.169095	36.019516	44.169095	36.019516	44.169095	36.577637	42.248549	35.193457	40.804928	33.809276	39.361306	31.866974	39.838232	31.866974	39.838232	31.866974	39.838232	33.251154	41.281853	32.693033	43.202399	32.693033	43.202399	32.693033	43.202399
151	#006699	#000000	#00000000	#00000000		53.498550	54.701983	35.751577	38.884382	37.693880	38.407457	37.693880	38.407457	37.693880	38.407457	39.078061	39.851078	38.519940	41.771624	37.961819	43.692169	36.019516	44.169095	36.019516	44.169095	36.019516	44.169095	36.577637	42.248549	35.193457	40.804928	35.193457	40.804928	35.193457	40.804928
152	#66ccff	#000000	#00000000	#00000000		53.498550	54.701983	39.904120	43.215245	41.846423	42.738320	41.846423	42.738320	41.846423	42.738320	42.404544	40.817774	41.020363	39.374152	39.636183	37.930531	37.693880	38.407457	37.693880	38.407457	37.693880	38.407457	39.078061	39.851078	38.519940	41.771624	38.519940	41.771624	38.519940	41.771624
153	#A0A0A0	#000000	#00000000	#00000000		53.498550	54.701983	42.962673	38.897223	43.520794	36.976678	43.520794	36.976678	43.520794	36.976678	42.136614	35.533056	40.194311	36.009982	38.252008	36.486907	37.693887	38.407453	37.693887	38.407453	37.693887	38.407453	39.636190	37.930527	41.020370	39.374149	41.020370	39.374149	41.020370	39.374149
154	#ffffff	#000000	#00000000	#00000000		53.498550	54.701983	45.463097	36.499752	43.520794	36.976678	43.520794	36.976678	43.520794	36.976678	42.962673	38.897223	44.346855	40.340844	45.731037	41.784464	47.673340	41.307539	47.673340	41.307539	47.673340	41.307539	46.289158	39.863918	46.847279	37.943373	46.847279	37.943373	46.847279	37.943373
155	#ffffff	#000000	#00000000	#00000000		53.498550	54.701983	49.905823	33.625356	48.521641	32.181735	48.521641	32.181735	48.521641	32.181735	46.579339	32.658661	46.021218	34.579206	45.463097	36.499752	46.847279	37.943373	46.847279	37.943373	46.847279	37.943373	47.405400	36.022827	49.347703	35.545901	49.347703	35.545901	49.347703	35.545901
156	#66ccff	#000000	#00000000	#00000000		53.498550	54.701983	49.905823	33.625356	49.347703	35.545901	49.347703	35.545901	49.347703	35.545901	50.731883	36.989523	52.674186	36.512597	54.616488	36.035672	55.174609	34.115126	55.174609	34.115126	55.174609	34.115126	53.232306	34.592052	51.848126	33.148430	51.848126	33.148430	51.848126	33.148430
157	#66ccff	#000000	#00000000	#00000000		53.498550	54.701983	47.405400	36.022827	46.847279	37.943373	46.847279	37.943373	46.847279	37.943373	48.231459	39.386994	50.173762	38.910068	52.116065	38.433143	52.674186	36.512597	52.674186	36.512597	52.674186	36.512597	50.731883	36.989523	49.347703	35.545901	49.347703	35.545901	49.347703	35.545901
158	#006699	#000000	#00000000	#00000000		53.498550	54.701983	51.557946	40.353688	50.999825	42.274234	50.999825	42.274234	50.999825	42.274234	49.057522	42.751159	47.673340	41.307539	46.289158	39.863918	46.847279	37.943373	46.847279	37.943373	46.847279	37.943373	48.231461	39.386993	50.173764	38.910068	50.173764	38.910068	50.173764	38.910068
159	#66ccff	#000000	#00000000	#00000000		53.498550	54.701983	52.384003	43.717856	54.326306	43.240930	54.326306	43.240930	54.326306	43.240930	54.884427	41.320385	53.500247	39.876763	52.116067	38.433142	50.173764	38.910068	50.173764	38.910068	50.173764	38.910068	51.557944	40.353689	50.999823	42.274235	50.999823	42.274235	50.999823	42.274235
160	#A0A0A0	#000000	#00000000	#00000000		53.498550	54.701983	47.941279	46.592251	49.325461	48.035872	49.325461	48.035872	49.325461	48.035872	51.267763	47.558946	51.825884	45.638401	52.384005	43.717855	50.999823	42.274235	50.999823	42.274235	50.999823	42.274235	50.441702	44.194780	48.499399	44.671706	48.499399	44.671706	48.499399	44.671706
161	#66ccff	#000000	#00000000	#00000000		53.498550	54.701983	51.267762	47.558945	49.325461	48.035872	49.325461	48.035872	49.325461	48.035872	48.767340	49.956418	50.151522	51.400038	51.535704	52.843658	53.478006	52.366731	53.478006	52.366731	53.478006	52.366731	52.093824	50.923111	52.651944	49.002565	52.651944	49.002565	52.651944	49.002565
162	#ffffff	#000000	#00000000	#00000000		53.498550	54.701983	49.035281	55.241131	50.977583	54.764204	50.977583	54.764204	50.977583	54.764204	51.535704	52.843658	50.151522	51.400038	48.767340	49.956418	46.825038	50.433345	46.825038	50.433345	46.825038	50.433345	48.209220	51.876965	47.651099	53.797511	47.651099	53.797511	47.651099	53.797511
163	#ffffff	#000000	#00000000	#00000000		53.498550	54.701983	48.767340	49.956418	49.325461	48.035872	49.325461	48.035872	49.325461	48.035872	47.941279	46.592251	45.998977	47.069179	44.056675	47.546106	43.498554	49.466652	43.498554	49.466652	43.498554	49.466652	45.440856	48.989724	46.825038	50.433345	46.825038	50.433345	46.825038	50.433345
164	#A0A0A0	#000000	#00000000	#00000000		53.498550	54.701983	43.230615	44.181941	42.672494	46.102487	42.672494	46.102487	42.672494	46.102487	44.056675	47.546106	45.998977	47.069179	47.941279	46.592251	48.499399	44.671706	48.499399	44.671706	48.499399	44.671706	46.557098	45.148633	45.172916	43.705014	45.172916	43.705014	45.172916	43.705014
165	#66ccff	#000000	#00000000	#00000000		53.498550	54.701983	45.731037	41.784469	45.172916	43.705014	45.172916	43.705014	45.172916	43.705014	46.557098	45.148633	48.499399	44.671706	50.441701	44.194779	50.999822	42.274233	50.999822	42.274233	50.999822	42.274233	49.057520	42.751160	47.673339	41.307541	47.673339	41.307541	47.673339	41.307541
166	#A0A0A0	#000000	#00000000	#00000000		53.498550	54.701983	43.230614	44.181940	45.172916	43.705014	45.172916	43.705014	45.172916	43.705014	45.731037	41.784469	44.346855	40.340848	42.962673	38.897228	41.020371	39.374153	41.020371	39.374153	41.020371	39.374153	42.404553	40.817774	41.846432	42.738319	41.846432	42.738319	41.846432	42.738319
167	#A0A0A0	#000000	#00000000	#00000000		53.498550	54.701983	43.230614	44.181940	41.846432	42.738319	41.846432	42.738319	41.846432	42.738319	39.904129	43.215245	39.346008	45.135790	38.787887	47.056336	40.172069	48.499957	40.172069	48.499957	40.172069	48.499957	40.730190	46.579411	42.672493	46.102485	42.672493	46.102485	42.672493	46.102485
168	#66ccff	#000000	#00000000	#00000000		53.498550	54.701983	44.056673	47.546107	42.672493	46.102485	42.672493	46.102485	42.672493	46.102485	40.730190	46.579411	40.172069	48.499957	39.613948	50.420502	40.998129	51.864124	40.998129	51.864124	40.998129	51.864124	41.556249	49.943578	43.498552	49.466652	43.498552	49.466652	43.498552	49.466652
169	#006699	#000000	#00000000	#00000000		53.498550	54.701983	42.382309	53.307745	40.998129	51.864124	40.998129	51.864124	40.998129	51.864124	41.556251	49.943577	43.498554	49.466652	45.440857	48.989726	46.825037	50.433347	46.825037	50.433347	46.825037	50.433347	44.882734	50.910273	44.324612	52.830819	44.324612	52.830819	44.324612	52.830819
170	#66ccff	#000000	#00000000	#00000000		53.498550	54.701983	48.209220	51.876965	46.825038	50.433345	46.825038	50.433345	46.825038	50.433345	44.882735	50.910270	44.324614	52.830816	43.766493	54.751362	45.150675	56.194982	45.150675	56.194982	45.150675	56.194982	45.708796	54.274436	47.651099	53.797511	47.651099	53.797511	47.651099	53.797511
171	#66ccff	#000000	#00000000	#00000000		53.498550	54.701983	39.055826	52.341049	38.497703	54.261596	38.497703	54.261596	38.497703	54.261596	39.881883	55.705217	41.824186	55.228292	43.766489	54.751366	44.324612	52.830819	44.324612	52.830819	44.324612	52.830819	42.382309	53.307745	40.998129	51.864124	40.998129	51.864124	40.998129	51.864124
172	#A0A0A0	#000000	#00000000	#00000000		53.498550	54.701983	38.787891	47.056334	36.845588	47.533260	36.845588	47.533260	36.845588	47.533260	36.287465	49.453806	37.671646	50.897428	39.055826	52.341049	40.998129	51.864124	40.998129	51.864124	40.998129	51.864124	39.613948	50.420502	40.172071	48.499956	40.172071	48.499956	40.172071	48.499956
173	#ffffff	#000000	#00000000	#00000000		53.498550	54.701983	35.461408	46.089638	36.845588	47.533260	36.845588	47.533260	36.845588	47.533260	38.787891	47.056334	39.346012	45.135789	39.904132	43.215243	38.519952	41.771622	38.519952	41.771622	38.519952	41.771622	37.961831	43.692167	36.019529	44.169093	36.019529	44.169093	36.019529	44.169093
174	#ffffff	#000000	#00000000	#00000000		53.498550	54.701983	30.750743	43.679322	30.192622	45.599868	30.192622	45.599868	30.192622	45.599868	31.576802	47.043489	33.519105	46.566564	35.461408	46.089638	36.019529	44.169093	36.019529	44.169093	36.019529	44.169093	34.077226	44.646018	32.693045	43.202397	32.693045	43.202397	32.693045	43.202397
175	#A0A0A0	#000000	#00000000	#00000000		53.498550	54.701983	26.308002	46.553722	27.692182	47.997343	27.692182	47.997343	27.692182	47.997343	29.634485	47.520418	30.192608	45.599871	30.750730	43.679324	29.366550	42.235703	29.366550	42.235703	29.366550	42.235703	28.808427	44.156250	26.866125	44.633175	26.866125	44.633175	26.866125	44.633175
176	#66ccff	#000000	#00000000	#00000000		53.498550	54.701983	25.481944	43.189554	26.866125	44.633175	26.866125	44.633175	26.866125	44.633175	28.808427	44.156250	29.366548	42.235704	29.924669	40.315158	28.540489	38.871537	28.540489	38.871537	28.540489	38.871537	27.982368	40.792083	26.040065	41.269008	26.040065	41.269008	26.040065	41.269008
177	#ffffff	#000000	#00000000	#00000000		53.498550	54.701983	20.771279	40.779238	20.213158	42.699783	20.213158	42.699783	20.213158	42.699783	21.597339	44.143405	23.539642	43.666479	25.481944	43.189554	26.040065	41.269008	26.040065	41.269008	26.040065	41.269008	24.097762	41.745933	22.713582	40.302312	22.713582	40.302312	22.713582	40.302312
178	#66ccff	#000000	#00000000	#00000000		53.498550	54.701983	18.270856	43.176709	20.213158	42.699783	20.213158	42.699783	20.213158	42.699783	20.771279	40.779238	19.387097	39.335617	18.002915	37.891997	16.060613	38.368922	16.060613	38.368922	16.060613	38.368922	17.444795	39.812543	16.886674	41.733088	16.886674	41.733088	16.886674	41.733088
179	#66ccff	#000000	#00000000	#00000000		53.498550	54.701983	11.617893	41.243324	11.059773	43.163870	11.059773	43.163870	11.059773	43.163870	12.443953	44.607491	14.386256	44.130566	16.328558	43.653640	16.886679	41.733094	16.886679	41.733094	16.886679	41.733094	14.944376	42.210020	13.560196	40.766399	13.560196	40.766399	13.560196	40.766399
180	#A0A0A0	#000000	#00000000	#00000000		53.498550	54.701983	9.117470	43.640795	11.059773	43.163870	11.059773	43.163870	11.059773	43.163870	11.617893	41.243324	10.233711	39.799704	8.849529	38.356083	6.907227	38.833009	6.907227	38.833009	6.907227	38.833009	8.291409	40.276629	7.733288	42.197175	7.733288	42.197175	7.733288	42.197175
181	#66ccff	#000000	#00000000	#00000000		53.498550	54.701983	5.790985	42.674100	7.733288	42.197175	7.733288	42.197175	7.733288	42.197175	8.291409	40.276629	6.907227	38.833009	5.523045	37.389388	3.580742	37.866314	3.580742	37.866314	3.580742	37.866314	4.964924	39.309934	4.406803	41.230480	4.406803	41.230480	4.406803	41.230480
182	#006699	#000000	#00000000	#00000000		53.498550	54.701983	1.638439	38.343239	3.580742	37.866314	3.580742	37.866314	3.580742	37.866314	4.964922	39.309935	4.406801	41.230481	3.848680	43.151026	1.906377	43.627952	1.906377	43.627952	1.906377	43.627952	2.464498	41.707406	1.080318	40.263785	1.080318	40.263785	1.080318	40.263785
183	#ffffff	#000000	#00000000	#00000000		53.498550	54.701983	1.348258	45.548497	2.732440	46.992117	2.732440	46.992117	2.732440	46.992117	4.674743	46.515192	5.232864	44.594646	5.790985	42.674100	4.406803	41.230480	4.406803	41.230480	4.406803	41.230480	3.848682	43.151025	1.906379	43.627951	1.906379	43.627951	1.906379	43.627951
184	#A0A0A0	#000000	#00000000	#00000000		53.498550	54.701983	9.117470	43.640795	7.733288	42.197175	7.733288	42.197175	7.733288	42.197175	5.790985	42.674100	5.232864	44.594646	4.674743	46.515192	6.058925	47.958812	6.058925	47.958812	6.058925	47.958812	6.617046	46.038266	8.559349	45.561341	8.559349	45.561341	8.559349	45.561341
185	#A0A0A0	#000000	#00000000	#00000000		53.498550	54.701983	9.117470	43.640795	8.559349	45.561341	8.559349	45.561341	8.559349	45.561341	9.943529	47.004962	11.885832	46.528037	13.828135	46.051111	14.386256	44.130566	14.386256	44.130566	14.386256	44.130566	12.443953	44.607491	11.059773	43.163870	11.059773	43.163870	11.059773	43.163870
186	#A0A0A0	#000000	#00000000	#00000000		53.498550	54.701983	13.828135	46.051111	15.212317	47.494732	15.212317	47.494732	15.212317	47.494732	17.154620	47.017806	17.712740	45.097261	18.270861	43.176715	16.886679	41.733094	16.886679	41.733094	16.886679	41.733094	16.328558	43.653640	14.386256	44.130566	14.386256	44.130566	14.386256	44.130566
187	#A0A0A0	#000000	#00000000	#00000000		53.498550	54.701983	21.597346	44.143410	20.213164	42.699789	20.213164	42.699789	20.213164	42.699789	18.270861	43.176715	17.712740	45.097261	17.154620	47.017806	18.538801	48.461427	18.538801	48.461427	18.538801	48.461427	19.096922	46.540881	21.039225	46.063955	21.039225	46.063955	21.039225	46.063955
188	#A0A0A0	#000000	#00000000	#00000000		53.498550	54.701983	26.308011	46.553726	26.866132	44.633180	26.866132	44.633180	26.866132	44.633180	25.481952	43.189559	23.539649	43.666484	21.597346	44.143410	21.039225	46.063955	21.039225	46.063955	21.039225	46.063955	22.981528	45.587030	24.365708	47.030651	24.365708	47.030651	24.365708	47.030651
189	#A0A0A0	#000000	#00000000	#00000000		53.498550	54.701983	26.308002	46.553722	24.365699	47.030647	24.365699	47.030647	24.365699	47.030647	23.807577	48.951194	25.191757	50.394815	26.575937	51.838436	28.518240	51.361511	28.518240	51.361511	28.518240	51.361511	27.134060	49.917890	27.692182	47.997343	27.692182	47.997343	27.692182	47.997343
190	#66ccff	#000000	#00000000	#00000000		53.498550	54.701983	27.134060	49.917890	28.518240	51.361511	28.518240	51.361511	28.518240	51.361511	30.460543	50.884586	31.018665	48.964039	31.576788	47.043492	30.192608	45.599871	30.192608	45.599871	30.192608	45.599871	29.634485	47.520418	27.692182	47.997343	27.692182	47.997343	27.692182	47.997343
191	#66ccff	#000000	#00000000	#00000000		53.498550	54.701983	36.287467	49.453805	36.845588	47.533260	36.845588	47.533260	36.845588	47.533260	35.461408	46.089638	33.519105	46.566564	31.576802	47.043489	31.018681	48.964035	31.018681	48.964035	31.018681	48.964035	32.960984	48.487110	34.345164	49.930731	34.345164	49.930731	34.345164	49.930731
192	#006699	#000000	#00000000	#00000000		53.498550	54.701983	32.960984	48.487110	34.345166	49.930730	34.345166	49.930730	34.345166	49.930730	33.787045	51.851276	31.844742	52.328201	29.902440	52.805126	28.518258	51.361506	28.518258	51.361506	28.518258	51.361506	30.460560	50.884581	31.018681	48.964035	31.018681	48.964035	31.018681	48.964035
193	#A0A0A0	#000000	#00000000	#00000000		53.498550	54.701983	26.575937	51.838436	26.017816	53.758982	26.017816	53.758982	26.017816	53.758982	27.401996	55.202603	29.344299	54.725678	31.286602	54.248753	31.844723	52.328207	31.844723	52.328207	31.844723	52.328207	29.902420	52.805132	28.518240	51.361511	28.518240	51.361511	28.518240	51.361511
194	#66ccff	#000000	#00000000	#00000000		53.498550	54.701983	31.286602	54.248753	32.670784	55.692373	32.670784	55.692373	32.670784	55.692373	34.613087	55.215448	35.171208	53.294902	35.729328	51.374356	34.345146	49.930736	34.345146	49.930736	34.345146	49.930736	33.787026	51.851281	31.844723	52.328207	31.844723	52.328207	31.844723	52.328207
195	#ffffff	#000000	#00000000	#00000000		53.498550	54.701983	36.555402	54.738520	38.497705	54.261595	38.497705	54.261595	38.497705	54.261595	39.055828	52.341048	37.671647	50.897427	36.287467	49.453805	34.345164	49.930731	34.345164	49.930731	34.345164	49.930731	35.729344	51.374352	35.171222	53.294899	35.171222	53.294899	35.171222	53.294899
196	#ffffff	#000000	#00000000	#00000000		53.498550	54.701983	32.112663	57.612919	33.496845	59.056539	33.496845	59.056539	33.496845	59.056539	35.439147	58.579612	35.997268	56.659066	36.555389	54.738520	35.171207	53.294900	35.171207	53.294900	35.171207	53.294900	34.613086	55.215446	32.670784	55.692373	32.670784	55.692373	32.670784	55.692373
197	#66ccff	#000000	#00000000	#00000000		53.498550	54.701983	56.246368	55.253968	56.804489	53.333423	56.804489	53.333423	56.804489	53.333423	55.420307	51.889804	53.478006	52.366731	51.535704	52.843658	50.977583	54.764204	50.977583	54.764204	50.977583	54.764204	52.919885	54.287277	54.304066	55.730895	54.304066	55.730895	54.304066	55.730895
198	#ffffff	#000000	#00000000	#00000000		53.498550	54.701983	24.075513	54.235908	26.017816	53.758982	26.017816	53.758982	26.017816	53.758982	26.575937	51.838436	25.191755	50.394816	23.807573	48.951196	21.865270	49.428121	21.865270	49.428121	21.865270	49.428121	23.249452	50.871741	22.691331	52.792287	22.691331	52.792287	22.691331	52.792287
199	#66ccff	#000000	#00000000	#00000000		53.498550	54.701983	23.807578	48.951193	24.365699	47.030647	24.365699	47.030647	24.365699	47.030647	22.981519	45.587026	21.039216	46.063951	19.096913	46.540877	18.538792	48.461422	18.538792	48.461422	18.538792	48.461422	20.481095	47.984497	21.865275	49.428118	21.865275	49.428118	21.865275	49.428118
200	#006699	#000000	#00000000	#00000000		53.498550	54.701983	17.980672	50.381968	18.538792	48.461422	18.538792	48.461422	18.538792	48.461422	20.481095	47.984497	21.865277	49.428117	23.249459	50.871738	22.691338	52.792283	22.691338	52.792283	22.691338	52.792283	21.307156	51.348663	19.364854	51.825588	19.364854	51.825588	19.364854	51.825588
201	#66ccff	#000000	#00000000	#00000000		53.498550	54.701983	17.154620	47.017806	15.212318	47.494733	15.212318	47.494733	15.212318	47.494733	14.654197	49.415279	16.038379	50.858900	17.422561	52.302520	19.364863	51.825593	19.364863	51.825593	19.364863	51.825593	17.980681	50.381972	18.538801	48.461427	18.538801	48.461427	18.538801	48.461427
202	#66ccff	#000000	#00000000	#00000000		53.498550	54.701983	22.133218	54.712829	22.691338	52.792283	22.691338	52.792283	22.691338	52.792283	21.307156	51.348663	19.364854	51.825588	17.422551	52.302514	16.864430	54.223060	16.864430	54.223060	16.864430	54.223060	18.806733	53.746134	20.190915	55.189755	20.190915	55.189755	20.190915	55.189755
203	#ffffff	#000000	#00000000	#00000000		53.498550	54.701983	14.922127	54.699985	16.864430	54.223060	16.864430	54.223060	16.864430	54.223060	17.422551	52.302514	16.038369	50.858893	14.654187	49.415273	12.711884	49.892199	12.711884	49.892199	12.711884	49.892199	14.096066	51.335819	13.537945	53.256365	13.537945	53.256365	13.537945	53.256365
204	#ffffff	#000000	#00000000	#00000000		53.498550	54.701983	14.654187	49.415273	15.212308	47.494727	15.212308	47.494727	15.212308	47.494727	13.828127	46.051106	11.885825	46.528032	9.943522	47.004957	9.385401	48.925503	9.385401	48.925503	9.385401	48.925503	11.327704	48.448577	12.711884	49.892199	12.711884	49.892199	12.711884	49.892199
205	#66ccff	#000000	#00000000	#00000000		53.498550	54.701983	9.943522	47.004957	8.559340	45.561337	8.559340	45.561337	8.559340	45.561337	6.617037	46.038262	6.058916	47.958808	5.500795	49.879353	6.884977	51.322974	6.884977	51.322974	6.884977	51.322974	7.443098	49.402428	9.385401	48.925503	9.385401	48.925503	9.385401	48.925503
206	#006699	#000000	#00000000	#00000000		53.498550	54.701983	8.269159	52.766594	6.884977	51.322974	6.884977	51.322974	6.884977	51.322974	7.443098	49.402428	9.385400	48.925501	11.327702	48.448574	12.711884	49.892194	12.711884	49.892194	12.711884	49.892194	10.769582	50.369121	10.211461	52.289667	10.211461	52.289667	10.211461	52.289667
207	#66ccff	#000000	#00000000	#00000000		53.498550	54.701983	14.096066	51.335819	12.711884	49.892199	12.711884	49.892199	12.711884	49.892199	10.769581	50.369124	10.211460	52.289670	9.653340	54.210215	11.037522	55.653836	11.037522	55.653836	11.037522	55.653836	11.595642	53.733290	13.537945	53.256365	13.537945	53.256365	13.537945	53.256365
208	#66ccff	#000000	#00000000	#00000000		53.498550	54.701983	4.942674	51.799897	4.384553	53.720443	4.384553	53.720443	4.384553	53.720443	5.768735	55.164064	7.711038	54.687138	9.653340	54.210213	10.211461	52.289667	10.211461	52.289667	10.211461	52.289667	8.269158	52.766592	6.884976	51.322972	6.884976	51.322972	6.884976	51.322972
209	#A0A0A0	#000000	#00000000	#00000000		53.498550	54.701983	4.674733	46.515186	2.732431	46.992113	2.732431	46.992113	2.732431	46.992113	2.174311	48.912658	3.558493	50.356279	4.942675	51.799899	6.884976	51.322972	6.884976	51.322972	6.884976	51.322972	5.500794	49.879352	6.058915	47.958806	6.058915	47.958806	6.058915	47.958806
210	#ffffff	#000000	#00000000	#00000000		53.498550	54.701983	2.442252	54.197372	4.384554	53.720445	4.384554	53.720445	4.384554	53.720445	4.942675	51.799899	3.558493	50.356279	2.174311	48.912658	0.232009	49.389586	0.232009	49.389586	0.232009	49.389586	1.616191	50.833206	1.058070	52.753752	1.058070	52.753752	1.058070	52.753752
211	#66ccff	#000000	#00000000	#00000000		53.498550	54.701983	2.174311	48.912658	2.732431	46.992113	2.732431	46.992113	2.732431	46.992113	1.348250	45.548494	-0.594052	46.025421	-2.536353	46.502348	-3.094474	48.422894	-3.094474	48.422894	-3.094474	48.422894	-1.152172	47.945967	0.232009	49.389586	0.232009	49.389586	0.232009	49.389586
212	#ffffff	#000000	#00000000	#00000000		53.498550	54.701983	-3.362407	43.138180	-3.920527	45.058726	-3.920527	45.058726	-3.920527	45.058726	-2.536347	46.502347	-0.594044	46.025422	1.348258	45.548497	1.906379	43.627951	1.906379	43.627951	1.906379	43.627951	-0.035924	44.104876	-1.420104	42.661255	-1.420104	42.661255	-1.420104	42.661255
213	#66ccff	#000000	#00000000	#00000000		53.498550	54.701983	-0.035924	44.104876	1.906379	43.627951	1.906379	43.627951	1.906379	43.627951	2.464502	41.707404	1.080322	40.263783	-0.303859	38.820162	-2.246161	39.297087	-2.246161	39.297087	-2.246161	39.297087	-0.861981	40.740708	-1.420104	42.661255	-1.420104	42.661255	-1.420104	42.661255
214	#006699	#000000	#00000000	#00000000		53.498550	54.701983	6.415840	3.283646	4.473538	3.760573	4.473538	3.760573	4.473538	3.760573	3.089356	2.316953	3.647477	0.396407	4.205597	-1.524139	6.147899	-2.001066	6.147899	-2.001066	6.147899	-2.001066	5.589779	-0.080520	6.973961	1.363100	6.973961	1.363100	6.973961	1.363100
215	#66ccff	#000000	#00000000	#00000000		53.498550	54.701983	8.090211	-2.477996	6.147908	-2.001071	6.147908	-2.001071	6.147908	-2.001071	5.589786	-0.080524	6.973966	1.363097	8.358146	2.806718	10.300449	2.329793	10.300449	2.329793	10.300449	2.329793	8.916269	0.886172	9.474391	-1.034375	9.474391	-1.034375	9.474391	-1.034375
216	#A0A0A0	#000000	#00000000	#00000000		53.498550	54.701983	11.416694	-1.511300	9.474391	-1.034375	9.474391	-1.034375	9.474391	-1.034375	8.916269	0.886172	10.300449	2.329793	11.684629	3.773414	13.626932	3.296489	13.626932	3.296489	13.626932	3.296489	12.242752	1.852868	12.800874	-0.067679	12.800874	-0.067679	12.800874	-0.067679
217	#ffffff	#000000	#00000000	#00000000		53.498550	54.701983	43.029403	1.427310	43.587523	-0.493235	43.587523	-0.493235	43.587523	-0.493235	42.203342	-1.936854	40.261041	-1.459927	38.318739	-0.983000	37.760618	0.937546	37.760618	0.937546	37.760618	0.937546	39.702920	0.460619	41.087101	1.904238	41.087101	1.904238	41.087101	1.904238
218	#66ccff	#000000	#00000000	#00000000		53.498550	54.701983	45.529828	-0.970162	43.587525	-0.493236	43.587525	-0.493236	43.587525	-0.493236	43.029404	1.427309	44.413585	2.870931	45.797765	4.314552	47.740068	3.837627	47.740068	3.837627	47.740068	3.837627	46.355887	2.394005	46.914008	0.473460	46.914008	0.473460	46.914008	0.473460
219	#66ccff	#000000	#00000000	#00000000		53.498550	54.701983	52.182793	0.963228	52.740914	-0.957317	52.740914	-0.957317	52.740914	-0.957317	51.356733	-2.400936	49.414431	-1.924009	47.472129	-1.447082	46.914008	0.473464	46.914008	0.473464	46.914008	0.473464	48.856310	-0.003463	50.240491	1.440155	50.240491	1.440155	50.240491	1.440155
220	#66ccff	#000000	#00000000	#00000000		53.498550	54.701983	38.318736	-0.983005	36.934554	-2.426625	36.934554	-2.426625	36.934554	-2.426625	34.992252	-1.949698	34.434131	-0.029152	33.876010	1.891393	35.260192	3.335014	35.260192	3.335014	35.260192	3.335014	35.818313	1.414468	37.760615	0.937541	37.760615	0.937541	37.760615	0.937541
221	#66ccff	#000000	#00000000	#00000000		53.498550	54.701983	13.358997	-1.988226	12.800874	-0.067679	12.800874	-0.067679	12.800874	-0.067679	14.185055	1.375942	16.127357	0.899017	18.069660	0.422092	18.627783	-1.498455	18.627783	-1.498455	18.627783	-1.498455	16.685480	-1.021530	15.301300	-2.465151	15.301300	-2.465151	15.301300	-2.465151
222	#66ccff	#000000	#00000000	#00000000		53.498550	54.701983	2.263297	-1.047210	0.320995	-0.570283	0.320995	-0.570283	0.320995	-0.570283	-0.237126	1.350263	1.147055	2.793881	2.531236	4.237500	4.473538	3.760573	4.473538	3.760573	4.473538	3.760573	3.089357	2.316954	3.647478	0.396409	3.647478	0.396409	3.647478	0.396409
223	#66ccff	#000000	#00000000	#00000000		53.498550	54.701983	21.396143	1.388787	22.780325	2.832408	22.780325	2.832408	22.780325	2.832408	24.722628	2.355482	25.280749	0.434937	25.838870	-1.485609	24.454688	-2.929229	24.454688	-2.929229	24.454688	-2.929229	23.896567	-1.008684	21.954264	-0.531758	21.954264	-0.531758	21.954264	-0.531758
224	#ffffff	#000000	#00000000	#00000000		53.498550	54.701983	55.710489	44.684548	54.326307	43.240928	54.326307	43.240928	54.326307	43.240928	52.384004	43.717853	51.825883	45.638399	51.267762	47.558945	52.651944	49.002565	52.651944	49.002565	52.651944	49.002565	53.210065	47.082019	55.152368	46.605094	55.152368	46.605094	55.152368	46.605094
225	#006699	#000000	#00000000	#00000000		53.498550	54.701983	52.093825	50.923113	52.651945	49.002567	52.651945	49.002567	52.651945	49.002567	54.594247	48.525640	55.978428	49.969258	57.362609	51.412877	56.804489	53.333423	56.804489	53.333423	56.804489	53.333423	55.420307	51.889804	53.478006	52.366731	53.478006	52.366731	53.478006	52.366731
226	#ffffff	#000000	#00000000	#00000000		53.498550	54.701983	54.616488	36.035672	52.674186	36.512597	52.674186	36.512597	52.674186	36.512597	52.116065	38.433143	53.500247	39.876763	54.884429	41.320384	56.826732	40.843458	56.826732	40.843458	56.826732	40.843458	55.442550	39.399838	56.000670	37.479292	56.000670	37.479292	56.000670	37.479292
227	#006699	#000000	#00000000	#00000000		53.498550	54.701983	53.232306	34.592052	51.848126	33.148430	51.848126	33.148430	51.848126	33.148430	52.406249	31.227884	54.348552	30.750958	56.290854	30.274033	57.675035	31.717654	57.675035	31.717654	57.675035	31.717654	55.732732	32.194580	55.174609	34.115126	55.174609	34.115126	55.174609	34.115126
228	#66ccff	#000000	#00000000	#00000000		53.498550	54.701983	54.906671	28.830413	53.522490	27.386792	53.522490	27.386792	53.522490	27.386792	51.580188	27.863718	51.022065	29.784264	50.463942	31.704811	51.848123	33.148432	51.848123	33.148432	51.848123	33.148432	52.406245	31.227885	54.348548	30.750960	54.348548	30.750960	54.348548	30.750960
229	#A0A0A0	#000000	#00000000	#00000000		53.498550	54.701983	55.777217	7.214633	57.719519	6.737706	57.719519	6.737706	57.719519	6.737706	58.277640	4.817160	56.893459	3.373542	55.509278	1.929923	53.566976	2.406850	53.566976	2.406850	53.566976	2.406850	54.951157	3.850469	54.393036	5.771015	54.393036	5.771015	54.393036	5.771015
230	#66ccff	#000000	#00000000	#00000000		53.498550	54.701983	54.884427	41.320385	54.326306	43.240930	54.326306	43.240930	54.326306	43.240930	55.710488	44.684551	57.652791	44.207625	59.595094	43.730700	60.153215	41.810154	60.153215	41.810154	60.153215	41.810154	58.210912	42.287080	56.826730	40.843459	56.826730	40.843459	56.826730	40.843459
231	#006699	#000000	#00000000	#00000000		53.498550	54.701983	-1.152172	47.945967	0.232009	49.389586	0.232009	49.389586	0.232009	49.389586	-0.326112	51.310131	-2.268414	51.787059	-4.210716	52.263986	-5.594897	50.820367	-5.594897	50.820367	-5.594897	50.820367	-3.652595	50.343440	-3.094474	48.422894	-3.094474	48.422894	-3.094474	48.422894
232	#ffffff	#000000	#00000000	#00000000		53.498550	54.701983	-2.000475	57.071769	-0.616293	58.515389	-0.616293	58.515389	-0.616293	58.515389	1.326010	58.038464	1.884131	56.117918	2.442252	54.197372	1.058070	52.753752	1.058070	52.753752	1.058070	52.753752	0.499949	54.674297	-1.442354	55.151223	-1.442354	55.151223	-1.442354	55.151223
233	#66ccff	#000000	#00000000	#00000000		53.498550	54.701983	-2.826535	53.707604	-1.442354	55.151223	-1.442354	55.151223	-1.442354	55.151223	0.499948	54.674296	1.058069	52.753750	1.616190	50.833204	0.232009	49.389586	0.232009	49.389586	0.232009	49.389586	-0.326112	51.310131	-2.268414	51.787059	-2.268414	51.787059	-2.268414	51.787059
234	#66ccff	#000000	#00000000	#00000000		53.498550	54.701983	5.768735	55.164064	4.384553	53.720443	4.384553	53.720443	4.384553	53.720443	2.442251	54.197370	1.884130	56.117916	1.326009	58.038462	2.710191	59.482082	2.710191	59.482082	2.710191	59.482082	3.268312	57.561536	5.210614	57.084609	5.210614	57.084609	5.210614	57.084609
235	#ffffff	#000000	#00000000	#00000000		53.498550	54.701983	10.479400	57.574380	11.037521	55.653834	11.037521	55.653834	11.037521	55.653834	9.653340	54.210213	7.711038	54.687138	5.768735	55.164064	5.210614	57.084609	5.210614	57.084609	5.210614	57.084609	7.152917	56.607684	8.537097	58.051305	8.537097	58.051305	8.537097	58.051305
236	#ffffff	#000000	#00000000	#00000000		53.498550	54.701983	19.632787	57.110304	21.016969	58.553924	21.016969	58.553924	21.016969	58.553924	22.959272	58.076999	23.517392	56.156453	24.075513	54.235908	22.691331	52.792287	22.691331	52.792287	22.691331	52.792287	22.133211	54.712833	20.190908	55.189758	20.190908	55.189758	20.190908	55.189758
237	#A0A0A0	#000000	#00000000	#00000000		53.498550	54.701983	32.112661	57.612920	32.670782	55.692374	32.670782	55.692374	32.670782	55.692374	31.286602	54.248753	29.344299	54.725678	27.401996	55.202603	26.843876	57.123149	26.843876	57.123149	26.843876	57.123149	28.786178	56.646224	30.170359	58.089845	30.170359	58.089845	30.170359	58.089845
238	#66ccff	#000000	#00000000	#00000000		53.498550	54.701983	27.401996	55.202603	26.017816	53.758982	26.017816	53.758982	26.017816	53.758982	24.075513	54.235908	23.517391	56.156454	22.959268	58.077001	24.343448	59.520622	24.343448	59.520622	24.343448	59.520622	24.901571	57.600075	26.843874	57.123150	26.843874	57.123150	26.843874	57.123150
239	#66ccff	#000000	#00000000	#00000000		53.498550	54.701983	39.881883	55.705217	38.497703	54.261596	38.497703	54.261596	38.497703	54.261596	36.555400	54.738521	35.997278	56.659068	35.439155	58.579614	36.823335	60.023236	36.823335	60.023236	36.823335	60.023236	37.381458	58.102689	39.323761	57.625764	39.323761	57.625764	39.323761	57.625764
240	#ffffff	#000000	#00000000	#00000000		53.498550	54.701983	44.592548	58.115533	45.150669	56.194987	45.150669	56.194987	45.150669	56.194987	43.766489	54.751366	41.824186	55.228292	39.881883	55.705217	39.323763	57.625763	39.323763	57.625763	39.323763	57.625763	41.266065	57.148837	42.650246	58.592459	42.650246	58.592459	42.650246	58.592459
241	#66ccff	#000000	#00000000	#00000000		53.498550	54.701983	49.035279	55.241132	47.651099	53.797511	47.651099	53.797511	47.651099	53.797511	45.708796	54.274436	45.150675	56.194982	44.592555	58.115528	45.976735	59.559149	45.976735	59.559149	45.976735	59.559149	46.534856	57.638603	48.477158	57.161678	48.477158	57.161678	48.477158	57.161678
242	#A0A0A0	#000000	#00000000	#00000000		53.498550	54.701983	53.745946	57.651447	54.304067	55.730902	54.304067	55.730902	54.304067	55.730902	52.919885	54.287281	50.977582	54.764207	49.035279	55.241132	48.477158	57.161678	48.477158	57.161678	48.477158	57.161678	50.419461	56.684752	51.803643	58.128373	51.803643	58.128373	51.803643	58.128373
243	#66ccff	#000000	#00000000	#00000000		53.498550	54.701983	14.922127	54.699985	13.537945	53.256365	13.537945	53.256365	13.537945	53.256365	11.595643	53.733292	11.037522	55.653838	10.479402	57.574383	11.863584	59.018004	11.863584	59.018004	11.863584	59.018004	12.421704	57.097458	14.364006	56.620531	14.364006	56.620531	14.364006	56.620531
244	#A0A0A0	#000000	#00000000	#00000000		53.498550	54.701983	-2.759803	16.237701	-1.375621	17.681321	-1.375621	17.681321	-1.375621	17.681321	0.566682	17.204396	1.124803	15.283850	1.682924	13.363305	0.298742	11.919684	0.298742	11.919684	0.298742	11.919684	-0.259379	13.840230	-2.201682	14.317155	-2.201682	14.317155	-2.201682	14.317155
245	#006699	#000000	#00000000	#00000000		53.498550	54.701983	-2.469613	9.032439	-0.527310	8.555513	-0.527310	8.555513	-0.527310	8.555513	0.856870	9.999135	0.298749	11.919680	-0.259372	13.840226	-2.201675	14.317152	-2.201675	14.317152	-2.201675	14.317152	-1.643554	12.396606	-3.027734	10.952985	-3.027734	10.952985	-3.027734	10.952985
246	#66ccff	#000000	#00000000	#00000000		53.498550	54.701983	0.030810	6.634968	-1.353372	5.191347	-1.353372	5.191347	-1.353372	5.191347	-3.295674	5.668273	-3.853795	7.588818	-4.411916	9.509364	-3.027734	10.952985	-3.027734	10.952985	-3.027734	10.952985	-2.469613	9.032439	-0.527310	8.555513	-0.527310	8.555513	-0.527310	8.555513
247	#A0A0A0	#000000	#00000000	#00000000		53.498550	54.701983	-1.063186	-2.013901	-3.005488	-1.536974	-3.005488	-1.536974	-3.005488	-1.536974	-3.563609	0.383571	-2.179428	1.827190	-0.795247	3.270809	1.147055	2.793881	1.147055	2.793881	1.147055	2.793881	-0.237126	1.350263	0.320995	-0.570283	0.320995	-0.570283	0.320995	-0.570283
248	#66ccff	#000000	#00000000	#00000000		53.498550	54.701983	57.429339	13.942964	59.371641	13.466037	59.371641	13.466037	59.371641	13.466037	59.929761	11.545491	58.545580	10.101872	57.161399	8.658254	55.219098	9.135181	55.219098	9.135181	55.219098	9.135181	56.603279	10.578799	56.045158	12.499345	56.045158	12.499345	56.045158	12.499345
249	#A0A0A0	#000000	#00000000	#00000000		53.498550	54.701983	52.182795	0.963232	53.566976	2.406850	53.566976	2.406850	53.566976	2.406850	55.509278	1.929923	56.067399	0.009378	56.625520	-1.911168	55.241339	-3.354787	55.241339	-3.354787	55.241339	-3.354787	54.683218	-1.434241	52.740916	-0.957314	52.740916	-0.957314	52.740916	-0.957314
250	#A0A0A0	#000000	#00000000	#00000000		53.498550	54.701983	-1.665799	24.886583	0.276503	24.409655	0.276503	24.409655	0.276503	24.409655	0.834623	22.489110	-0.549559	21.045489	-1.933741	19.601869	-3.876042	20.078796	-3.876042	20.078796	-3.876042	20.078796	-2.491860	21.522416	-3.049981	23.442962	-3.049981	23.442962	-3.049981	23.442962
251	#A0A0A0	#000000	#00000000	#00000000		53.498550	54.701983	19.632787	57.110304	20.190908	55.189758	20.190908	55.189758	20.190908	55.189758	18.806727	53.746137	16.864425	54.223062	14.922122	54.699988	14.364001	56.620534	14.364001	56.620534	14.364001	56.620534	16.306304	56.143608	17.690484	57.587229	17.690484	57.587229	17.690484	57.587229
252	#66ccff	#000000	#00000000	#00000000		53.498550	54.701983	57.920733	49.492336	58.478854	47.571791	58.478854	47.571791	58.478854	47.571791	57.094672	46.128170	55.152369	46.605096	53.210066	47.082021	52.651945	49.002567	52.651945	49.002567	52.651945	49.002567	54.594248	48.525641	55.978430	49.969262	55.978430	49.969262	55.978430	49.969262
253	#A0A0A0	#000000	#00000000	#00000000		53.498550	54.701983	37.492675	-4.347171	36.108493	-5.790791	36.108493	-5.790791	36.108493	-5.790791	34.166191	-5.313864	33.608070	-3.393319	33.049949	-1.472773	34.434131	-0.029152	34.434131	-0.029152	34.434131	-0.029152	34.992252	-1.949698	36.934554	-2.426625	36.934554	-2.426625	36.934554	-2.426625
254	#A0A0A0	#000000	#00000000	#00000000		53.498550	54.701983	49.972553	-3.844557	48.588371	-5.288178	48.588371	-5.288178	48.588371	-5.288178	46.646068	-4.811252	46.087947	-2.890707	45.529826	-0.970161	46.914008	0.473460	46.914008	0.473460	46.914008	0.473460	47.472129	-1.447086	49.414432	-1.924012	49.414432	-1.924012	49.414432	-1.924012
