seq_id	start_fill_color	start_stroke_color	done_fill_color	done_stroke_color	footnote	img_width	img_height	px_0	py_0	px_1	py_1	px_2	py_2	px_3	py_3	px_4	py_4	px_5	py_5	px_6	py_6	px_7	py_7	px_8	py_8	px_9	py_9	px_10	py_10	px_11	py_11	px_12	py_12	px_13	py_13
0	#66ccff	#000000	#00000000	#00000000	Starting tile pattern based on the hat tiling in a <a href="https://cs.uwaterloo.ca/~csk/hat/examples/animation.gif">looping animated GIF</a> by David Smith, Joseph Samuel Myers, Craig S. Kaplan, and Chaim Goodman-Strauss, used under <a href="http://creativecommons.org/licenses/by/4.0/">CC BY 4.0</a> / This is a recreation of the original rather than a screenshot, and the cropping, colors, and vertical orientation differ slightly from the original.	65.318848	62.678976	25.570088	23.292948	26.264746	22.573608	25.018813	21.370424	23.353859	21.847842	23.078222	20.886580	22.107926	20.644658	21.137630	20.402736	20.442972	21.122076	21.688905	22.325260	21.269884	24.005861	22.240180	24.247783	22.515817	25.209045	24.180771	24.731627	24.599792	23.051026
1	#A0A0A0	#000000	#00000000	#00000000		65.318848	62.678976	26.408128	19.931745	25.437832	19.689823	25.018812	21.370425	26.264746	22.573608	25.570088	23.292948	25.845726	24.254210	26.121364	25.215472	27.091660	25.457394	27.510680	23.776792	29.175634	23.299373	28.899996	22.338111	29.594654	21.618771	28.348720	20.415588	26.683766	20.893007
2	#ffffff	#000000	#00000000	#00000000		65.318848	62.678976	23.078220	20.886580	23.353857	21.847842	25.018811	21.370424	25.437832	19.689823	26.408128	19.931745	27.102786	19.212405	27.797444	18.493065	27.521807	17.531803	25.856853	18.009221	24.610920	16.806037	23.916262	17.525377	22.945966	17.283455	22.526945	18.964056	23.772878	20.167240
3	#ffffff	#000000	#00000000	#00000000		65.318848	62.678976	18.645764	17.996368	17.951106	18.715708	19.197039	19.918892	20.861993	19.441474	21.137630	20.402736	22.107926	20.644658	23.078222	20.886580	23.772880	20.167240	22.526947	18.964056	22.945968	17.283455	21.975672	17.041533	21.700035	16.080271	20.035081	16.557689	19.616060	18.238290
4	#66ccff	#000000	#00000000	#00000000		65.318848	62.678976	16.418403	22.796250	16.694040	23.757512	18.358994	23.280095	18.778016	21.599494	19.748312	21.841416	20.442971	21.122076	21.137630	20.402736	20.861993	19.441474	19.197039	19.918891	17.951106	18.715707	17.256447	19.435047	16.286151	19.193125	15.867129	20.873726	17.113062	22.076910
5	#006699	#000000	#00000000	#00000000		65.318848	62.678976	22.240178	24.247783	22.515815	25.209045	20.850861	25.686463	19.604928	24.483279	18.910270	25.202619	17.939974	24.960697	16.969678	24.718775	16.694041	23.757513	18.358995	23.280095	18.778016	21.599494	19.748312	21.841416	20.442970	21.122076	21.688903	22.325260	21.269882	24.005861
6	#A0A0A0	#000000	#00000000	#00000000		65.318848	62.678976	31.127352	17.538227	30.851714	16.576965	29.186760	17.054384	28.767740	18.734986	27.797444	18.493065	27.102786	19.212405	26.408128	19.931745	26.683766	20.893007	28.348720	20.415588	29.594654	21.618771	30.289312	20.899431	31.259608	21.141352	31.678628	19.460750	30.432694	18.257567
7	#66ccff	#000000	#00000000	#00000000		65.318848	62.678976	27.797444	18.493065	28.767740	18.734986	29.186760	17.054384	27.940826	15.851201	28.635484	15.131861	28.359846	14.170599	28.084208	13.209337	27.113912	12.967416	26.694892	14.648018	25.029938	15.125437	25.305576	16.086699	24.610918	16.806039	25.856852	18.009222	27.521806	17.531803
8	#006699	#000000	#00000000	#00000000		65.318848	62.678976	26.143616	12.725495	27.113912	12.967416	26.694892	14.648018	25.029938	15.125437	25.305576	16.086699	24.610918	16.806039	23.916260	17.525379	22.945964	17.283458	23.364984	15.602856	22.119050	14.399673	22.813708	13.680333	22.538070	12.719071	24.203024	12.241652	25.448958	13.444835
9	#66ccff	#000000	#00000000	#00000000		65.318848	62.678976	21.975672	17.041533	22.945968	17.283455	23.364989	15.602853	22.119056	14.399669	22.813714	13.680329	22.538077	12.719067	22.262440	11.757805	21.292144	11.515883	20.873123	13.196485	19.208169	13.673903	19.483806	14.635165	18.789148	15.354505	20.035081	16.557689	21.700035	16.080271
10	#66ccff	#000000	#00000000	#00000000		65.318848	62.678976	18.645764	17.996368	19.616060	18.238290	20.035081	16.557689	18.789148	15.354505	19.483807	14.635165	19.208170	13.673903	18.932533	12.712641	17.962237	12.470719	17.543216	14.151320	15.878262	14.628738	16.153899	15.590000	15.459240	16.309340	16.705173	17.512524	18.370127	17.035106
11	#A0A0A0	#000000	#00000000	#00000000		65.318848	62.678976	13.926537	20.389882	14.202174	21.351144	15.867128	20.873727	16.286150	19.193126	17.256446	19.435048	17.951105	18.715708	18.645764	17.996368	18.370127	17.035106	16.705173	17.512523	15.459240	16.309339	14.764581	17.028679	13.794285	16.786757	13.375263	18.467358	14.621196	19.670542
12	#ffffff	#000000	#00000000	#00000000		65.318848	62.678976	13.926537	20.389882	12.956241	20.147960	12.537219	21.828561	13.783151	23.031745	13.088492	23.751084	13.364129	24.712346	13.639766	25.673608	14.610062	25.915530	15.029084	24.234929	16.694038	23.757512	16.418401	22.796250	17.113060	22.076911	15.867128	20.873727	14.202174	21.351144
13	#ffffff	#000000	#00000000	#00000000		65.318848	62.678976	13.639766	25.673608	12.945108	26.392948	14.191041	27.596132	15.855995	27.118714	16.131632	28.079976	17.101928	28.321898	18.072224	28.563820	18.766882	27.844480	17.520949	26.641296	17.939970	24.960695	16.969674	24.718773	16.694037	23.757511	15.029083	24.234929	14.610062	25.915530
14	#66ccff	#000000	#00000000	#00000000		65.318848	62.678976	18.072224	28.563820	18.347862	29.525082	20.012816	29.047663	20.431836	27.367061	21.402132	27.608983	22.096790	26.889643	22.791448	26.170303	22.515810	25.209041	20.850856	25.686460	19.604922	24.483277	18.910264	25.202617	17.939968	24.960695	17.520948	26.641297	18.766882	27.844480
15	#A0A0A0	#000000	#00000000	#00000000		65.318848	62.678976	20.564092	30.970186	20.839730	31.931448	22.504684	31.454029	22.923704	29.773427	23.894000	30.015348	24.588658	29.296008	25.283316	28.576668	25.007678	27.615406	23.342724	28.092825	22.096790	26.889642	21.402132	27.608982	20.431836	27.367061	20.012816	29.047663	21.258750	30.250846
16	#A0A0A0	#000000	#00000000	#00000000		65.318848	62.678976	25.283316	28.576668	26.253612	28.818589	26.672632	27.137987	25.426698	25.934804	26.121356	25.215464	25.845718	24.254202	25.570080	23.292940	24.599784	23.051019	24.180764	24.731621	22.515810	25.209040	22.791448	26.170302	22.096790	26.889642	23.342724	28.092825	25.007678	27.615406
17	#66ccff	#000000	#00000000	#00000000		65.318848	62.678976	26.121356	25.215464	25.426698	25.934804	26.672632	27.137987	28.337586	26.660568	28.613224	27.621830	29.583520	27.863752	30.553816	28.105674	31.248474	27.386334	30.002540	26.183151	30.421560	24.502549	29.451264	24.260627	29.175626	23.299365	27.510672	23.776784	27.091652	25.457386
18	#ffffff	#000000	#00000000	#00000000		65.318848	62.678976	25.283316	28.576668	24.588658	29.296008	25.834592	30.499191	27.499546	30.021772	27.775184	30.983034	28.745480	31.224955	29.715776	31.466876	30.410434	30.747536	29.164500	29.544353	29.583520	27.863751	28.613224	27.621830	28.337586	26.660568	26.672632	27.137987	26.253612	28.818589
19	#ffffff	#000000	#00000000	#00000000		65.318848	62.678976	29.715776	31.466876	29.991414	32.428138	31.656368	31.950719	32.075388	30.270117	33.045684	30.512039	33.740342	29.792699	34.435000	29.073359	34.159362	28.112097	32.494408	28.589516	31.248474	27.386333	30.553816	28.105673	29.583520	27.863751	29.164500	29.544353	30.410434	30.747536
20	#66ccff	#000000	#00000000	#00000000		65.318848	62.678976	33.045684	30.512039	32.075388	30.270117	31.656367	31.950718	32.902300	33.153902	32.207642	33.873242	32.483279	34.834504	32.758916	35.795766	33.729212	36.037688	34.148233	34.357087	35.813187	33.879669	35.537550	32.918407	36.232208	32.199067	34.986275	30.995883	33.321321	31.473301
21	#66ccff	#000000	#00000000	#00000000		65.318848	62.678976	34.435000	29.073359	35.405296	29.315280	35.824316	27.634678	34.578382	26.431495	35.273040	25.712155	34.997402	24.750893	34.721764	23.789631	33.751468	23.547710	33.332448	25.228312	31.667494	25.705731	31.943132	26.666993	31.248474	27.386333	32.494408	28.589516	34.159362	28.112097
22	#A0A0A0	#000000	#00000000	#00000000		65.318848	62.678976	37.764907	28.118520	37.489269	27.157259	35.824315	27.634678	35.405296	29.315280	34.435000	29.073359	33.740342	29.792699	33.045684	30.512039	33.321322	31.473300	34.986276	30.995881	36.232210	32.199063	36.926868	31.479723	37.897164	31.721644	38.316183	30.041042	37.070249	28.837860
23	#66ccff	#000000	#00000000	#00000000		65.318848	62.678976	32.207642	33.873242	32.902300	33.153902	31.656366	31.950719	29.991412	32.428138	29.715774	31.466876	28.745478	31.224954	27.775182	30.983032	27.080524	31.702372	28.326458	32.905555	27.907438	34.586157	28.877734	34.828079	29.153372	35.789341	30.818326	35.311922	31.237346	33.631320
24	#006699	#000000	#00000000	#00000000		65.318848	62.678976	28.877734	34.828078	29.153372	35.789340	27.488418	36.266759	26.242484	35.063576	25.547826	35.782916	24.577530	35.540995	23.607234	35.299074	23.331596	34.337812	24.996550	33.860393	25.415570	32.179791	26.385866	32.421712	27.080524	31.702372	28.326458	32.905555	27.907438	34.586157
25	#66ccff	#000000	#00000000	#00000000		65.318848	62.678976	23.055960	33.376552	23.331598	34.337814	24.996552	33.860395	25.415572	32.179793	26.385868	32.421714	27.080526	31.702374	27.775184	30.983034	27.499546	30.021772	25.834592	30.499191	24.588658	29.296008	23.894000	30.015348	22.923704	29.773427	22.504684	31.454029	23.750618	32.657212
26	#A0A0A0	#000000	#00000000	#00000000		65.318848	62.678976	20.564092	30.970186	19.593796	30.728265	19.174776	32.408867	20.420710	33.612050	19.726052	34.331390	20.001690	35.292652	20.277328	36.253914	21.247624	36.495835	21.666644	34.815233	23.331598	34.337814	23.055960	33.376552	23.750618	32.657212	22.504684	31.454029	20.839730	31.931448
27	#A0A0A0	#000000	#00000000	#00000000		65.318848	62.678976	20.564092	30.970186	21.258750	30.250846	20.012816	29.047664	18.347862	29.525083	18.072224	28.563822	17.101928	28.321901	16.131632	28.079980	15.436974	28.799320	16.682908	30.002502	16.263889	31.683104	17.234185	31.925025	17.509823	32.886286	19.174777	32.408867	19.593796	30.728265
28	#66ccff	#000000	#00000000	#00000000		65.318848	62.678976	17.234184	31.925024	16.263888	31.683103	15.844868	33.363705	17.090802	34.566888	16.396144	35.286228	16.671782	36.247490	16.947420	37.208752	17.917716	37.450673	18.336736	35.770071	20.001690	35.292652	19.726052	34.331390	20.420710	33.612050	19.174776	32.408867	17.509822	32.886286
29	#006699	#000000	#00000000	#00000000		65.318848	62.678976	13.066236	36.241066	12.095940	35.999145	12.514960	34.318543	14.179914	33.841124	13.904276	32.879862	14.598934	32.160522	15.293592	31.441182	16.263888	31.683103	15.844868	33.363705	17.090802	34.566888	16.396144	35.286228	16.671782	36.247490	15.006828	36.724909	13.760894	35.521726
30	#A0A0A0	#000000	#00000000	#00000000		65.318848	62.678976	16.131631	28.079979	15.855992	27.118718	14.191038	27.596138	13.772019	29.276740	12.801723	29.034819	12.107065	29.754160	11.412407	30.473501	11.688046	31.434762	13.353000	30.957342	14.598935	32.160524	15.293593	31.441183	16.263889	31.683104	16.682908	30.002502	15.436973	28.799320
31	#66ccff	#000000	#00000000	#00000000		65.318848	62.678976	12.801723	29.034819	13.772019	29.276740	14.191038	27.596138	12.945103	26.392956	13.639761	25.673615	13.364122	24.712354	13.088483	23.751093	12.118187	23.509172	11.699168	25.189774	10.034214	25.667194	10.309853	26.628455	9.615195	27.347796	10.861130	28.550978	12.526084	28.073558
32	#66ccff	#000000	#00000000	#00000000		65.318848	62.678976	11.412408	30.473501	10.442112	30.231580	10.023093	31.912182	11.269028	33.115364	10.574371	33.834705	10.850010	34.795966	11.125649	35.757227	12.095945	35.999148	12.514964	34.318546	14.179917	33.841126	13.904278	32.879865	14.598935	32.160524	13.353000	30.957342	11.688047	31.434762
33	#A0A0A0	#000000	#00000000	#00000000		65.318848	62.678976	8.082500	31.428341	8.358138	32.389602	10.023092	31.912182	10.442111	30.231580	11.412407	30.473501	12.107065	29.754160	12.801723	29.034819	12.526085	28.073558	10.861131	28.550978	9.615197	27.347796	8.920539	28.067137	7.950243	27.825216	7.531224	29.505818	8.777158	30.709000
34	#ffffff	#000000	#00000000	#00000000		65.318848	62.678976	8.082501	31.428341	7.112205	31.186420	6.693186	32.867022	7.939121	34.070204	7.244464	34.789545	7.520103	35.750806	7.795742	36.712067	8.766038	36.953988	9.185057	35.273386	10.850010	34.795966	10.574371	33.834705	11.269028	33.115364	10.023093	31.912182	8.358140	32.389602
35	#66ccff	#000000	#00000000	#00000000		65.318848	62.678976	2.812002	31.899343	2.117345	32.618684	3.363280	33.821865	5.028233	33.344444	5.303872	34.305705	6.274168	34.547625	7.244464	34.789545	7.939121	34.070204	6.693186	32.867023	7.112204	31.186421	6.141908	30.944501	5.866269	29.983240	4.201316	30.460661	3.782298	32.141263
36	#006699	#000000	#00000000	#00000000		65.318848	62.678976	4.465836	37.666909	3.771179	38.386250	2.525244	37.183069	2.944262	35.502467	1.973966	35.260547	1.698327	34.299286	1.422688	33.338025	2.117345	32.618684	3.363280	33.821865	5.028233	33.344444	5.303872	34.305705	6.274168	34.547625	5.855150	36.228227	4.190197	36.705648
37	#66ccff	#000000	#00000000	#00000000		65.318848	62.678976	6.957706	40.073271	7.928002	40.315191	8.347020	38.634589	7.101085	37.431408	7.795742	36.712067	7.520103	35.750806	7.244464	34.789545	6.274168	34.547625	5.855150	36.228227	4.190197	36.705648	4.465836	37.666909	3.771179	38.386250	5.017114	39.589431	6.682067	39.112010
38	#A0A0A0	#000000	#00000000	#00000000		65.318848	62.678976	3.650038	28.538139	2.955381	29.257480	4.201316	30.460661	5.866269	29.983240	6.141908	30.944501	7.112204	31.186421	8.082500	31.428341	8.777157	30.709000	7.531222	29.505819	7.950240	27.825217	6.979944	27.583297	6.704305	26.622036	5.039352	27.099457	4.620334	28.780059
39	#66ccff	#000000	#00000000	#00000000		65.318848	62.678976	4.488074	25.176935	3.793417	25.896276	5.039352	27.099457	6.704305	26.622036	6.979944	27.583297	7.950240	27.825217	8.920536	28.067137	9.615193	27.347796	8.369258	26.144615	8.788276	24.464013	7.817980	24.222093	7.542341	23.260832	5.877388	23.738253	5.458370	25.418855
40	#006699	#000000	#00000000	#00000000		65.318848	62.678976	10.309850	26.628455	9.615193	27.347796	8.369258	26.144615	8.788276	24.464013	7.817980	24.222093	7.542341	23.260832	7.266702	22.299571	7.961359	21.580230	9.207294	22.783411	10.872247	22.305990	11.147886	23.267251	12.118182	23.509171	11.699164	25.189773	10.034211	25.667194
41	#A0A0A0	#000000	#00000000	#00000000		65.318848	62.678976	4.774832	19.893209	3.804536	19.651289	3.385518	21.331891	4.631453	22.535072	3.936796	23.254413	4.212435	24.215674	4.488074	25.176935	5.458370	25.418855	5.877388	23.738253	7.542341	23.260832	7.266702	22.299571	7.961359	21.580230	6.715424	20.377049	5.050471	20.854470
42	#A0A0A0	#000000	#00000000	#00000000		65.318848	62.678976	9.494052	17.499685	9.218413	16.538424	7.553460	17.015845	7.134442	18.696447	6.164146	18.454527	5.469489	19.173868	4.774832	19.893209	5.050471	20.854470	6.715424	20.377049	7.961359	21.580230	8.656016	20.860889	9.626312	21.102809	10.045330	19.422207	8.799395	18.219026
43	#66ccff	#000000	#00000000	#00000000		65.318848	62.678976	8.656016	20.860889	7.961359	21.580230	9.207294	22.783411	10.872247	22.305990	11.147886	23.267251	12.118182	23.509171	13.088478	23.751091	13.783135	23.031750	12.537200	21.828569	12.956218	20.147967	11.985922	19.906047	11.710283	18.944786	10.045330	19.422207	9.626312	21.102809
44	#A0A0A0	#000000	#00000000	#00000000		65.318848	62.678976	9.494052	17.499685	8.799395	18.219026	10.045330	19.422207	11.710283	18.944786	11.985922	19.906047	12.956218	20.147967	13.926514	20.389887	14.621171	19.670546	13.375236	18.467365	13.794254	16.786763	12.823958	16.544843	12.548319	15.583582	10.883366	16.061003	10.464348	17.741605
45	#A0A0A0	#000000	#00000000	#00000000		65.318848	62.678976	9.494052	17.499685	10.464348	17.741605	10.883366	16.061003	9.637431	14.857822	10.332088	14.138481	10.056449	13.177220	9.780810	12.215959	8.810514	11.974039	8.391496	13.654641	6.726543	14.132062	7.002182	15.093323	6.307525	15.812664	7.553460	17.015845	9.218413	16.538424
46	#66ccff	#000000	#00000000	#00000000		65.318848	62.678976	10.332088	14.138481	9.637431	14.857822	10.883366	16.061003	12.548319	15.583582	12.823958	16.544843	13.794254	16.786763	14.764550	17.028683	15.459207	16.309342	14.213272	15.106161	14.632290	13.425559	13.661994	13.183639	13.386355	12.222378	11.721402	12.699799	11.302384	14.380401
47	#66ccff	#000000	#00000000	#00000000		65.318848	62.678976	6.164146	18.454527	7.134442	18.696447	7.553460	17.015845	6.307525	15.812664	7.002182	15.093323	6.726543	14.132062	6.450904	13.170801	5.480608	12.928881	5.061590	14.609483	3.396637	15.086904	3.672276	16.048165	2.977619	16.767506	4.223554	17.970687	5.888507	17.493266
48	#A0A0A0	#000000	#00000000	#00000000		65.318848	62.678976	9.780810	12.215959	10.475467	11.496618	9.229532	10.293437	7.564579	10.770858	7.288940	9.809597	6.318644	9.567677	5.348348	9.325757	4.653691	10.045098	5.899626	11.248279	5.480608	12.928881	6.450904	13.170801	6.726543	14.132062	8.391496	13.654641	8.810514	11.974039
49	#A0A0A0	#000000	#00000000	#00000000		65.318848	62.678976	2.856478	6.919395	2.161821	7.638736	3.407756	8.841917	5.072709	8.364496	5.348348	9.325757	6.318644	9.567677	7.288940	9.809597	7.983597	9.090256	6.737662	7.887075	7.156680	6.206473	6.186384	5.964553	5.910745	5.003292	4.245792	5.480713	3.826774	7.161315
50	#66ccff	#000000	#00000000	#00000000		65.318848	62.678976	7.288940	9.809597	7.564579	10.770858	9.229532	10.293437	9.648550	8.612835	10.618846	8.854755	11.313503	8.135414	12.008160	7.416073	11.732521	6.454812	10.067568	6.932233	8.821633	5.729052	8.126976	6.448393	7.156680	6.206473	6.737662	7.887075	7.983597	9.090256
51	#ffffff	#000000	#00000000	#00000000		65.318848	62.678976	10.618846	8.854755	9.648550	8.612835	9.229532	10.293437	10.475467	11.496618	9.780810	12.215959	10.056449	13.177220	10.332088	14.138481	11.302384	14.380401	11.721402	12.699799	13.386355	12.222378	13.110716	11.261117	13.805373	10.541776	12.559438	9.338595	10.894485	9.816016
52	#ffffff	#000000	#00000000	#00000000		65.318848	62.678976	15.338066	6.461231	15.062427	5.499970	13.397474	5.977391	12.978456	7.657993	12.008160	7.416073	11.313503	8.135414	10.618846	8.854755	10.894485	9.816016	12.559438	9.338595	13.805373	10.541776	14.500030	9.822435	15.470326	10.064355	15.889344	8.383753	14.643409	7.180572
53	#006699	#000000	#00000000	#00000000		65.318848	62.678976	16.153864	15.590001	15.459207	16.309342	14.213272	15.106161	14.632290	13.425559	13.661994	13.183639	13.386355	12.222378	13.110716	11.261117	13.805373	10.541776	15.051308	11.744957	16.716261	11.267536	16.991900	12.228797	17.962196	12.470717	17.543178	14.151319	15.878225	14.628740
54	#66ccff	#000000	#00000000	#00000000		65.318848	62.678976	14.500030	9.822435	13.805373	10.541776	15.051308	11.744957	16.716261	11.267536	16.991900	12.228797	17.962196	12.470717	18.932492	12.712637	19.627149	11.993296	18.381214	10.790115	18.800232	9.109513	17.829936	8.867593	17.554297	7.906332	15.889344	8.383753	15.470326	10.064355
55	#66ccff	#000000	#00000000	#00000000		65.318848	62.678976	15.338066	6.461231	14.643409	7.180572	15.889344	8.383753	17.554297	7.906332	17.829936	8.867593	18.800232	9.109513	19.770528	9.351433	20.465185	8.632092	19.219250	7.428911	19.638268	5.748309	18.667972	5.506389	18.392333	4.545128	16.727380	5.022549	16.308362	6.703151
56	#006699	#000000	#00000000	#00000000		65.318848	62.678976	21.159842	7.912751	20.465185	8.632092	19.219250	7.428911	19.638268	5.748309	18.667972	5.506389	18.392333	4.545128	18.116694	3.583867	18.811351	2.864526	20.057286	4.067707	21.722239	3.590286	21.997878	4.551547	22.968174	4.793467	22.549156	6.474069	20.884203	6.951490
57	#ffffff	#000000	#00000000	#00000000		65.318848	62.678976	18.932492	12.712637	19.208131	13.673898	20.873084	13.196477	21.292102	11.515875	22.262398	11.757795	22.957055	11.038454	23.651712	10.319113	23.376073	9.357852	21.711120	9.835273	20.465185	8.632092	19.770528	9.351433	18.800232	9.109513	18.381214	10.790115	19.627149	11.993296
58	#66ccff	#000000	#00000000	#00000000		65.318848	62.678976	23.651712	10.319113	24.622008	10.561033	25.041026	8.880431	23.795091	7.677250	24.489748	6.957909	24.214109	5.996648	23.938470	5.035387	22.968174	4.793467	22.549156	6.474069	20.884203	6.951490	21.159842	7.912751	20.465185	8.632092	21.711120	9.835273	23.376073	9.357852
59	#66ccff	#000000	#00000000	#00000000		65.318848	62.678976	26.981618	9.364271	26.705979	8.403010	25.041026	8.880431	24.622008	10.561033	23.651712	10.319113	22.957055	11.038454	22.262398	11.757795	22.538037	12.719056	24.202990	12.241635	25.448925	13.444816	26.143582	12.725475	27.113878	12.967395	27.532896	11.286793	26.286961	10.083612
60	#ffffff	#000000	#00000000	#00000000		65.318848	62.678976	24.489748	6.957909	23.795091	7.677250	25.041026	8.880431	26.705979	8.403010	26.981618	9.364271	27.951914	9.606191	28.922210	9.848111	29.616867	9.128770	28.370932	7.925589	28.789950	6.244987	27.819654	6.003067	27.544015	5.041806	25.879062	5.519227	25.460044	7.199829
61	#66ccff	#000000	#00000000	#00000000		65.318848	62.678976	28.922210	9.848111	29.197849	10.809372	30.862802	10.331951	31.281820	8.651349	32.252116	8.893269	32.946773	8.173928	33.641430	7.454587	33.365791	6.493326	31.700838	6.970747	30.454903	5.767566	29.760246	6.486907	28.789950	6.244987	28.370932	7.925589	29.616867	9.128770
62	#ffffff	#000000	#00000000	#00000000		65.318848	62.678976	24.776506	1.674183	23.806210	1.432263	23.387192	3.112865	24.633127	4.316046	23.938470	5.035387	24.214109	5.996648	24.489748	6.957909	25.460044	7.199829	25.879062	5.519227	27.544015	5.041806	27.268376	4.080545	27.963033	3.361204	26.717098	2.158023	25.052145	2.635444
63	#006699	#000000	#00000000	#00000000		65.318848	62.678976	33.090152	5.532065	33.365791	6.493326	31.700838	6.970747	30.454903	5.767566	29.760246	6.486907	28.789950	6.244987	27.819654	6.003067	27.544015	5.041806	29.208968	4.564385	29.627986	2.883783	30.598282	3.125703	31.292939	2.406362	32.538874	3.609543	32.119856	5.290145
64	#A0A0A0	#000000	#00000000	#00000000		65.318848	62.678976	31.414080	12.254473	32.108737	11.535132	30.862802	10.331951	29.197849	10.809372	28.922210	9.848111	27.951914	9.606191	26.981618	9.364271	26.286961	10.083612	27.532896	11.286793	27.113878	12.967395	28.084174	13.209315	28.359813	14.170576	30.024766	13.693155	30.443784	12.012553
65	#A0A0A0	#000000	#00000000	#00000000		65.318848	62.678976	31.127322	17.538199	32.097618	17.780119	32.516636	16.099517	31.270701	14.896336	31.965358	14.176995	31.689719	13.215734	31.414080	12.254473	30.443784	12.012553	30.024766	13.693155	28.359813	14.170576	28.635452	15.131837	27.940795	15.851178	29.186730	17.054359	30.851683	16.576938
66	#A0A0A0	#000000	#00000000	#00000000		65.318848	62.678976	31.127322	17.538199	30.432665	18.257540	31.678600	19.460721	33.343553	18.983300	33.619192	19.944561	34.589488	20.186481	35.559784	20.428401	36.254441	19.709060	35.008506	18.505879	35.427524	16.825277	34.457228	16.583357	34.181589	15.622096	32.516636	16.099517	32.097618	17.780119
67	#66ccff	#000000	#00000000	#00000000		65.318848	62.678976	30.289286	20.899403	29.594629	21.618744	30.840564	22.821925	32.505517	22.344504	32.781156	23.305765	33.751452	23.547685	34.721748	23.789605	35.416405	23.070264	34.170470	21.867083	34.589488	20.186481	33.619192	19.944561	33.343553	18.983300	31.678600	19.460721	31.259582	21.141323
68	#006699	#000000	#00000000	#00000000		65.318848	62.678976	31.943120	26.666969	31.248463	27.386310	30.002528	26.183129	30.421546	24.502527	29.451250	24.260607	29.175611	23.299346	28.899972	22.338085	29.594629	21.618744	30.840564	22.821925	32.505517	22.344504	32.781156	23.305765	33.751452	23.547685	33.332434	25.228287	31.667481	25.705708
69	#ffffff	#000000	#00000000	#00000000		65.318848	62.678976	35.273040	25.712155	34.578382	26.431495	35.824316	27.634678	37.489270	27.157259	37.764908	28.118521	38.735204	28.360443	39.705500	28.602365	40.400158	27.883025	39.154224	26.679842	39.573244	24.999240	38.602948	24.757318	38.327310	23.796056	36.662356	24.273475	36.243336	25.954077
70	#ffffff	#000000	#00000000	#00000000		65.318848	62.678976	35.559808	20.428428	34.589512	20.186506	34.170491	21.867107	35.416424	23.070291	34.721766	23.789631	34.997403	24.750893	35.273040	25.712155	36.243336	25.954077	36.662357	24.273476	38.327311	23.796058	38.051674	22.834796	38.746332	22.115456	37.500399	20.912272	35.835445	21.389690
71	#A0A0A0	#000000	#00000000	#00000000		65.318848	62.678976	35.559808	20.428428	35.835445	21.389690	37.500399	20.912272	37.919420	19.231670	38.889716	19.473592	39.584374	18.754252	40.279032	18.034912	40.003395	17.073650	38.338441	17.551068	37.092508	16.347884	36.397850	17.067224	35.427554	16.825302	35.008533	18.505904	36.254466	19.709088
72	#006699	#000000	#00000000	#00000000		65.318848	62.678976	38.625208	12.267341	39.595504	12.509263	39.176483	14.189864	37.511529	14.667282	37.787166	15.628544	37.092508	16.347884	36.397850	17.067224	35.427554	16.825302	35.846575	15.144701	34.600642	13.941517	35.295300	13.222177	35.019663	12.260915	36.684617	11.783497	37.930550	12.986681
73	#66ccff	#000000	#00000000	#00000000		65.318848	62.678976	34.457258	16.583380	35.427554	16.825302	35.846575	15.144701	34.600642	13.941517	35.295300	13.222177	35.019663	12.260915	34.744026	11.299653	33.773730	11.057731	33.354709	12.738332	31.689755	13.215750	31.965392	14.177012	31.270734	14.896352	32.516667	16.099536	34.181621	15.622118
74	#ffffff	#000000	#00000000	#00000000		65.318848	62.678976	31.414118	12.254488	31.689755	13.215750	33.354709	12.738332	33.773730	11.057730	34.744026	11.299652	35.438684	10.580312	36.133342	9.860972	35.857705	8.899710	34.192751	9.377128	32.946818	8.173944	32.252160	8.893284	31.281864	8.651362	30.862843	10.331964	32.108776	11.535148
75	#ffffff	#000000	#00000000	#00000000		65.318848	62.678976	36.133342	9.860972	37.103638	10.102894	37.522659	8.422292	36.276726	7.219108	36.971384	6.499768	36.695747	5.538506	36.420110	4.577244	35.449814	4.335322	35.030793	6.015924	33.365839	6.493342	33.641476	7.454604	32.946818	8.173944	34.192751	9.377128	35.857705	8.899710
76	#66ccff	#000000	#00000000	#00000000		65.318848	62.678976	36.420110	4.577244	37.114768	3.857904	35.868835	2.654720	34.203881	3.132138	33.928244	2.170876	32.957948	1.928954	31.987652	1.687032	31.292994	2.406372	32.538927	3.609556	32.119906	5.290158	33.090202	5.532080	33.365839	6.493342	35.030793	6.015924	35.449814	4.335322
77	#A0A0A0	#000000	#00000000	#00000000		65.318848	62.678976	37.258154	1.216041	36.287858	0.974119	35.868836	2.654720	37.114769	3.857904	36.420110	4.577244	36.695747	5.538506	36.971384	6.499768	37.941680	6.741690	38.360702	5.061089	40.025656	4.583672	39.750019	3.622410	40.444678	2.903070	39.198745	1.699886	37.533791	2.177303
78	#66ccff	#000000	#00000000	#00000000		65.318848	62.678976	36.971384	6.499768	36.276726	7.219108	37.522659	8.422292	39.187613	7.944874	39.463250	8.906136	40.433546	9.148058	41.403842	9.389980	42.098500	8.670640	40.852567	7.467456	41.271588	5.786855	40.301292	5.544933	40.025655	4.583671	38.360701	5.061089	37.941680	6.741690
79	#006699	#000000	#00000000	#00000000		65.318848	62.678976	40.301292	5.544933	40.025655	4.583671	41.690609	4.106253	42.936542	5.309437	43.631200	4.590097	44.601496	4.832019	45.571792	5.073941	45.847429	6.035203	44.182475	6.512621	43.763454	8.193222	42.793158	7.951300	42.098500	8.670640	40.852567	7.467456	41.271588	5.786855
80	#66ccff	#000000	#00000000	#00000000		65.318848	62.678976	39.463250	8.906135	39.187612	7.944873	37.522658	8.422292	37.103638	10.102894	36.133342	9.860972	35.438684	10.580312	34.744026	11.299652	35.019664	12.260914	36.684618	11.783495	37.930552	12.986678	38.625210	12.267338	39.595506	12.509260	40.014526	10.828658	38.768592	9.625475
81	#ffffff	#000000	#00000000	#00000000		65.318848	62.678976	43.895710	11.796345	44.590368	11.077005	43.344434	9.873822	41.679480	10.351241	41.403842	9.389979	40.433546	9.148057	39.463250	8.906135	38.768592	9.625475	40.014526	10.828658	39.595506	12.509260	40.565802	12.751182	40.841440	13.712444	42.506394	13.235025	42.925414	11.554423
82	#66ccff	#000000	#00000000	#00000000		65.318848	62.678976	46.123066	6.996461	45.847428	6.035199	44.182474	6.512618	43.763454	8.193220	42.793158	7.951299	42.098500	8.670639	41.403842	9.389979	41.679480	10.351241	43.344434	9.873822	44.590368	11.077005	45.285026	10.357665	46.255322	10.599586	46.674342	8.918984	45.428408	7.715801
83	#ffffff	#000000	#00000000	#00000000		65.318848	62.678976	48.614934	9.402827	49.585230	9.644748	50.004250	7.964146	48.758316	6.760963	49.452974	6.041623	49.177336	5.080361	48.901698	4.119099	47.931402	3.877178	47.512382	5.557780	45.847428	6.035199	46.123066	6.996461	45.428408	7.715801	46.674342	8.918984	48.339296	8.441565
84	#66ccff	#000000	#00000000	#00000000		65.318848	62.678976	48.614934	9.402827	48.339296	8.441565	46.674342	8.918984	46.255322	10.599586	45.285026	10.357665	44.590368	11.077005	43.895710	11.796345	44.171348	12.757607	45.836302	12.280188	47.082236	13.483371	47.776894	12.764031	48.747190	13.005952	49.166210	11.325350	47.920276	10.122167
85	#006699	#000000	#00000000	#00000000		65.318848	62.678976	47.776894	12.764031	48.747190	13.005952	48.328170	14.686554	46.663216	15.163973	46.938854	16.125235	46.244196	16.844575	45.549538	17.563915	44.579242	17.321994	44.998262	15.641392	43.752328	14.438209	44.446986	13.718869	44.171348	12.757607	45.836302	12.280188	47.082236	13.483371
86	#66ccff	#000000	#00000000	#00000000		65.318848	62.678976	43.608946	17.080072	44.579242	17.321993	44.998262	15.641391	43.752328	14.438208	44.446986	13.718868	44.171348	12.757606	43.895710	11.796344	42.925414	11.554423	42.506394	13.235025	40.841440	13.712444	41.117078	14.673706	40.422420	15.393046	41.668354	16.596229	43.333308	16.118810
87	#66ccff	#000000	#00000000	#00000000		65.318848	62.678976	40.279038	18.034910	41.249334	18.276831	41.668354	16.596229	40.422420	15.393046	41.117078	14.673706	40.841440	13.712444	40.565802	12.751182	39.595506	12.509261	39.176486	14.189863	37.511532	14.667282	37.787170	15.628544	37.092512	16.347884	38.338446	17.551067	40.003400	17.073648
88	#ffffff	#000000	#00000000	#00000000		65.318848	62.678976	40.279038	18.034910	39.584380	18.754250	40.830314	19.957433	42.495268	19.480014	42.770906	20.441276	43.741202	20.683197	44.711498	20.925118	45.406156	20.205778	44.160222	19.002595	44.579242	17.321993	43.608946	17.080072	43.333308	16.118810	41.668354	16.596229	41.249334	18.276831
89	#66ccff	#000000	#00000000	#00000000		65.318848	62.678976	38.051682	22.834794	38.327320	23.796056	39.992274	23.318637	40.411294	21.638035	41.381590	21.879956	42.076248	21.160616	42.770906	20.441276	42.495268	19.480014	40.830314	19.957433	39.584380	18.754250	38.889722	19.473590	37.919426	19.231669	37.500406	20.912271	38.746340	22.115454
90	#006699	#000000	#00000000	#00000000		65.318848	62.678976	43.873458	24.286322	44.149096	25.247584	42.484142	25.725003	41.238208	24.521820	40.543550	25.241160	39.573254	24.999239	38.602958	24.757318	38.327320	23.796056	39.992274	23.318637	40.411294	21.638035	41.381590	21.879956	42.076248	21.160616	43.322182	22.363799	42.903162	24.044401
91	#66ccff	#000000	#00000000	#00000000		65.318848	62.678976	39.705500	28.602365	39.981138	29.563627	41.646092	29.086208	42.065112	27.405606	43.035408	27.647527	43.730066	26.928187	44.424724	26.208847	44.149086	25.247585	42.484132	25.725004	41.238198	24.521821	40.543540	25.241161	39.573244	24.999240	39.154224	26.679842	40.400158	27.883025
92	#A0A0A0	#000000	#00000000	#00000000		65.318848	62.678976	42.197368	31.008731	42.892026	30.289391	41.646092	29.086208	39.981138	29.563627	39.705500	28.602365	38.735204	28.360444	37.764908	28.118523	37.070250	28.837863	38.316184	30.041046	37.897164	31.721648	38.867460	31.963569	39.143098	32.924831	40.808052	32.447412	41.227072	30.766810
93	#66ccff	#000000	#00000000	#00000000		65.318848	62.678976	41.359328	34.369935	42.053986	33.650595	40.808052	32.447412	39.143098	32.924831	38.867460	31.963569	37.897164	31.721648	36.926868	31.479727	36.232210	32.199067	37.478144	33.402250	37.059124	35.082852	38.029420	35.324773	38.305058	36.286035	39.970012	35.808616	40.389032	34.128014
94	#006699	#000000	#00000000	#00000000		65.318848	62.678976	35.537552	32.918407	36.232210	32.199067	37.478144	33.402250	37.059124	35.082852	38.029420	35.324773	38.305058	36.286035	38.580696	37.247297	37.886038	37.966637	36.640104	36.763454	34.975150	37.240873	34.699512	36.279611	33.729216	36.037690	34.148236	34.357088	35.813190	33.879669
95	#ffffff	#000000	#00000000	#00000000		65.318848	62.678976	41.072564	39.653663	42.042860	39.895584	42.461880	38.214982	41.215946	37.011799	41.910604	36.292459	41.634966	35.331197	41.359328	34.369935	40.389032	34.128014	39.970012	35.808616	38.305058	36.286035	38.580696	37.247297	37.886038	37.966637	39.131972	39.169820	40.796926	38.692401
96	#A0A0A0	#000000	#00000000	#00000000		65.318848	62.678976	42.197368	31.008731	41.227072	30.766810	40.808052	32.447412	42.053986	33.650595	41.359328	34.369935	41.634966	35.331197	41.910604	36.292459	42.880900	36.534380	43.299920	34.853778	44.964874	34.376359	44.689236	33.415097	45.383894	32.695757	44.137960	31.492574	42.473006	31.969993
97	#A0A0A0	#000000	#00000000	#00000000		65.318848	62.678976	42.197368	31.008731	42.473006	31.969993	44.137960	31.492574	44.556980	29.811972	45.527276	30.053893	46.221934	29.334553	46.916592	28.615213	46.640954	27.653951	44.976000	28.131370	43.730066	26.928187	43.035408	27.647527	42.065112	27.405606	41.646092	29.086208	42.892026	30.289391
98	#A0A0A0	#000000	#00000000	#00000000		65.318848	62.678976	46.916592	28.615213	47.886888	28.857134	48.305908	27.176532	47.059974	25.973349	47.754632	25.254009	47.478994	24.292747	47.203356	23.331485	46.233060	23.089564	45.814040	24.770166	44.149086	25.247585	44.424724	26.208847	43.730066	26.928187	44.976000	28.131370	46.640954	27.653951
99	#66ccff	#000000	#00000000	#00000000		65.318848	62.678976	47.203356	23.331485	47.898014	22.612145	46.652080	21.408962	44.987126	21.886381	44.711488	20.925119	43.741192	20.683198	42.770896	20.441277	42.076238	21.160617	43.322172	22.363800	42.903152	24.044402	43.873448	24.286323	44.149086	25.247585	45.814040	24.770166	46.233060	23.089564
100	#ffffff	#000000	#00000000	#00000000		65.318848	62.678976	44.711488	20.925119	44.987126	21.886381	46.652080	21.408962	47.071100	19.728360	48.041396	19.970281	48.736054	19.250941	49.430712	18.531601	49.155074	17.570339	47.490120	18.047758	46.244186	16.844575	45.549528	17.563915	44.579232	17.321994	44.160212	19.002596	45.406146	20.205779
101	#66ccff	#000000	#00000000	#00000000		65.318848	62.678976	49.430712	18.531601	50.401008	18.773522	50.820028	17.092920	49.574094	15.889737	50.268752	15.170397	49.993114	14.209135	49.717476	13.247873	48.747180	13.005952	48.328160	14.686554	46.663206	15.163973	46.938844	16.125235	46.244186	16.844575	47.490120	18.047758	49.155074	17.570339
102	#A0A0A0	#000000	#00000000	#00000000		65.318848	62.678976	53.047394	12.293035	53.742052	11.573695	52.496118	10.370512	50.831164	10.847931	50.555526	9.886669	49.585230	9.644748	48.614934	9.402827	47.920276	10.122167	49.166210	11.325350	48.747190	13.005952	49.717486	13.247873	49.993124	14.209135	51.658078	13.731716	52.077098	12.051114
103	#66ccff	#000000	#00000000	#00000000		65.318848	62.678976	53.885434	8.931831	54.580092	8.212491	53.334158	7.009308	51.669204	7.486727	51.393566	6.525465	50.423270	6.283544	49.452974	6.041623	48.758316	6.760963	50.004250	7.964146	49.585230	9.644748	50.555526	9.886669	50.831164	10.847931	52.496118	10.370512	52.915138	8.689910
104	#006699	#000000	#00000000	#00000000		65.318848	62.678976	52.231606	3.164261	52.926264	2.444921	54.172198	3.648104	53.753178	5.328706	54.723474	5.570627	54.999112	6.531889	55.274750	7.493151	54.580092	8.212491	53.334158	7.009308	51.669204	7.486727	51.393566	6.525465	50.423270	6.283544	50.842290	4.602942	52.507244	4.125523
105	#ffffff	#000000	#00000000	#00000000		65.318848	62.678976	53.047394	12.293035	53.323032	13.254297	54.987986	12.776878	55.407006	11.096276	56.377302	11.338197	57.071960	10.618857	57.766618	9.899517	57.490980	8.938255	55.826026	9.415674	54.580092	8.212491	53.885434	8.931831	52.915138	8.689910	52.496118	10.370512	53.742052	11.573695
106	#ffffff	#000000	#00000000	#00000000		65.318848	62.678976	57.766618	9.899517	58.736914	10.141438	59.155934	8.460836	57.910000	7.257653	58.604658	6.538313	58.329020	5.577051	58.053382	4.615789	57.083086	4.373868	56.664066	6.054470	54.999112	6.531889	55.274750	7.493151	54.580092	8.212491	55.826026	9.415674	57.490980	8.938255
107	#66ccff	#000000	#00000000	#00000000		65.318848	62.678976	56.090538	16.621925	57.060834	16.863846	57.479854	15.183244	56.233920	13.980061	56.928578	13.260721	56.652940	12.299459	56.377302	11.338197	55.407006	11.096276	54.987986	12.776878	53.323032	13.254297	53.598670	14.215559	52.904012	14.934899	54.149946	16.138082	55.814900	15.660663
108	#A0A0A0	#000000	#00000000	#00000000		65.318848	62.678976	52.760630	17.576763	53.730926	17.818684	54.149946	16.138082	52.904012	14.934899	53.598670	14.215559	53.323032	13.254297	53.047394	12.293035	52.077098	12.051114	51.658078	13.731716	49.993124	14.209135	50.268762	15.170397	49.574104	15.889737	50.820038	17.092920	52.484992	16.615501
109	#006699	#000000	#00000000	#00000000		65.318848	62.678976	60.258486	12.305883	61.228782	12.547804	60.809762	14.228406	59.144808	14.705825	59.420446	15.667087	58.725788	16.386427	58.031130	17.105767	57.060834	16.863846	57.479854	15.183244	56.233920	13.980061	56.928578	13.260721	56.652940	12.299459	58.317894	11.822040	59.563828	13.025223
110	#66ccff	#000000	#00000000	#00000000		65.318848	62.678976	61.096526	8.944679	60.820888	7.983417	59.155934	8.460836	58.736914	10.141438	57.766618	9.899517	57.071960	10.618857	56.377302	11.338197	56.652940	12.299459	58.317894	11.822040	59.563828	13.025223	60.258486	12.305883	61.228782	12.547804	61.647802	10.867202	60.401868	9.664019
111	#A0A0A0	#000000	#00000000	#00000000		65.318848	62.678976	52.760630	17.576763	52.065972	18.296103	53.311906	19.499286	54.976860	19.021867	55.252498	19.983129	56.222794	20.225050	57.193090	20.466971	57.887748	19.747631	56.641814	18.544448	57.060834	16.863846	56.090538	16.621925	55.814900	15.660663	54.149946	16.138082	53.730926	17.818684
112	#A0A0A0	#000000	#00000000	#00000000		65.318848	62.678976	52.760630	17.576763	52.484992	16.615501	50.820038	17.092920	50.401018	18.773522	49.430722	18.531601	48.736064	19.250941	48.041406	19.970281	48.317044	20.931543	49.981998	20.454124	51.227932	21.657307	51.922590	20.937967	52.892886	21.179888	53.311906	19.499286	52.065972	18.296103
113	#A0A0A0	#000000	#00000000	#00000000		65.318848	62.678976	48.041406	19.970281	47.071110	19.728360	46.652090	21.408962	47.898024	22.612145	47.203366	23.331485	47.479004	24.292747	47.754642	25.254009	48.724938	25.495930	49.143958	23.815328	50.808912	23.337909	50.533274	22.376647	51.227932	21.657307	49.981998	20.454124	48.317044	20.931543
114	#66ccff	#000000	#00000000	#00000000		65.318848	62.678976	55.252498	19.983129	54.976860	19.021867	53.311906	19.499286	52.892886	21.179888	51.922590	20.937967	51.227932	21.657307	50.533274	22.376647	50.808912	23.337909	52.473866	22.860490	53.719800	24.063673	54.414458	23.344333	55.384754	23.586254	55.803774	21.905652	54.557840	20.702469
115	#A0A0A0	#000000	#00000000	#00000000		65.318848	62.678976	59.684958	22.873335	60.379616	22.153995	59.133682	20.950813	57.468728	21.428232	57.193090	20.466971	56.222794	20.225050	55.252498	19.983129	54.557840	20.702469	55.803774	21.905651	55.384755	23.586253	56.355051	23.828174	56.630689	24.789435	58.295643	24.312016	58.714662	22.631414
116	#A0A0A0	#000000	#00000000	#00000000		65.318848	62.678976	57.193090	20.466971	57.468728	21.428233	59.133682	20.950814	59.552702	19.270212	60.522998	19.512133	61.217656	18.792793	61.912314	18.073453	61.636676	17.112191	59.971722	17.589610	58.725788	16.386427	58.031130	17.105767	57.060834	16.863846	56.641814	18.544448	57.887748	19.747631
117	#006699	#000000	#00000000	#00000000		65.318848	62.678976	51.084550	24.299171	50.808912	23.337909	52.473866	22.860490	53.719800	24.063673	54.414458	23.344333	55.384754	23.586254	56.355050	23.828175	56.630688	24.789437	54.965734	25.266856	54.546714	26.947458	53.576418	26.705537	52.881760	27.424877	51.635826	26.221694	52.054846	24.541092
118	#66ccff	#000000	#00000000	#00000000		65.318848	62.678976	47.754642	25.254009	47.059984	25.973349	48.305918	27.176532	49.970872	26.699113	50.246510	27.660375	51.216806	27.902296	52.187102	28.144217	52.881760	27.424877	51.635826	26.221694	52.054846	24.541092	51.084550	24.299171	50.808912	23.337909	49.143958	23.815328	48.724938	25.495930
119	#66ccff	#000000	#00000000	#00000000		65.318848	62.678976	56.906326	25.750699	56.630688	24.789437	54.965734	25.266856	54.546714	26.947458	53.576418	26.705537	52.881760	27.424877	52.187102	28.144217	52.462740	29.105479	54.127694	28.628060	55.373628	29.831243	56.068286	29.111903	57.038582	29.353824	57.457602	27.673222	56.211668	26.470039
120	#A0A0A0	#000000	#00000000	#00000000		65.318848	62.678976	59.398194	28.157065	60.368490	28.398986	60.787510	26.718384	59.541576	25.515201	60.236234	24.795861	59.960596	23.834599	59.684958	22.873337	58.714662	22.631416	58.295642	24.312018	56.630688	24.789437	56.906326	25.750699	56.211668	26.470039	57.457602	27.673222	59.122556	27.195803
121	#A0A0A0	#000000	#00000000	#00000000		65.318848	62.678976	59.398194	28.157065	59.122556	27.195803	57.457602	27.673222	57.038582	29.353824	56.068286	29.111903	55.373628	29.831243	54.678970	30.550583	54.954608	31.511845	56.619562	31.034426	57.865496	32.237609	58.560154	31.518269	59.530450	31.760190	59.949470	30.079588	58.703536	28.876405
122	#A0A0A0	#000000	#00000000	#00000000		65.318848	62.678976	54.678970	30.550583	53.708674	30.308662	53.289654	31.989264	54.535588	33.192447	53.840930	33.911787	54.116568	34.873049	54.392206	35.834311	55.362502	36.076232	55.781522	34.395630	57.446476	33.918211	57.170838	32.956949	57.865496	32.237609	56.619562	31.034426	54.954608	31.511845
123	#ffffff	#000000	#00000000	#00000000		65.318848	62.678976	54.678970	30.550583	55.373628	29.831243	54.127694	28.628060	52.462740	29.105479	52.187102	28.144217	51.216806	27.902296	50.246510	27.660375	49.551852	28.379715	50.797786	29.582898	50.378766	31.263500	51.349062	31.505421	51.624700	32.466683	53.289654	31.989264	53.708674	30.308662
124	#ffffff	#000000	#00000000	#00000000		65.318848	62.678976	50.246510	27.660375	49.970872	26.699113	48.305918	27.176532	47.886898	28.857134	46.916602	28.615213	46.221944	29.334553	45.527286	30.053893	45.802924	31.015155	47.467878	30.537736	48.713812	31.740919	49.408470	31.021579	50.378766	31.263500	50.797786	29.582898	49.551852	28.379715
125	#66ccff	#000000	#00000000	#00000000		65.318848	62.678976	45.527286	30.053893	44.556990	29.811972	44.137970	31.492574	45.383904	32.695757	44.689246	33.415097	44.964884	34.376359	45.240522	35.337621	46.210818	35.579542	46.629838	33.898940	48.294792	33.421521	48.019154	32.460259	48.713812	31.740919	47.467878	30.537736	45.802924	31.015155
126	#66ccff	#000000	#00000000	#00000000		65.318848	62.678976	51.349062	31.505421	50.378766	31.263500	49.959746	32.944102	51.205680	34.147285	50.511022	34.866625	50.786660	35.827887	51.062298	36.789149	52.032594	37.031070	52.451614	35.350468	54.116568	34.873049	53.840930	33.911787	54.535588	33.192447	53.289654	31.989264	51.624700	32.466683
127	#006699	#000000	#00000000	#00000000		65.318848	62.678976	47.181114	35.821463	46.210818	35.579542	46.629838	33.898940	48.294792	33.421521	48.019154	32.460259	48.713812	31.740919	49.408470	31.021579	50.378766	31.263500	49.959746	32.944102	51.205680	34.147285	50.511022	34.866625	50.786660	35.827887	49.121706	36.305306	47.875772	35.102123
128	#66ccff	#000000	#00000000	#00000000		65.318848	62.678976	46.343074	39.182667	46.618712	40.143929	48.283666	39.666510	48.702686	37.985908	49.672982	38.227829	50.367640	37.508489	51.062298	36.789149	50.786660	35.827887	49.121706	36.305306	47.875772	35.102123	47.181114	35.821463	46.210818	35.579542	45.791798	37.260144	47.037732	38.463327
129	#A0A0A0	#000000	#00000000	#00000000		65.318848	62.678976	41.910614	36.292459	41.215956	37.011799	42.461890	38.214982	44.126844	37.737563	44.402482	38.698825	45.372778	38.940746	46.343074	39.182667	47.037732	38.463327	45.791798	37.260144	46.210818	35.579542	45.240522	35.337621	44.964884	34.376359	43.299930	34.853778	42.880910	36.534380
130	#66ccff	#000000	#00000000	#00000000		65.318848	62.678976	44.402482	38.698825	44.126844	37.737563	42.461890	38.214982	42.042870	39.895584	41.072574	39.653663	40.377916	40.373003	39.683258	41.092343	39.958896	42.053605	41.623850	41.576186	42.869784	42.779369	43.564442	42.060029	44.534738	42.301950	44.953758	40.621348	43.707824	39.418165
131	#ffffff	#000000	#00000000	#00000000		65.318848	62.678976	36.353350	42.047180	36.628988	43.008442	38.293942	42.531023	38.712962	40.850421	39.683258	41.092343	40.377916	40.373003	41.072574	39.653663	40.796936	38.692401	39.131982	39.169820	37.886048	37.966637	37.191390	38.685977	36.221094	38.444055	35.802074	40.124657	37.048008	41.327840
132	#66ccff	#000000	#00000000	#00000000		65.318848	62.678976	37.191390	38.685976	37.886048	37.966636	36.640114	36.763453	34.975160	37.240872	34.699522	36.279610	33.729226	36.037689	32.758930	35.795768	32.064272	36.515108	33.310206	37.718291	32.891186	39.398893	33.861482	39.640814	34.137120	40.602076	35.802074	40.124657	36.221094	38.444055
133	#ffffff	#000000	#00000000	#00000000		65.318848	62.678976	31.920890	39.156972	32.891186	39.398893	33.310206	37.718291	32.064272	36.515108	32.758930	35.795768	32.483292	34.834506	32.207654	33.873244	31.237358	33.631323	30.818338	35.311925	29.153384	35.789344	29.429022	36.750606	28.734364	37.469946	29.980298	38.673129	31.645252	38.195710
134	#66ccff	#000000	#00000000	#00000000		65.318848	62.678976	24.709798	39.144124	24.985436	40.105386	26.650390	39.627967	27.069410	37.947365	28.039706	38.189286	28.734364	37.469946	29.429022	36.750606	29.153384	35.789344	27.488430	36.266763	26.242496	35.063580	25.547838	35.782920	24.577542	35.540999	24.158522	37.221601	25.404456	38.424784
135	#A0A0A0	#000000	#00000000	#00000000		65.318848	62.678976	20.277338	36.253916	19.582680	36.973256	20.828614	38.176439	22.493568	37.699020	22.769206	38.660282	23.739502	38.902203	24.709798	39.144124	25.404456	38.424784	24.158522	37.221601	24.577542	35.540999	23.607246	35.299078	23.331608	34.337816	21.666654	34.815235	21.247634	36.495837
136	#ffffff	#000000	#00000000	#00000000		65.318848	62.678976	20.277338	36.253916	20.001700	35.292654	18.336746	35.770073	17.917726	37.450675	16.947430	37.208753	16.252772	37.928093	15.558114	38.647433	15.833752	39.608695	17.498706	39.131276	18.744640	40.334459	19.439298	39.615119	20.409594	39.857041	20.828614	38.176439	19.582680	36.973256
137	#66ccff	#000000	#00000000	#00000000		65.318848	62.678976	12.228206	39.602270	12.503844	40.563532	14.168798	40.086113	14.587818	38.405511	15.558114	38.647433	16.252772	37.928093	16.947430	37.208753	16.671792	36.247491	15.006838	36.724910	13.760904	35.521727	13.066246	36.241067	12.095950	35.999145	11.676930	37.679747	12.922864	38.882930
138	#ffffff	#000000	#00000000	#00000000		65.318848	62.678976	7.795746	36.712062	7.101088	37.431402	8.347022	38.634585	10.011976	38.157166	10.287614	39.118428	11.257910	39.360349	12.228206	39.602270	12.922864	38.882930	11.676930	37.679747	12.095950	35.999145	11.125654	35.757224	10.850016	34.795962	9.185062	35.273381	8.766042	36.953983
139	#ffffff	#000000	#00000000	#00000000		65.318848	62.678976	2.238486	42.466795	2.514125	43.428056	4.179078	42.950635	4.598096	41.270033	5.568392	41.511953	6.263049	40.792612	6.957706	40.073271	6.682067	39.112010	5.017114	39.589431	3.771179	38.386250	3.076522	39.105591	2.106226	38.863671	1.687208	40.544273	2.933143	41.747454
140	#66ccff	#000000	#00000000	#00000000		65.318848	62.678976	10.287614	39.118428	10.011976	38.157166	8.347022	38.634585	7.928002	40.315187	6.957706	40.073266	6.263048	40.792606	5.568390	41.511946	5.844028	42.473208	7.508982	41.995789	8.754916	43.198972	9.449574	42.479632	10.419870	42.721553	10.838890	41.040951	9.592956	39.837768
141	#A0A0A0	#000000	#00000000	#00000000		65.318848	62.678976	14.720074	42.008634	15.414732	41.289294	14.168798	40.086112	12.503844	40.563531	12.228206	39.602270	11.257910	39.360349	10.287614	39.118428	9.592956	39.837768	10.838890	41.040950	10.419871	42.721552	11.390167	42.963473	11.665805	43.924734	13.330759	43.447315	13.749778	41.766713
142	#ffffff	#000000	#00000000	#00000000		65.318848	62.678976	15.558113	38.647431	14.587817	38.405510	14.168798	40.086112	15.414732	41.289294	14.720074	42.008635	14.995712	42.969896	15.271350	43.931157	16.241646	44.173078	16.660665	42.492476	18.325619	42.015056	18.049981	41.053795	18.744639	40.334454	17.498705	39.131272	15.833751	39.608692
143	#66ccff	#000000	#00000000	#00000000		65.318848	62.678976	19.439298	39.615120	18.744640	40.334460	19.990574	41.537643	21.655528	41.060224	21.931166	42.021486	22.901462	42.263407	23.871758	42.505328	24.566416	41.785988	23.320482	40.582805	23.739502	38.902203	22.769206	38.660282	22.493568	37.699020	20.828614	38.176439	20.409594	39.857041
144	#006699	#000000	#00000000	#00000000		65.318848	62.678976	21.093126	45.382690	20.398468	46.102030	19.152534	44.898847	19.571554	43.218245	18.601258	42.976324	18.325620	42.015062	18.049982	41.053800	18.744640	40.334460	19.990574	41.537643	21.655528	41.060224	21.931166	42.021486	22.901462	42.263407	22.482442	43.944009	20.817488	44.421428
145	#ffffff	#000000	#00000000	#00000000		65.318848	62.678976	24.709798	39.144124	23.739502	38.902203	23.320482	40.582805	24.566416	41.785988	23.871758	42.505328	24.147396	43.466590	24.423034	44.427852	25.393330	44.669773	25.812350	42.989171	27.477304	42.511752	27.201666	41.550490	27.896324	40.831150	26.650390	39.627967	24.985436	40.105386
146	#66ccff	#000000	#00000000	#00000000		65.318848	62.678976	27.201666	41.550490	27.477304	42.511752	29.142258	42.034333	29.561278	40.353731	30.531574	40.595652	31.226232	39.876312	31.920890	39.156972	31.645252	38.195710	29.980298	38.673129	28.734364	37.469946	28.039706	38.189286	27.069410	37.947365	26.650390	39.627967	27.896324	40.831150
147	#006699	#000000	#00000000	#00000000		65.318848	62.678976	33.023442	43.002018	33.299080	43.963280	31.634126	44.440699	30.388192	43.237516	29.693534	43.956856	28.723238	43.714935	27.752942	43.473014	27.477304	42.511752	29.142258	42.034333	29.561278	40.353731	30.531574	40.595652	31.226232	39.876312	32.472166	41.079495	32.053146	42.760097
148	#66ccff	#000000	#00000000	#00000000		65.318848	62.678976	36.353350	42.047180	37.048008	41.327840	35.802074	40.124657	34.137120	40.602076	33.861482	39.640814	32.891186	39.398893	31.920890	39.156972	31.226232	39.876312	32.472166	41.079495	32.053146	42.760097	33.023442	43.002018	33.299080	43.963280	34.964034	43.485861	35.383054	41.805259
149	#A0A0A0	#000000	#00000000	#00000000		65.318848	62.678976	36.066586	47.330908	37.036882	47.572829	37.455902	45.892227	36.209968	44.689044	36.904626	43.969704	36.628988	43.008442	36.353350	42.047180	35.383054	41.805259	34.964034	43.485861	33.299080	43.963280	33.574718	44.924542	32.880060	45.643882	34.125994	46.847065	35.790948	46.369646
150	#66ccff	#000000	#00000000	#00000000		65.318848	62.678976	39.396494	46.376070	40.366790	46.617991	40.785810	44.937389	39.539876	43.734206	40.234534	43.014866	39.958896	42.053604	39.683258	41.092342	38.712962	40.850421	38.293942	42.531023	36.628988	43.008442	36.904626	43.969704	36.209968	44.689044	37.455902	45.892227	39.120856	45.414808
151	#006699	#000000	#00000000	#00000000		65.318848	62.678976	43.564442	42.060028	44.534738	42.301949	44.115718	43.982551	42.450764	44.459970	42.726402	45.421232	42.031744	46.140572	41.337086	46.859912	40.366790	46.617991	40.785810	44.937389	39.539876	43.734206	40.234534	43.014866	39.958896	42.053604	41.623850	41.576185	42.869784	42.779368
152	#66ccff	#000000	#00000000	#00000000		65.318848	62.678976	45.218270	47.827598	46.188566	48.069519	46.607586	46.388917	45.361652	45.185734	46.056310	44.466394	45.780672	43.505132	45.505034	42.543870	44.534738	42.301949	44.115718	43.982551	42.450764	44.459970	42.726402	45.421232	42.031744	46.140572	43.277678	47.343755	44.942632	46.866336
153	#A0A0A0	#000000	#00000000	#00000000		65.318848	62.678976	48.834942	41.589033	49.529600	40.869693	48.283666	39.666510	46.618712	40.143929	46.343074	39.182667	45.372778	38.940746	44.402482	38.698825	43.707824	39.418165	44.953758	40.621348	44.534738	42.301950	45.505034	42.543871	45.780672	43.505133	47.445626	43.027714	47.864646	41.347112
154	#ffffff	#000000	#00000000	#00000000		65.318848	62.678976	49.672982	38.227829	48.702686	37.985908	48.283666	39.666510	49.529600	40.869693	48.834942	41.589033	49.110580	42.550295	49.386218	43.511557	50.356514	43.753478	50.775534	42.072876	52.440488	41.595457	52.164850	40.634195	52.859508	39.914855	51.613574	38.711672	49.948620	39.189091
155	#ffffff	#000000	#00000000	#00000000		65.318848	62.678976	54.392206	35.834311	54.116568	34.873049	52.451614	35.350468	52.032594	37.031070	51.062298	36.789149	50.367640	37.508489	49.672982	38.227829	49.948620	39.189091	51.613574	38.711672	52.859508	39.914855	53.554166	39.195515	54.524462	39.437436	54.943482	37.756834	53.697548	36.553651
156	#66ccff	#000000	#00000000	#00000000		65.318848	62.678976	54.392206	35.834311	53.697548	36.553651	54.943482	37.756834	56.608436	37.279415	56.884074	38.240677	57.854370	38.482598	58.824666	38.724519	59.519324	38.005179	58.273390	36.801996	58.692410	35.121394	57.722114	34.879473	57.446476	33.918211	55.781522	34.395630	55.362502	36.076232
157	#66ccff	#000000	#00000000	#00000000		65.318848	62.678976	53.554166	39.195515	52.859508	39.914855	54.105442	41.118038	55.770396	40.640619	56.046034	41.601881	57.016330	41.843802	57.986626	42.085723	58.681284	41.366383	57.435350	40.163200	57.854370	38.482598	56.884074	38.240677	56.608436	37.279415	54.943482	37.756834	54.524462	39.437436
158	#006699	#000000	#00000000	#00000000		65.318848	62.678976	55.207994	44.963085	54.513336	45.682425	53.267402	44.479242	53.686422	42.798640	52.716126	42.556719	52.440488	41.595457	52.164850	40.634195	52.859508	39.914855	54.105442	41.118038	55.770396	40.640619	56.046034	41.601881	57.016330	41.843802	56.597310	43.524404	54.932356	44.001823
159	#66ccff	#000000	#00000000	#00000000		65.318848	62.678976	57.699862	47.369451	58.670158	47.611372	59.089178	45.930770	57.843244	44.727587	58.537902	44.008247	58.262264	43.046985	57.986626	42.085723	57.016330	41.843802	56.597310	43.524404	54.932356	44.001823	55.207994	44.963085	54.513336	45.682425	55.759270	46.885608	57.424224	46.408189
160	#A0A0A0	#000000	#00000000	#00000000		65.318848	62.678976	52.980638	49.762969	53.256276	50.724231	54.921230	50.246812	55.340250	48.566210	56.310546	48.808131	57.005204	48.088791	57.699862	47.369451	57.424224	46.408189	55.759270	46.885608	54.513336	45.682425	53.818678	46.401765	52.848382	46.159844	52.429362	47.840446	53.675296	49.043629
161	#66ccff	#000000	#00000000	#00000000		65.318848	62.678976	56.310546	48.808131	55.340250	48.566210	54.921230	50.246812	56.167164	51.449995	55.472506	52.169335	55.748144	53.130597	56.023782	54.091859	56.994078	54.333780	57.413098	52.653178	59.078052	52.175759	58.802414	51.214497	59.497072	50.495157	58.251138	49.291974	56.586184	49.769393
162	#ffffff	#000000	#00000000	#00000000		65.318848	62.678976	55.185742	57.453063	56.156038	57.694984	56.575058	56.014382	55.329124	54.811199	56.023782	54.091859	55.748144	53.130597	55.472506	52.169335	54.502210	51.927414	54.083190	53.608016	52.418236	54.085435	52.693874	55.046697	51.999216	55.766037	53.245150	56.969220	54.910104	56.491801
163	#ffffff	#000000	#00000000	#00000000		65.318848	62.678976	55.472506	52.169335	56.167164	51.449995	54.921230	50.246812	53.256276	50.724231	52.980638	49.762969	52.010342	49.521048	51.040046	49.279127	50.345388	49.998467	51.591322	51.201650	51.172302	52.882252	52.142598	53.124173	52.418236	54.085435	54.083190	53.608016	54.502210	51.927414
164	#A0A0A0	#000000	#00000000	#00000000		65.318848	62.678976	48.548178	46.872763	47.853520	47.592103	49.099454	48.795285	50.764408	48.317866	51.040046	49.279127	52.010342	49.521048	52.980638	49.762969	53.675296	49.043629	52.429362	47.840447	52.848381	46.159845	51.878085	45.917924	51.602447	44.956663	49.937493	45.434082	49.518474	47.114684
165	#66ccff	#000000	#00000000	#00000000		65.318848	62.678976	49.386217	43.511559	48.691559	44.230899	49.937493	45.434082	51.602447	44.956663	51.878085	45.917925	52.848381	46.159846	53.818677	46.401767	54.513335	45.682427	53.267401	44.479244	53.686421	42.798642	52.716125	42.556721	52.440487	41.595459	50.775533	42.072878	50.356513	43.753480
166	#A0A0A0	#000000	#00000000	#00000000		65.318848	62.678976	48.548177	46.872762	49.518473	47.114684	49.937493	45.434082	48.691559	44.230899	49.386217	43.511559	49.110579	42.550297	48.834941	41.589035	47.864645	41.347113	47.445625	43.027715	45.780671	43.505134	46.056309	44.466396	45.361651	45.185736	46.607585	46.388919	48.272539	45.911500
167	#A0A0A0	#000000	#00000000	#00000000		65.318848	62.678976	48.548177	46.872762	48.272539	45.911500	46.607585	46.388919	46.188565	48.069521	45.218269	47.827600	44.523611	48.546940	43.828953	49.266280	44.104591	50.227542	45.769545	49.750123	47.015479	50.953306	47.710137	50.233966	48.680433	50.475887	49.099453	48.795285	47.853519	47.592102
168	#66ccff	#000000	#00000000	#00000000		65.318848	62.678976	51.040045	49.279128	50.764407	48.317866	49.099453	48.795285	48.680433	50.475887	47.710137	50.233966	47.015479	50.953306	46.320821	51.672646	46.596459	52.633908	48.261413	52.156489	49.507347	53.359672	50.202005	52.640332	51.172301	52.882253	51.591321	51.201651	50.345387	49.998468
169	#006699	#000000	#00000000	#00000000		65.318848	62.678976	46.872097	53.595170	46.596459	52.633908	48.261413	52.156489	49.507347	53.359672	50.202005	52.640332	51.172301	52.882253	52.142597	53.124174	52.418235	54.085436	50.753281	54.562855	50.334261	56.243457	49.363965	56.001536	48.669307	56.720876	47.423373	55.517693	47.842393	53.837091
170	#66ccff	#000000	#00000000	#00000000		65.318848	62.678976	52.693874	55.046697	52.418236	54.085435	50.753282	54.562854	50.334262	56.243456	49.363966	56.001535	48.669308	56.720875	47.974650	57.440215	48.250288	58.401477	49.915242	57.924058	51.161176	59.127241	51.855834	58.407901	52.826130	58.649822	53.245150	56.969220	51.999216	55.766037
171	#66ccff	#000000	#00000000	#00000000		65.318848	62.678976	43.542189	54.550008	42.847531	55.269348	44.093465	56.472531	45.758419	55.995112	46.034057	56.956374	47.004353	57.198295	47.974649	57.440216	48.669307	56.720876	47.423373	55.517693	47.842393	53.837091	46.872097	53.595170	46.596459	52.633908	44.931505	53.111327	44.512485	54.791929
172	#A0A0A0	#000000	#00000000	#00000000		65.318848	62.678976	43.828953	49.266280	42.858657	49.024359	42.439637	50.704961	43.685571	51.908144	42.990913	52.627484	43.266551	53.588746	43.542189	54.550008	44.512485	54.791929	44.931505	53.111327	46.596459	52.633908	46.320821	51.672646	47.015479	50.953306	45.769545	49.750123	44.104591	50.227542
173	#ffffff	#000000	#00000000	#00000000		65.318848	62.678976	40.499045	50.221118	40.774683	51.182380	42.439637	50.704961	42.858657	49.024359	43.828953	49.266280	44.523611	48.546940	45.218269	47.827600	44.942631	46.866338	43.277677	47.343757	42.031743	46.140574	41.337085	46.859914	40.366789	46.617993	39.947769	48.298595	41.193703	49.501778
174	#ffffff	#000000	#00000000	#00000000		65.318848	62.678976	36.066585	47.330910	35.371927	48.050250	36.617861	49.253433	38.282815	48.776014	38.558453	49.737276	39.528749	49.979197	40.499045	50.221118	41.193703	49.501778	39.947769	48.298595	40.366789	46.617993	39.396493	46.376072	39.120855	45.414810	37.455901	45.892229	37.036881	47.572831
175	#A0A0A0	#000000	#00000000	#00000000		65.318848	62.678976	31.347362	49.724426	31.623000	50.685688	33.287954	50.208269	33.706974	48.527667	34.677270	48.769588	35.371928	48.050248	36.066586	47.330908	35.790948	46.369646	34.125994	46.847065	32.880060	45.643882	32.185402	46.363222	31.215106	46.121301	30.796086	47.801903	32.042020	49.005086
176	#66ccff	#000000	#00000000	#00000000		65.318848	62.678976	28.855494	47.318060	29.131132	48.279322	30.796086	47.801903	31.215106	46.121301	32.185402	46.363222	32.880060	45.643882	33.574718	44.924542	33.299080	43.963280	31.634126	44.440699	30.388192	43.237516	29.693534	43.956856	28.723238	43.714935	28.304218	45.395537	29.550152	46.598720
177	#ffffff	#000000	#00000000	#00000000		65.318848	62.678976	24.423034	44.427852	23.728376	45.147192	24.974310	46.350375	26.639264	45.872956	26.914902	46.834218	27.885198	47.076139	28.855494	47.318060	29.550152	46.598720	28.304218	45.395537	28.723238	43.714935	27.752942	43.473014	27.477304	42.511752	25.812350	42.989171	25.393330	44.669773
178	#66ccff	#000000	#00000000	#00000000		65.318848	62.678976	23.584994	47.789056	24.555290	48.030977	24.974310	46.350375	23.728376	45.147192	24.423034	44.427852	24.147396	43.466590	23.871758	42.505328	22.901462	42.263407	22.482442	43.944009	20.817488	44.421428	21.093126	45.382690	20.398468	46.102030	21.644402	47.305213	23.309356	46.827794
179	#66ccff	#000000	#00000000	#00000000		65.318848	62.678976	15.271350	43.931157	14.576692	44.650498	15.822626	45.853680	17.487580	45.376260	17.763218	46.337521	18.733514	46.579442	19.703810	46.821363	20.398468	46.102022	19.152534	44.898840	19.571553	43.218238	18.601257	42.976317	18.325619	42.015056	16.660665	42.492476	16.241646	44.173078
180	#A0A0A0	#000000	#00000000	#00000000		65.318848	62.678976	14.433311	47.292361	15.403607	47.534282	15.822626	45.853680	14.576692	44.650498	15.271350	43.931157	14.995712	42.969896	14.720074	42.008635	13.749778	41.766714	13.330759	43.447316	11.665805	43.924736	11.941443	44.885997	11.246785	45.605338	12.492719	46.808520	14.157673	46.331100
181	#66ccff	#000000	#00000000	#00000000		65.318848	62.678976	11.103404	48.247201	12.073700	48.489122	12.492719	46.808520	11.246785	45.605338	11.941443	44.885997	11.665805	43.924736	11.390167	42.963475	10.419871	42.721554	10.000852	44.402156	8.335898	44.879576	8.611536	45.840837	7.916878	46.560178	9.162812	47.763360	10.827766	47.285940
182	#006699	#000000	#00000000	#00000000		65.318848	62.678976	9.449575	42.479633	10.419871	42.721554	10.000852	44.402156	8.335898	44.879576	8.611536	45.840837	7.916878	46.560178	7.222220	47.279519	6.251924	47.037598	6.670943	45.356996	5.425009	44.153814	6.119667	43.434473	5.844029	42.473212	7.508983	41.995792	8.754917	43.198974
183	#ffffff	#000000	#00000000	#00000000		65.318848	62.678976	6.384181	50.640723	6.659819	51.601984	8.324773	51.124564	8.743792	49.443962	9.714088	49.685883	10.408746	48.966542	11.103404	48.247201	10.827766	47.285940	9.162812	47.763360	7.916878	46.560178	7.222220	47.279519	6.251924	47.037598	5.832905	48.718200	7.078839	49.921382
184	#A0A0A0	#000000	#00000000	#00000000		65.318848	62.678976	14.433311	47.292361	14.157673	46.331100	12.492719	46.808520	12.073700	48.489122	11.103404	48.247201	10.408746	48.966542	9.714088	49.685883	9.989726	50.647144	11.654680	50.169724	12.900614	51.372906	13.595272	50.653565	14.565568	50.895486	14.984587	49.214884	13.738653	48.011702
185	#A0A0A0	#000000	#00000000	#00000000		65.318848	62.678976	14.433311	47.292361	13.738653	48.011702	14.984587	49.214884	16.649541	48.737464	16.925179	49.698725	17.895475	49.940646	18.865771	50.182567	19.560429	49.463226	18.314495	48.260044	18.733514	46.579442	17.763218	46.337521	17.487580	45.376260	15.822626	45.853680	15.403607	47.534282
186	#A0A0A0	#000000	#00000000	#00000000		65.318848	62.678976	18.865772	50.182567	19.141411	51.143828	20.806365	50.666408	21.225384	48.985806	22.195680	49.227727	22.890338	48.508386	23.584996	47.789045	23.309357	46.827784	21.644403	47.305204	20.398468	46.102022	19.703810	46.821363	18.733514	46.579442	18.314495	48.260044	19.560430	49.463226
187	#A0A0A0	#000000	#00000000	#00000000		65.318848	62.678976	26.914903	46.834205	26.639265	45.872944	24.974311	46.350364	24.555292	48.030966	23.584996	47.789045	22.890338	48.508386	22.195680	49.227727	22.471318	50.188988	24.136272	49.711568	25.382206	50.914750	26.076864	50.195409	27.047160	50.437330	27.466179	48.756728	26.220245	47.553546
188	#A0A0A0	#000000	#00000000	#00000000		65.318848	62.678976	31.347363	49.724411	32.042021	49.005070	30.796087	47.801888	29.131133	48.279308	28.855495	47.318047	27.885199	47.076126	26.914903	46.834205	26.220245	47.553546	27.466179	48.756728	27.047160	50.437330	28.017456	50.679251	28.293094	51.640512	29.958048	51.163092	30.377067	49.482490
189	#A0A0A0	#000000	#00000000	#00000000		65.318848	62.678976	31.347362	49.724426	30.377066	49.482505	29.958046	51.163107	31.203980	52.366290	30.509322	53.085630	30.784960	54.046892	31.060598	55.008154	32.030894	55.250075	32.449914	53.569473	34.114868	53.092054	33.839230	52.130792	34.533888	51.411452	33.287954	50.208269	31.623000	50.685688
190	#66ccff	#000000	#00000000	#00000000		65.318848	62.678976	33.839230	52.130792	34.114868	53.092054	35.779822	52.614635	36.198842	50.934033	37.169138	51.175954	37.863796	50.456614	38.558454	49.737274	38.282816	48.776012	36.617862	49.253431	35.371928	48.050248	34.677270	48.769588	33.706974	48.527667	33.287954	50.208269	34.533888	51.411452
191	#66ccff	#000000	#00000000	#00000000		65.318848	62.678976	42.990913	52.627482	43.685571	51.908142	42.439637	50.704960	40.774683	51.182379	40.499045	50.221118	39.528749	49.979197	38.558453	49.737276	37.863795	50.456616	39.109729	51.659798	38.690710	53.340400	39.661006	53.582321	39.936644	54.543582	41.601598	54.066163	42.020617	52.385561
192	#006699	#000000	#00000000	#00000000		65.318848	62.678976	39.661006	53.582321	39.936645	54.543582	38.271691	55.021002	37.025756	53.817820	36.331098	54.537161	35.360802	54.295240	34.390506	54.053319	34.114867	53.092058	35.779821	52.614638	36.198840	50.934036	37.169136	51.175957	37.863794	50.456616	39.109729	51.659798	38.690710	53.340400
193	#A0A0A0	#000000	#00000000	#00000000		65.318848	62.678976	31.060598	55.008154	30.365940	55.727494	31.611874	56.930677	33.276828	56.453258	33.552466	57.414520	34.522762	57.656441	35.493058	57.898362	36.187716	57.179022	34.941782	55.975839	35.360802	54.295237	34.390506	54.053316	34.114868	53.092054	32.449914	53.569473	32.030894	55.250075
194	#66ccff	#000000	#00000000	#00000000		65.318848	62.678976	35.493058	57.898362	35.768696	58.859624	37.433650	58.382205	37.852670	56.701603	38.822966	56.943524	39.517624	56.224184	40.212282	55.504844	39.936644	54.543582	38.271690	55.021001	37.025756	53.817818	36.331098	54.537158	35.360802	54.295237	34.941782	55.975839	36.187716	57.179022
195	#ffffff	#000000	#00000000	#00000000		65.318848	62.678976	42.704150	57.911210	43.674446	58.153131	44.093466	56.472529	42.847532	55.269346	43.542190	54.550006	43.266552	53.588744	42.990914	52.627482	42.020618	52.385561	41.601598	54.066163	39.936644	54.543582	40.212282	55.504844	39.517624	56.224184	40.763558	57.427367	42.428512	56.949948
196	#ffffff	#000000	#00000000	#00000000		65.318848	62.678976	37.984926	60.304728	38.260564	61.265990	39.925518	60.788571	40.344538	59.107969	41.314834	59.349890	42.009492	58.630550	42.704150	57.911210	42.428512	56.949948	40.763558	57.427367	39.517624	56.224184	38.822966	56.943524	37.852670	56.701603	37.433650	58.382205	38.679584	59.585388
197	#66ccff	#000000	#00000000	#00000000		65.318848	62.678976	60.456242	56.982067	61.150900	56.262727	59.904966	55.059544	58.240012	55.536963	57.964374	54.575701	56.994078	54.333780	56.023782	54.091859	55.329124	54.811199	56.575058	56.014382	56.156038	57.694984	57.126334	57.936905	57.401972	58.898167	59.066926	58.420748	59.485946	56.740146
198	#ffffff	#000000	#00000000	#00000000		65.318848	62.678976	30.222558	58.369358	31.192854	58.611279	31.611874	56.930677	30.365940	55.727494	31.060598	55.008154	30.784960	54.046892	30.509322	53.085630	29.539026	52.843709	29.120006	54.524311	27.455052	55.001730	27.730690	55.962992	27.036032	56.682332	28.281966	57.885515	29.946920	57.408096
199	#66ccff	#000000	#00000000	#00000000		65.318848	62.678976	30.509322	53.085630	31.203980	52.366290	29.958046	51.163107	28.293092	51.640526	28.017454	50.679264	27.047158	50.437343	26.076862	50.195422	25.382204	50.914762	26.628138	52.117945	26.209118	53.798547	27.179414	54.040468	27.455052	55.001730	29.120006	54.524311	29.539026	52.843709
200	#006699	#000000	#00000000	#00000000		65.318848	62.678976	24.687546	51.634102	25.382204	50.914762	26.628138	52.117945	26.209118	53.798547	27.179414	54.040468	27.455052	55.001730	27.730690	55.962992	27.036032	56.682332	25.790098	55.479149	24.125144	55.956568	23.849506	54.995306	22.879210	54.753385	23.298230	53.072783	24.963184	52.595364
201	#66ccff	#000000	#00000000	#00000000		65.318848	62.678976	22.195680	49.227727	21.225384	48.985806	20.806365	50.666408	22.052299	51.869590	21.357641	52.588931	21.633279	53.550192	21.908917	54.511453	22.879213	54.753374	23.298232	53.072772	24.963186	52.595352	24.687548	51.634091	25.382206	50.914750	24.136272	49.711568	22.471318	50.188988
202	#66ccff	#000000	#00000000	#00000000		65.318848	62.678976	26.341374	57.401672	27.036032	56.682332	25.790098	55.479149	24.125144	55.956568	23.849506	54.995306	22.879210	54.753385	21.908914	54.511464	21.214256	55.230804	22.460190	56.433987	22.041170	58.114589	23.011466	58.356510	23.287104	59.317772	24.952058	58.840353	25.371078	57.159751
203	#ffffff	#000000	#00000000	#00000000		65.318848	62.678976	21.070874	57.872668	22.041170	58.114589	22.460190	56.433987	21.214256	55.230804	21.908914	54.511464	21.633276	53.550202	21.357638	52.588940	20.387342	52.347019	19.968322	54.027621	18.303368	54.505040	18.579006	55.466302	17.884348	56.185642	19.130282	57.388825	20.795236	56.911406
204	#ffffff	#000000	#00000000	#00000000		65.318848	62.678976	21.357638	52.588940	22.052296	51.869600	20.806362	50.666417	19.141408	51.143836	18.865770	50.182574	17.895474	49.940653	16.925178	49.698732	16.230520	50.418072	17.476454	51.621255	17.057434	53.301857	18.027730	53.543778	18.303368	54.505040	19.968322	54.027621	20.387342	52.347019
205	#66ccff	#000000	#00000000	#00000000		65.318848	62.678976	16.925178	49.698732	16.649540	48.737470	14.984586	49.214889	14.565566	50.895491	13.595270	50.653570	12.900612	51.372910	12.205954	52.092250	12.481592	53.053512	14.146546	52.576093	15.392480	53.779276	16.087138	53.059936	17.057434	53.301857	17.476454	51.621255	16.230520	50.418072
206	#006699	#000000	#00000000	#00000000		65.318848	62.678976	12.757230	54.014774	12.481592	53.053512	14.146546	52.576093	15.392480	53.779276	16.087138	53.059936	17.057434	53.301857	18.027730	53.543778	18.303368	54.505040	16.638414	54.982459	16.219394	56.663061	15.249098	56.421140	14.554440	57.140480	13.308506	55.937297	13.727526	54.256695
207	#66ccff	#000000	#00000000	#00000000		65.318848	62.678976	18.579006	55.466302	18.303368	54.505040	16.638414	54.982459	16.219394	56.663061	15.249098	56.421140	14.554440	57.140480	13.859782	57.859820	14.135420	58.821082	15.800374	58.343663	17.046308	59.546846	17.740966	58.827506	18.711262	59.069427	19.130282	57.388825	17.884348	56.185642
208	#66ccff	#000000	#00000000	#00000000		65.318848	62.678976	9.427322	54.969612	8.732664	55.688952	9.978598	56.892135	11.643552	56.414716	11.919190	57.375978	12.889486	57.617899	13.859782	57.859820	14.554440	57.140480	13.308506	55.937297	13.727526	54.256695	12.757230	54.014774	12.481592	53.053512	10.816638	53.530931	10.397618	55.211533
209	#A0A0A0	#000000	#00000000	#00000000		65.318848	62.678976	9.714086	49.685884	8.743790	49.443963	8.324770	51.124565	9.570704	52.327748	8.876046	53.047088	9.151684	54.008350	9.427322	54.969612	10.397618	55.211533	10.816638	53.530931	12.481592	53.053512	12.205954	52.092250	12.900612	51.372910	11.654678	50.169727	9.989724	50.647146
210	#ffffff	#000000	#00000000	#00000000		65.318848	62.678976	8.589282	58.330816	9.559578	58.572737	9.978598	56.892135	8.732664	55.688952	9.427322	54.969612	9.151684	54.008350	8.876046	53.047088	7.905750	52.805167	7.486730	54.485769	5.821776	54.963188	6.097414	55.924450	5.402756	56.643790	6.648690	57.846973	8.313644	57.369554
211	#66ccff	#000000	#00000000	#00000000		65.318848	62.678976	8.876046	53.047088	9.570704	52.327748	8.324770	51.124565	6.659816	51.601984	6.384178	50.640722	5.413882	50.398801	4.443586	50.156880	3.748928	50.876220	4.994862	52.079403	4.575842	53.760005	5.546138	54.001926	5.821776	54.963188	7.486730	54.485769	7.905750	52.805167
212	#ffffff	#000000	#00000000	#00000000		65.318848	62.678976	1.951721	47.750517	1.257063	48.469858	2.502997	49.673040	4.167951	49.195620	4.443589	50.156881	5.413885	50.398802	6.384181	50.640723	7.078839	49.921382	5.832905	48.718200	6.251924	47.037598	5.281628	46.795677	5.005990	45.834416	3.341036	46.311836	2.922017	47.992438
213	#66ccff	#000000	#00000000	#00000000		65.318848	62.678976	5.281628	46.795677	6.251924	47.037598	6.670943	45.356996	5.425009	44.153814	6.119667	43.434473	5.844029	42.473212	5.568391	41.511951	4.598095	41.270030	4.179076	42.950632	2.514122	43.428052	2.789760	44.389313	2.095102	45.108654	3.341036	46.311836	5.005990	45.834416
214	#006699	#000000	#00000000	#00000000		65.318848	62.678976	8.126976	6.448393	7.156680	6.206473	7.575698	4.525871	9.240651	4.048450	8.965012	3.087189	9.659669	2.367848	10.354326	1.648507	11.324622	1.890427	10.905604	3.571029	12.151539	4.774210	11.456882	5.493551	11.732521	6.454812	10.067568	6.932233	8.821633	5.729052
215	#66ccff	#000000	#00000000	#00000000		65.318848	62.678976	12.294918	2.132347	11.324622	1.890427	10.905604	3.571029	12.151539	4.774210	11.456882	5.493551	11.732521	6.454812	12.008160	7.416073	12.978456	7.657993	13.397474	5.977391	15.062427	5.499970	14.786788	4.538709	15.481445	3.819368	14.235510	2.616187	12.570557	3.093608
216	#A0A0A0	#000000	#00000000	#00000000		65.318848	62.678976	15.624824	1.177505	14.654528	0.935585	14.235510	2.616187	15.481445	3.819368	14.786788	4.538709	15.062427	5.499970	15.338066	6.461231	16.308362	6.703151	16.727380	5.022549	18.392333	4.545128	18.116694	3.583867	18.811351	2.864526	17.565416	1.661345	15.900463	2.138766
217	#ffffff	#000000	#00000000	#00000000		65.318848	62.678976	48.901698	4.119099	49.596356	3.399759	48.350422	2.196576	46.685468	2.673995	46.409830	1.712733	45.439534	1.470812	44.469238	1.228891	43.774580	1.948231	45.020514	3.151414	44.601494	4.832016	45.571790	5.073937	45.847428	6.035199	47.512382	5.557780	47.931402	3.877178
218	#66ccff	#000000	#00000000	#00000000		65.318848	62.678976	49.739738	0.757895	48.769442	0.515974	48.350422	2.196576	49.596356	3.399759	48.901698	4.119099	49.177336	5.080361	49.452974	6.041623	50.423270	6.283544	50.842290	4.602942	52.507244	4.125523	52.231606	3.164261	52.926264	2.444921	51.680330	1.241738	50.015376	1.719157
219	#66ccff	#000000	#00000000	#00000000		65.318848	62.678976	58.053382	4.615789	58.748040	3.896449	57.502106	2.693266	55.837152	3.170685	55.561514	2.209423	54.591218	1.967502	53.620922	1.725581	52.926264	2.444921	54.172198	3.648104	53.753178	5.328706	54.723474	5.570627	54.999112	6.531889	56.664066	6.054470	57.083086	4.373868
220	#66ccff	#000000	#00000000	#00000000		65.318848	62.678976	44.469244	1.228894	44.193607	0.267632	42.528653	0.745050	42.109632	2.425651	41.139336	2.183729	40.444677	2.903069	39.750018	3.622409	40.025655	4.583671	41.690609	4.106253	42.936542	5.309437	43.631201	4.590097	44.601497	4.832019	45.020518	3.151418	43.774585	1.948234
221	#66ccff	#000000	#00000000	#00000000		65.318848	62.678976	19.506008	2.145185	18.811351	2.864526	20.057286	4.067707	21.722239	3.590286	21.997878	4.551547	22.968174	4.793467	23.938470	5.035387	24.633127	4.316046	23.387192	3.112865	23.806210	1.432263	22.835914	1.190343	22.560275	0.229082	20.895322	0.706503	20.476304	2.387105
222	#66ccff	#000000	#00000000	#00000000		65.318848	62.678976	6.473142	0.680827	5.502846	0.438907	5.083828	2.119509	6.329763	3.322690	5.635106	4.042031	5.910745	5.003292	6.186384	5.964553	7.156680	6.206473	7.575698	4.525871	9.240651	4.048450	8.965012	3.087189	9.659669	2.367848	8.413734	1.164667	6.748781	1.642088
223	#66ccff	#000000	#00000000	#00000000		65.318848	62.678976	27.268376	4.080545	27.544015	5.041806	29.208968	4.564385	29.627986	2.883783	30.598282	3.125703	31.292939	2.406362	31.987596	1.687021	31.711957	0.725760	30.047004	1.203181	28.801069	0.000000	28.106412	0.719341	27.136116	0.477421	26.717098	2.158023	27.963033	3.361204
224	#ffffff	#000000	#00000000	#00000000		65.318848	62.678976	61.029770	46.414613	60.754132	45.453351	59.089178	45.930770	58.670158	47.611372	57.699862	47.369451	57.005204	48.088791	56.310546	48.808131	56.586184	49.769393	58.251138	49.291974	59.497072	50.495157	60.191730	49.775817	61.162026	50.017738	61.581046	48.337136	60.335112	47.133953
225	#006699	#000000	#00000000	#00000000		65.318848	62.678976	58.802414	51.214497	59.497072	50.495157	60.743006	51.698340	60.323986	53.378942	61.294282	53.620863	61.569920	54.582125	61.845558	55.543387	61.150900	56.262727	59.904966	55.059544	58.240012	55.536963	57.964374	54.575701	56.994078	54.333780	57.413098	52.653178	59.078052	52.175759
226	#ffffff	#000000	#00000000	#00000000		65.318848	62.678976	58.824666	38.724519	57.854370	38.482598	57.435350	40.163200	58.681284	41.366383	57.986626	42.085723	58.262264	43.046985	58.537902	44.008247	59.508198	44.250168	59.927218	42.569566	61.592172	42.092147	61.316534	41.130885	62.011192	40.411545	60.765258	39.208362	59.100304	39.685781
227	#006699	#000000	#00000000	#00000000		65.318848	62.678976	57.722114	34.879473	57.446476	33.918211	59.111430	33.440792	60.357364	34.643975	61.052022	33.924635	62.022318	34.166556	62.992614	34.408477	63.268252	35.369739	61.603298	35.847158	61.184278	37.527760	60.213982	37.285839	59.519324	38.005179	58.273390	36.801996	58.692410	35.121394
228	#66ccff	#000000	#00000000	#00000000		65.318848	62.678976	61.890062	30.563431	61.614424	29.602169	59.949470	30.079588	59.530450	31.760190	58.560154	31.518269	57.865496	32.237609	57.170838	32.956949	57.446476	33.918211	59.111430	33.440792	60.357364	34.643975	61.052022	33.924635	62.022318	34.166556	62.441338	32.485954	61.195404	31.282771
229	#A0A0A0	#000000	#00000000	#00000000		65.318848	62.678976	61.096526	8.944679	62.066822	9.186600	62.485842	7.505998	61.239908	6.302815	61.934566	5.583475	61.658928	4.622213	61.383290	3.660951	60.412994	3.419030	59.993974	5.099632	58.329020	5.577051	58.604658	6.538313	57.910000	7.257653	59.155934	8.460836	60.820888	7.983417
230	#66ccff	#000000	#00000000	#00000000		65.318848	62.678976	58.537902	44.008247	57.843244	44.727587	59.089178	45.930770	60.754132	45.453351	61.029770	46.414613	62.000066	46.656535	62.970362	46.898457	63.665020	46.179117	62.419086	44.975934	62.838106	43.295332	61.867810	43.053410	61.592172	42.092148	59.927218	42.569567	59.508198	44.250169
231	#006699	#000000	#00000000	#00000000		65.318848	62.678976	5.546138	54.001926	5.821776	54.963188	4.156822	55.440607	2.910888	54.237424	2.216230	54.956764	1.245934	54.714843	0.275638	54.472922	0.000000	53.511660	1.664954	53.034241	2.083974	51.353639	3.054270	51.595560	3.748928	50.876220	4.994862	52.079403	4.575842	53.760005
232	#ffffff	#000000	#00000000	#00000000		65.318848	62.678976	3.870058	60.724334	4.145696	61.685596	5.810650	61.208177	6.229670	59.527575	7.199966	59.769496	7.894624	59.050156	8.589282	58.330816	8.313644	57.369554	6.648690	57.846973	5.402756	56.643790	4.708098	57.363130	3.737802	57.121209	3.318782	58.801811	4.564716	60.004994
233	#66ccff	#000000	#00000000	#00000000		65.318848	62.678976	1.378190	58.317968	1.653828	59.279230	3.318782	58.801811	3.737802	57.121209	4.708098	57.363130	5.402756	56.643790	6.097414	55.924450	5.821776	54.963188	4.156822	55.440607	2.910888	54.237424	2.216230	54.956764	1.245934	54.714843	0.826914	56.395445	2.072848	57.598628
234	#66ccff	#000000	#00000000	#00000000		65.318848	62.678976	11.919190	57.375978	11.643552	56.414716	9.978598	56.892135	9.559578	58.572737	8.589282	58.330816	7.894624	59.050156	7.199966	59.769496	7.475604	60.730758	9.140558	60.253339	10.386492	61.456522	11.081150	60.737182	12.051446	60.979103	12.470466	59.298501	11.224532	58.095318
235	#ffffff	#000000	#00000000	#00000000		65.318848	62.678976	16.351650	60.266184	17.046308	59.546844	15.800374	58.343662	14.135420	58.821081	13.859782	57.859820	12.889486	57.617899	11.919190	57.375978	11.224532	58.095318	12.470466	59.298500	12.051447	60.979102	13.021743	61.221023	13.297381	62.182284	14.962335	61.704865	15.381354	60.024263
236	#ffffff	#000000	#00000000	#00000000		65.318848	62.678976	25.503334	60.762876	25.778972	61.724138	27.443926	61.246719	27.862946	59.566117	28.833242	59.808038	29.527900	59.088698	30.222558	58.369358	29.946920	57.408096	28.281966	57.885515	27.036032	56.682332	26.341374	57.401672	25.371078	57.159751	24.952058	58.840353	26.197992	60.043536
237	#A0A0A0	#000000	#00000000	#00000000		65.318848	62.678976	37.984926	60.304726	38.679584	59.585386	37.433650	58.382204	35.768696	58.859623	35.493058	57.898362	34.522762	57.656441	33.552466	57.414520	32.857808	58.133860	34.103742	59.337042	33.684723	61.017644	34.655019	61.259565	34.930657	62.220826	36.595611	61.743407	37.014630	60.062805
238	#66ccff	#000000	#00000000	#00000000		65.318848	62.678976	33.552466	57.414520	33.276828	56.453258	31.611874	56.930677	31.192854	58.611279	30.222558	58.369358	29.527900	59.088698	28.833242	59.808038	29.108880	60.769300	30.773834	60.291881	32.019768	61.495064	32.714426	60.775724	33.684722	61.017645	34.103742	59.337043	32.857808	58.133860
239	#66ccff	#000000	#00000000	#00000000		65.318848	62.678976	46.034057	56.956374	45.758419	55.995112	44.093465	56.472531	43.674445	58.153133	42.704149	57.911212	42.009491	58.630552	41.314833	59.349892	41.590471	60.311154	43.255425	59.833735	44.501359	61.036918	45.196017	60.317578	46.166313	60.559499	46.585333	58.878897	45.339399	57.675714
240	#ffffff	#000000	#00000000	#00000000		65.318848	62.678976	50.466517	59.846580	51.161175	59.127240	49.915241	57.924058	48.250287	58.401477	47.974649	57.440216	47.004353	57.198295	46.034057	56.956374	45.339399	57.675714	46.585333	58.878896	46.166314	60.559498	47.136610	60.801419	47.412248	61.762680	49.077202	61.285261	49.496221	59.604659
241	#66ccff	#000000	#00000000	#00000000		65.318848	62.678976	55.185742	57.453063	54.910104	56.491801	53.245150	56.969220	52.826130	58.649822	51.855834	58.407901	51.161176	59.127241	50.466518	59.846581	50.742156	60.807843	52.407110	60.330424	53.653044	61.533607	54.347702	60.814267	55.317998	61.056188	55.737018	59.375586	54.491084	58.172403
242	#A0A0A0	#000000	#00000000	#00000000		65.318848	62.678976	59.618202	60.343273	60.312860	59.623933	59.066926	58.420750	57.401972	58.898169	57.126334	57.936907	56.156038	57.694985	55.185742	57.453063	54.491084	58.172403	55.737018	59.375586	55.317998	61.056188	56.288294	61.298110	56.563932	62.259372	58.228886	61.781953	58.647906	60.101351
243	#66ccff	#000000	#00000000	#00000000		65.318848	62.678976	21.070874	57.872668	20.795236	56.911406	19.130282	57.388825	18.711262	59.069427	17.740966	58.827506	17.046308	59.546846	16.351650	60.266186	16.627288	61.227448	18.292242	60.750029	19.538176	61.953212	20.232834	61.233872	21.203130	61.475793	21.622150	59.795191	20.376216	58.592008
244	#A0A0A0	#000000	#00000000	#00000000		65.318848	62.678976	1.444926	20.848051	1.720565	21.809312	3.385518	21.331891	3.804536	19.651289	4.774832	19.893209	5.469489	19.173868	6.164146	18.454527	5.888507	17.493266	4.223554	17.970687	2.977619	16.767506	2.282962	17.486847	1.312666	17.244927	0.893648	18.925529	2.139583	20.128710
245	#006699	#000000	#00000000	#00000000		65.318848	62.678976	4.510312	12.686961	5.480608	12.928881	5.061590	14.609483	3.396637	15.086904	3.672276	16.048165	2.977619	16.767506	2.282962	17.486847	1.312666	17.244927	1.731684	15.564325	0.485749	14.361144	1.180406	13.641803	0.904767	12.680542	2.569720	12.203121	3.815655	13.406302
246	#66ccff	#000000	#00000000	#00000000		65.318848	62.678976	5.348348	9.325757	5.072709	8.364496	3.407756	8.841917	2.988738	10.522519	2.018442	10.280599	1.323785	10.999940	0.629128	11.719281	0.904767	12.680542	2.569720	12.203121	3.815655	13.406302	4.510312	12.686961	5.480608	12.928881	5.899626	11.248279	4.653691	10.045098
247	#A0A0A0	#000000	#00000000	#00000000		65.318848	62.678976	3.143236	1.635669	2.172940	1.393749	1.753922	3.074351	2.999857	4.277532	2.305200	4.996873	2.580839	5.958134	2.856478	6.919395	3.826774	7.161315	4.245792	5.480713	5.910745	5.003292	5.635106	4.042031	6.329763	3.322690	5.083828	2.119509	3.418875	2.596930
248	#66ccff	#000000	#00000000	#00000000		65.318848	62.678976	61.912314	18.073453	62.882610	18.315374	63.301630	16.634772	62.055696	15.431589	62.750354	14.712249	62.474716	13.750987	62.199078	12.789725	61.228782	12.547804	60.809762	14.228406	59.144808	14.705825	59.420446	15.667087	58.725788	16.386427	59.971722	17.589610	61.636676	17.112191
249	#A0A0A0	#000000	#00000000	#00000000		65.318848	62.678976	58.053382	4.615789	58.329020	5.577051	59.993974	5.099632	60.412994	3.419030	61.383290	3.660951	62.077948	2.941611	62.772606	2.222271	62.496968	1.261009	60.832014	1.738428	59.586080	0.535245	58.891422	1.254585	57.921126	1.012664	57.502106	2.693266	58.748040	3.896449
250	#A0A0A0	#000000	#00000000	#00000000		65.318848	62.678976	3.650038	28.538139	4.620334	28.780059	5.039352	27.099457	3.793417	25.896276	4.488074	25.176935	4.212435	24.215674	3.936796	23.254413	2.966500	23.012493	2.547482	24.693095	0.882529	25.170516	1.158168	26.131777	0.463511	26.851118	1.709446	28.054299	3.374399	27.576878
251	#A0A0A0	#000000	#00000000	#00000000		65.318848	62.678976	25.503334	60.762876	26.197992	60.043536	24.952058	58.840353	23.287104	59.317772	23.011466	58.356510	22.041170	58.114589	21.070874	57.872668	20.376216	58.592008	21.622150	59.795191	21.203130	61.475793	22.173426	61.717714	22.449064	62.678976	24.114018	62.201557	24.533038	60.520955
252	#66ccff	#000000	#00000000	#00000000		65.318848	62.678976	64.624190	52.666025	65.318848	51.946685	64.072914	50.743502	62.407960	51.220921	62.132322	50.259659	61.162026	50.017738	60.191730	49.775817	59.497072	50.495157	60.743006	51.698340	60.323986	53.378942	61.294282	53.620863	61.569920	54.582125	63.234874	54.104706	63.653894	52.424104
