seq_id	start_fill_color	start_stroke_color	done_fill_color	done_stroke_color	footnote	img_width	img_height	px_0	py_0	px_1	py_1	px_2	py_2	px_3	py_3	px_4	py_4	px_5	py_5	px_6	py_6	px_7	py_7	px_8	py_8	px_9	py_9	px_10	py_10	px_11	py_11	px_12	py_12	px_13	py_13
0	#66ccff	#000000	#00000000	#00000000	Starting tile pattern based on a Tile(10, 1) tiling in a <a href="https://cs.uwaterloo.ca/~csk/hat/examples/animation.gif">looping animated GIF</a> by David Smith, Joseph Samuel Myers, Craig S. Kaplan, and Chaim Goodman-Strauss, used under <a href="http://creativecommons.org/licenses/by/4.0/">CC BY 4.0</a> / This is a recreation of the original rather than a screenshot, and the cropping, colors, and vertical orientation differ slightly from the original.	53.498550	54.701983	19.805163	19.650090	20.432687	17.843560	20.252034	17.780808	20.107362	17.905882	18.856624	16.459165	16.978361	16.818978	15.100098	17.178791	14.472574	18.985320	14.653227	19.048073	14.689208	19.235899	16.567471	18.876086	17.818210	20.322803	17.962881	20.197729	17.926900	20.009903
1	#A0A0A0	#000000	#00000000	#00000000		53.498550	54.701983	22.094316	17.233168	20.216053	17.592981	20.252034	17.780808	20.432687	17.843560	19.805163	19.650090	21.055901	21.096807	22.306640	22.543524	24.184903	22.183711	24.148922	21.995885	24.293593	21.870811	23.042855	20.424094	23.670379	18.617564	23.489726	18.554812	23.345054	18.679885
2	#ffffff	#000000	#00000000	#00000000		53.498550	54.701983	18.856624	16.459165	20.107362	17.905882	20.252034	17.780808	20.216053	17.592981	22.094316	17.233168	22.721840	15.426638	23.349365	13.620109	22.098626	12.173392	21.953954	12.298465	21.773301	12.235713	21.145777	14.042243	19.267514	14.402056	19.303495	14.589882	19.484148	14.652635
3	#ffffff	#000000	#00000000	#00000000		53.498550	54.701983	14.151559	13.987865	13.524035	15.794395	13.704688	15.857147	13.849359	15.732074	15.100098	17.178791	16.978361	16.818978	18.856624	16.459165	19.484148	14.652635	19.303495	14.589882	19.267514	14.402056	17.389251	14.761869	16.138512	13.315152	15.993841	13.440226	16.029822	13.628052
4	#66ccff	#000000	#00000000	#00000000		53.498550	54.701983	10.607357	20.017847	11.858096	21.464564	12.002768	21.339490	11.966786	21.151663	13.845049	20.791850	14.472574	18.985320	15.100098	17.178791	13.849359	15.732074	13.704688	15.857147	13.524035	15.794395	12.896510	17.600925	11.018247	17.960738	11.054229	18.148564	11.234882	18.211317
5	#006699	#000000	#00000000	#00000000		53.498550	54.701983	16.567471	18.876086	17.818209	20.322803	17.673538	20.447877	17.492885	20.385125	16.865360	22.191655	14.987097	22.551468	13.108834	22.911281	11.858096	21.464564	12.002768	21.339490	11.966786	21.151663	13.845049	20.791850	14.472574	18.985320	14.653227	19.048073	14.689208	19.235899
6	#A0A0A0	#000000	#00000000	#00000000		53.498550	54.701983	26.587057	14.394112	25.336318	12.947395	25.191646	13.072469	25.227627	13.260296	23.349365	13.620109	22.721840	15.426638	22.094316	17.233168	23.345054	18.679885	23.489726	18.554812	23.670379	18.617564	24.297904	16.811034	26.176166	16.451221	26.140185	16.263395	25.959532	16.200642
7	#66ccff	#000000	#00000000	#00000000		53.498550	54.701983	23.349365	13.620109	25.227627	13.260296	25.191646	13.072469	25.010993	13.009717	25.638518	11.203187	24.387779	9.756470	23.137040	8.309753	21.258778	8.669566	21.294759	8.857392	21.150087	8.982466	22.400826	10.429183	21.773301	12.235713	21.953954	12.298465	22.098626	12.173392
8	#006699	#000000	#00000000	#00000000		53.498550	54.701983	19.380515	9.029379	21.258778	8.669566	21.294759	8.857392	21.150087	8.982466	22.400826	10.429183	21.773301	12.235713	21.145777	14.042243	19.267514	14.402056	19.231533	14.214230	19.050880	14.151477	19.678404	12.344947	18.427665	10.898230	18.572337	10.773156	18.752990	10.835909
9	#66ccff	#000000	#00000000	#00000000		53.498550	54.701983	17.389250	14.761869	19.267513	14.402057	19.231532	14.214231	19.050879	14.151478	19.678404	12.344949	18.427666	10.898231	17.176928	9.451514	15.298665	9.811326	15.334646	9.999152	15.189975	10.124226	16.440713	11.570944	15.813187	13.377473	15.993841	13.440226	16.138512	13.315152
10	#66ccff	#000000	#00000000	#00000000		53.498550	54.701983	14.151559	13.987865	16.029822	13.628052	15.993841	13.440226	15.813187	13.377473	16.440712	11.570943	15.189974	10.124226	13.939236	8.677509	12.060973	9.037321	12.096954	9.225148	11.952282	9.350221	13.203020	10.796939	12.575496	12.603469	12.756149	12.666221	12.900820	12.541147
11	#A0A0A0	#000000	#00000000	#00000000		53.498550	54.701983	9.658817	16.826919	10.909555	18.273637	11.054227	18.148563	11.018246	17.960736	12.896509	17.600924	13.524034	15.794394	14.151559	13.987865	12.900820	12.541147	12.756149	12.666221	12.575496	12.603469	11.947971	14.409998	10.069708	14.769811	10.105689	14.957637	10.286342	15.020390
12	#ffffff	#000000	#00000000	#00000000		53.498550	54.701983	9.658817	16.826919	7.780554	17.186731	7.816536	17.374558	7.997189	17.437310	7.369664	19.243840	8.620402	20.690557	9.871140	22.137275	11.749403	21.777463	11.713421	21.589636	11.858093	21.464563	10.607355	20.017845	11.234880	18.211315	11.054227	18.148563	10.909555	18.273637
13	#ffffff	#000000	#00000000	#00000000		53.498550	54.701983	9.871140	22.137275	9.243614	23.943805	9.424267	24.006557	9.568939	23.881483	10.819677	25.328201	12.697940	24.968389	14.576203	24.608576	15.203728	22.802047	15.023075	22.739294	14.987094	22.551468	13.108831	22.911280	11.858093	21.464563	11.713421	21.589636	11.749403	21.777463
14	#66ccff	#000000	#00000000	#00000000		53.498550	54.701983	14.576203	24.608576	15.826941	26.055294	15.971613	25.930220	15.935632	25.742394	17.813895	25.382582	18.441420	23.576052	19.068945	21.769522	17.818207	20.322805	17.673535	20.447879	17.492882	20.385126	16.865357	22.191656	14.987094	22.551468	15.023076	22.739294	15.203728	22.802047
15	#A0A0A0	#000000	#00000000	#00000000		53.498550	54.701983	15.524742	27.799502	16.775480	29.246219	16.920152	29.121146	16.884171	28.933319	18.762434	28.573506	19.389958	26.766976	20.017482	24.960446	18.766744	23.513729	18.622072	23.638803	18.441419	23.576051	17.813895	25.382581	15.935632	25.742394	15.971613	25.930220	16.152266	25.992972
16	#A0A0A0	#000000	#00000000	#00000000		53.498550	54.701983	20.017482	24.960447	21.895745	24.600635	21.859763	24.412808	21.679110	24.350056	22.306636	22.543526	21.055898	21.096809	19.805160	19.650091	17.926897	20.009903	17.962878	20.197730	17.818206	20.322803	19.068944	21.769521	18.441419	23.576051	18.622072	23.638803	18.766744	23.513729
17	#66ccff	#000000	#00000000	#00000000		53.498550	54.701983	22.306636	22.543526	21.679110	24.350056	21.859763	24.412808	22.004435	24.287735	23.255173	25.734452	25.133436	25.374640	27.011699	25.014828	27.639224	23.208298	27.458571	23.145545	27.422590	22.957719	25.544327	23.317531	24.293589	21.870814	24.148917	21.995888	24.184899	22.183714
18	#ffffff	#000000	#00000000	#00000000		53.498550	54.701983	20.017482	24.960447	19.389956	26.766977	19.570609	26.829729	19.715281	26.704655	20.966019	28.151373	22.844282	27.791561	24.722545	27.431748	25.350070	25.625219	25.169417	25.562466	25.133436	25.374640	23.255173	25.734452	22.004435	24.287735	21.859763	24.412808	21.895745	24.600635
19	#ffffff	#000000	#00000000	#00000000		53.498550	54.701983	24.722545	27.431748	25.973283	28.878466	26.117955	28.753392	26.081974	28.565566	27.960237	28.205754	28.587762	26.399224	29.215287	24.592694	27.964549	23.145977	27.819877	23.271051	27.639224	23.208298	27.011699	25.014828	25.133436	25.374640	25.169418	25.562466	25.350070	25.625219
20	#66ccff	#000000	#00000000	#00000000		53.498550	54.701983	27.960237	28.205754	26.081974	28.565566	26.117955	28.753392	26.298608	28.816145	25.671083	30.622674	26.921821	32.069392	28.172559	33.516109	30.050822	33.156297	30.014841	32.968471	30.159512	32.843397	28.908775	31.396679	29.536300	29.590150	29.355647	29.527397	29.210975	29.652471
21	#66ccff	#000000	#00000000	#00000000		53.498550	54.701983	29.215287	24.592694	31.093550	24.232882	31.057569	24.045056	30.876916	23.982303	31.504441	22.175774	30.253703	20.729056	29.002965	19.282339	27.124702	19.642151	27.160683	19.829977	27.016011	19.955051	28.266749	21.401768	27.639224	23.208298	27.819877	23.271051	27.964549	23.145977
22	#A0A0A0	#000000	#00000000	#00000000		53.498550	54.701983	32.452979	25.366699	31.202241	23.919982	31.057569	24.045056	31.093550	24.232882	29.215287	24.592694	28.587762	26.399224	27.960237	28.205754	29.210975	29.652471	29.355647	29.527397	29.536300	29.590150	30.163825	27.783620	32.042088	27.423808	32.006106	27.235982	31.825453	27.173229
23	#66ccff	#000000	#00000000	#00000000		53.498550	54.701983	25.671083	30.622674	26.298608	28.816145	26.117955	28.753392	25.973283	28.878466	24.722546	27.431748	22.844282	27.791561	20.966019	28.151373	20.338494	29.957902	20.519147	30.020655	20.555128	30.208481	22.433392	29.848669	23.684129	31.295387	23.828801	31.170313	23.792820	30.982486
24	#006699	#000000	#00000000	#00000000		53.498550	54.701983	22.433391	29.848668	23.684130	31.295385	23.539458	31.420459	23.358805	31.357707	22.731281	33.164237	20.853018	33.524050	18.974755	33.883863	17.724016	32.437146	17.868688	32.312072	17.832707	32.124245	19.710970	31.764433	20.338494	29.957903	20.519147	30.020655	20.555128	30.208481
25	#66ccff	#000000	#00000000	#00000000		53.498550	54.701983	16.473278	30.990427	17.724015	32.437144	17.868687	32.312071	17.832706	32.124244	19.710969	31.764432	20.338494	29.957902	20.966019	28.151373	19.715281	26.704655	19.570609	26.829729	19.389957	26.766976	18.762431	28.573506	16.884168	28.933318	16.920150	29.121145	17.100803	29.183897
26	#A0A0A0	#000000	#00000000	#00000000		53.498550	54.701983	15.524740	27.799501	13.646477	28.159313	13.682458	28.347140	13.863111	28.409892	13.235586	30.216422	14.486324	31.663139	15.737062	33.109857	17.615325	32.750045	17.579344	32.562218	17.724015	32.437144	16.473278	30.990427	17.100803	29.183897	16.920150	29.121145	16.775478	29.246218
27	#A0A0A0	#000000	#00000000	#00000000		53.498550	54.701983	15.524740	27.799501	16.152265	25.992971	15.971612	25.930219	15.826940	26.055293	14.576202	24.608575	12.697939	24.968387	10.819676	25.328199	10.192151	27.134729	10.372804	27.197482	10.408785	27.385308	12.287049	27.025496	13.537786	28.472213	13.682458	28.347140	13.646477	28.159313
28	#66ccff	#000000	#00000000	#00000000		53.498550	54.701983	12.287049	27.025495	10.408786	27.385306	10.444767	27.573132	10.625420	27.635885	9.997894	29.442414	11.248631	30.889132	12.499368	32.335851	14.377631	31.976040	14.341650	31.788213	14.486322	31.663140	13.235585	30.216421	13.863111	28.409892	13.682458	28.347140	13.537786	28.472213
29	#006699	#000000	#00000000	#00000000		53.498550	54.701983	10.295780	32.757983	8.417517	33.117794	8.381536	32.929968	8.526207	32.804894	7.275470	31.358176	7.902996	29.551646	8.530522	27.745117	10.408786	27.385306	10.444767	27.573132	10.625420	27.635885	9.997894	29.442414	11.248631	30.889132	11.103959	31.014206	10.923306	30.951453
30	#A0A0A0	#000000	#00000000	#00000000		53.498550	54.701983	10.819676	25.328199	9.568937	23.881482	9.424265	24.006556	9.460246	24.194383	7.581984	24.554196	6.954459	26.360725	6.326935	28.167255	7.577673	29.613972	7.722345	29.488899	7.902998	29.551651	8.530523	27.745121	10.408785	27.385308	10.372804	27.197482	10.192151	27.134729
31	#66ccff	#000000	#00000000	#00000000		53.498550	54.701983	7.581984	24.554196	9.460246	24.194383	9.424265	24.006556	9.243612	23.943804	9.871137	22.137274	8.620398	20.690557	7.369659	19.243840	5.491397	19.603653	5.527378	19.791479	5.382706	19.916553	6.633445	21.363270	6.005920	23.169800	6.186573	23.232552	6.331245	23.107479
32	#66ccff	#000000	#00000000	#00000000		53.498550	54.701983	6.326934	28.167256	4.448672	28.527070	4.484653	28.714896	4.665306	28.777648	4.037782	30.584179	5.288521	32.030895	6.539261	33.477612	8.417523	33.117798	8.381542	32.929972	8.526214	32.804898	7.275475	31.358181	7.902998	29.551651	7.722345	29.488899	7.577674	29.613973
33	#A0A0A0	#000000	#00000000	#00000000		53.498550	54.701983	3.089243	27.393252	4.339981	28.839969	4.484653	28.714895	4.448672	28.527068	6.326935	28.167255	6.954459	26.360725	7.581984	24.554196	6.331245	23.107479	6.186573	23.232552	6.005920	23.169800	5.378396	24.976330	3.500133	25.336143	3.536114	25.523969	3.716767	25.586722
34	#ffffff	#000000	#00000000	#00000000		53.498550	54.701983	3.089242	27.393254	1.210979	27.753067	1.246961	27.940894	1.427614	28.003646	0.800090	29.810176	2.050829	31.256893	3.301568	32.703609	5.179831	32.343796	5.143850	32.155969	5.288521	32.030895	4.037782	30.584179	4.665306	28.777648	4.484653	28.714896	4.339981	28.839970
35	#66ccff	#000000	#00000000	#00000000		53.498550	54.701983	-3.904976	27.338879	-4.532499	29.145409	-4.351846	29.208161	-4.207175	29.083087	-2.956436	30.529804	-1.078173	30.169990	0.800090	29.810176	1.427614	28.003646	1.246961	27.940894	1.210979	27.753067	-0.667284	28.112881	-1.918023	26.666165	-2.062694	26.791239	-2.026713	26.979065
36	#006699	#000000	#00000000	#00000000		53.498550	54.701983	0.063876	31.929607	-0.563648	33.736137	-0.744301	33.673385	-0.780282	33.485558	-2.658545	33.845372	-3.909284	32.398655	-5.160023	30.951939	-4.532499	29.145409	-4.351846	29.208161	-4.207175	29.083087	-2.956436	30.529804	-1.078173	30.169990	-1.042192	30.357816	-1.186863	30.482890
37	#66ccff	#000000	#00000000	#00000000		53.498550	54.701983	1.012416	35.120532	2.890679	34.760718	2.854698	34.572892	2.674045	34.510139	3.301568	32.703609	2.050829	31.256893	0.800090	29.810176	-1.078173	30.169990	-1.042192	30.357816	-1.186863	30.482890	0.063876	31.929607	-0.563648	33.736137	-0.382995	33.798889	-0.238323	33.673815
38	#A0A0A0	#000000	#00000000	#00000000		53.498550	54.701983	-1.615824	24.921956	-2.243347	26.728486	-2.062694	26.791239	-1.918023	26.666165	-0.667283	28.112881	1.210980	27.753067	3.089242	27.393253	3.716766	25.586722	3.536113	25.523970	3.500131	25.336144	1.621868	25.695958	0.371129	24.249242	0.226457	24.374316	0.262439	24.562142
39	#66ccff	#000000	#00000000	#00000000		53.498550	54.701983	0.673328	22.505033	0.045804	24.311563	0.226457	24.374316	0.371129	24.249242	1.621868	25.695958	3.500131	25.336144	5.378394	24.976330	6.005918	23.169800	5.825265	23.107047	5.789283	22.919221	3.911020	23.279035	2.660281	21.832319	2.515609	21.957393	2.551591	22.145219
40	#006699	#000000	#00000000	#00000000		53.498550	54.701983	6.633440	21.363269	6.005918	23.169800	5.825265	23.107047	5.789283	22.919221	3.911020	23.279036	2.660280	21.832320	1.409540	20.385604	2.037063	18.579074	2.217716	18.641826	2.362387	18.516752	3.613127	19.963468	5.491390	19.603653	5.527372	19.791480	5.382700	19.916553
41	#A0A0A0	#000000	#00000000	#00000000		53.498550	54.701983	0.461001	17.194678	-1.417262	17.554492	-1.381281	17.742318	-1.200628	17.805070	-1.828151	19.611601	-0.577412	21.058317	0.673328	22.505033	2.551591	22.145219	2.515609	21.957393	2.660281	21.832319	1.409541	20.385603	2.037065	18.579072	1.856412	18.516320	1.711740	18.641394
42	#A0A0A0	#000000	#00000000	#00000000		53.498550	54.701983	4.953740	14.355619	3.703001	12.908903	3.558329	13.033977	3.594311	13.221803	1.716048	13.581617	1.088524	15.388147	0.461001	17.194677	1.711740	18.641394	1.856412	18.516320	2.037065	18.579072	2.664588	16.772542	4.542851	16.412728	4.506870	16.224902	4.326217	16.162150
43	#66ccff	#000000	#00000000	#00000000		53.498550	54.701983	2.664588	16.772541	2.037064	18.579071	2.217717	18.641824	2.362389	18.516750	3.613127	19.963467	5.491390	19.603654	7.369653	19.243841	7.997177	17.437311	7.816524	17.374559	7.780543	17.186732	5.902280	17.546545	4.651541	16.099828	4.506870	16.224902	4.542851	16.412728
44	#A0A0A0	#000000	#00000000	#00000000		53.498550	54.701983	4.953742	14.355620	4.326217	16.162149	4.506870	16.224902	4.651541	16.099828	5.902279	17.546546	7.780542	17.186733	9.658806	16.826921	10.286331	15.020392	10.105678	14.957639	10.069696	14.769813	8.191433	15.129625	6.940695	13.682907	6.796023	13.807981	6.832005	13.995808
45	#A0A0A0	#000000	#00000000	#00000000		53.498550	54.701983	4.953742	14.355621	6.832005	13.995808	6.796023	13.807981	6.615370	13.745229	7.242895	11.938699	5.992156	10.491982	4.741418	9.045265	2.863155	9.405078	2.899136	9.592904	2.754464	9.717978	4.005203	11.164695	3.377679	12.971225	3.558332	13.033977	3.703003	12.908904
46	#66ccff	#000000	#00000000	#00000000		53.498550	54.701983	7.242895	11.938699	6.615370	13.745229	6.796023	13.807981	6.940695	13.682907	8.191434	15.129624	10.069697	14.769811	11.947960	14.409999	12.575484	12.603469	12.394831	12.540716	12.358850	12.352890	10.480587	12.712703	9.229848	11.265986	9.085176	11.391060	9.121158	11.578886
47	#66ccff	#000000	#00000000	#00000000		53.498550	54.701983	1.716050	13.581617	3.594313	13.221804	3.558332	13.033977	3.377679	12.971225	4.005202	11.164695	2.754463	9.717978	1.503724	8.271262	-0.374539	8.631076	-0.338558	8.818902	-0.483229	8.943976	0.767510	10.390692	0.139986	12.197223	0.320639	12.259975	0.465311	12.134901
48	#A0A0A0	#000000	#00000000	#00000000		53.498550	54.701983	4.741418	9.045266	5.368943	7.238736	5.188290	7.175984	5.043618	7.301057	3.792880	5.854340	1.914617	6.214152	0.036354	6.573964	-0.591171	8.380494	-0.410518	8.443246	-0.374537	8.631073	1.503726	8.271261	2.754464	9.717978	2.899136	9.592904	2.863155	9.405078
49	#A0A0A0	#000000	#00000000	#00000000		53.498550	54.701983	-0.912184	3.383038	-1.539709	5.189568	-1.359056	5.252321	-1.214384	5.127247	0.036354	6.573964	1.914617	6.214152	3.792880	5.854340	4.420405	4.047810	4.239752	3.985058	4.203771	3.797231	2.325508	4.157044	1.074770	2.710326	0.930098	2.835400	0.966079	3.023226
50	#66ccff	#000000	#00000000	#00000000		53.498550	54.701983	3.792880	5.854340	5.043618	7.301057	5.188290	7.175984	5.152309	6.988157	7.030572	6.628345	7.658097	4.821815	8.285622	3.015286	7.034884	1.568568	6.890212	1.693642	6.709559	1.630889	6.082034	3.437419	4.203771	3.797231	4.239752	3.985058	4.420405	4.047810
51	#ffffff	#000000	#00000000	#00000000		53.498550	54.701983	7.030572	6.628345	5.152309	6.988157	5.188290	7.175984	5.368943	7.238736	4.741418	9.045266	5.992156	10.491983	7.242894	11.938701	9.121157	11.578889	9.085176	11.391062	9.229847	11.265988	7.979109	9.819271	8.606634	8.012741	8.425981	7.949989	8.281310	8.075063
52	#ffffff	#000000	#00000000	#00000000		53.498550	54.701983	11.523313	3.789291	10.272575	2.342573	10.127904	2.467647	10.163885	2.655474	8.285622	3.015286	7.658097	4.821815	7.030572	6.628345	8.281310	8.075063	8.425981	7.949989	8.606634	8.012741	9.234159	6.206212	11.112422	5.846399	11.076441	5.658573	10.895788	5.595821
53	#006699	#000000	#00000000	#00000000		53.498550	54.701983	13.203008	10.796939	12.575484	12.603469	12.394831	12.540716	12.358850	12.352890	10.480587	12.712703	9.229848	11.265986	7.979110	9.819269	8.606634	8.012739	8.787287	8.075491	8.931959	7.950417	10.182697	9.397134	12.060960	9.037321	12.096942	9.225148	11.952270	9.350222
54	#66ccff	#000000	#00000000	#00000000		53.498550	54.701983	9.234159	6.206212	8.606634	8.012741	8.787287	8.075494	8.931959	7.950420	10.182697	9.397138	12.060960	9.037325	13.939223	8.677513	14.566748	6.870984	14.386095	6.808231	14.350114	6.620405	12.471851	6.980217	11.221113	5.533499	11.076441	5.658573	11.112422	5.846399
55	#66ccff	#000000	#00000000	#00000000		53.498550	54.701983	11.523313	3.789291	10.895788	5.595821	11.076441	5.658573	11.221113	5.533499	12.471851	6.980217	14.350114	6.620405	16.228377	6.260592	16.855902	4.454063	16.675249	4.391310	16.639268	4.203484	14.761005	4.563296	13.510267	3.116579	13.365595	3.241652	13.401576	3.429479
56	#006699	#000000	#00000000	#00000000		53.498550	54.701983	17.483427	2.647533	16.855902	4.454063	16.675249	4.391310	16.639268	4.203484	14.761005	4.563296	13.510266	3.116579	12.259528	1.669862	12.887053	-0.136668	13.067706	-0.073916	13.212378	-0.198989	14.463116	1.247728	16.341379	0.887916	16.377360	1.075742	16.232689	1.200816
57	#ffffff	#000000	#00000000	#00000000		53.498550	54.701983	13.939223	8.677513	15.189961	10.124231	15.334633	9.999157	15.298651	9.811331	17.176915	9.451518	17.804440	7.644989	18.431965	5.838459	17.181227	4.391742	17.036555	4.516815	16.855902	4.454063	16.228377	6.260592	14.350114	6.620405	14.386095	6.808231	14.566748	6.870984
58	#66ccff	#000000	#00000000	#00000000		53.498550	54.701983	18.431964	5.838460	20.310228	5.478649	20.274246	5.290823	20.093594	5.228070	20.721120	3.421541	19.470382	1.974823	18.219645	0.528104	16.341382	0.887915	16.377363	1.075742	16.232691	1.200815	17.483428	2.647533	16.855902	4.454063	17.036555	4.516815	17.181227	4.391742
59	#66ccff	#000000	#00000000	#00000000		53.498550	54.701983	21.669656	6.612464	20.418918	5.165747	20.274247	5.290821	20.310228	5.478647	18.431965	5.838459	17.804440	7.644989	17.176915	9.451518	18.427652	10.898236	18.572324	10.773162	18.752977	10.835915	19.380502	9.029385	21.258765	8.669573	21.222784	8.481746	21.042131	8.418994
60	#ffffff	#000000	#00000000	#00000000		53.498550	54.701983	20.721120	3.421541	20.093594	5.228070	20.274246	5.290823	20.418918	5.165749	21.669656	6.612467	23.547919	6.252656	25.426182	5.892845	26.053708	4.086316	25.873056	4.023563	25.837074	3.835737	23.958811	4.195548	22.708074	2.748830	22.563402	2.873903	22.599383	3.061730
61	#66ccff	#000000	#00000000	#00000000		53.498550	54.701983	25.426182	5.892845	26.676919	7.339563	26.821591	7.214490	26.785609	7.026663	28.663873	6.666853	29.291399	4.860324	29.918926	3.053795	28.668189	1.607076	28.523517	1.732150	28.342864	1.669397	27.715338	3.475926	25.837074	3.835737	25.873056	4.023563	26.053708	4.086316
62	#ffffff	#000000	#00000000	#00000000		53.498550	54.701983	20.508801	-1.888815	18.630537	-1.529004	18.666518	-1.341178	18.847171	-1.278425	18.219645	0.528104	19.470382	1.974823	20.721120	3.421541	22.599383	3.061730	22.563402	2.873903	22.708074	2.748830	21.457337	1.302112	22.084863	-0.504418	21.904210	-0.567170	21.759538	-0.442097
63	#006699	#000000	#00000000	#00000000		53.498550	54.701983	27.417452	0.160358	28.668189	1.607076	28.523517	1.732150	28.342864	1.669397	27.715338	3.475927	25.837075	3.835738	23.958812	4.195549	22.708074	2.748830	22.852746	2.623757	22.816765	2.435931	24.695029	2.076119	25.322555	0.269590	25.503208	0.332343	25.539189	0.520169
64	#A0A0A0	#000000	#00000000	#00000000		53.498550	54.701983	26.374717	9.083772	27.002243	7.277242	26.821591	7.214490	26.676919	7.339563	25.426182	5.892845	23.547918	6.252656	21.669655	6.612466	21.042129	8.418995	21.222782	8.481748	21.258763	8.669574	23.137026	8.309764	24.387763	9.756482	24.532435	9.631408	24.496454	9.443582
65	#A0A0A0	#000000	#00000000	#00000000		53.498550	54.701983	26.587035	14.394127	28.465298	14.034316	28.429317	13.846490	28.248664	13.783737	28.876191	11.977208	27.625454	10.530490	26.374717	9.083772	24.496454	9.443582	24.532435	9.631408	24.387763	9.756482	25.638500	11.203200	25.010973	13.009730	25.191626	13.072482	25.336298	12.947409
66	#A0A0A0	#000000	#00000000	#00000000		53.498550	54.701983	26.587035	14.394127	25.959508	16.200656	26.140161	16.263409	26.284833	16.138335	27.535570	17.585053	29.413833	17.225243	31.292097	16.865432	31.919623	15.058903	31.738970	14.996150	31.702989	14.808324	29.824726	15.168135	28.573989	13.721416	28.429317	13.846490	28.465298	14.034316
67	#66ccff	#000000	#00000000	#00000000		53.498550	54.701983	24.297879	16.811045	23.670352	18.617574	23.851005	18.680327	23.995677	18.555253	25.246413	20.001972	27.124677	19.642162	29.002940	19.282351	29.630467	17.475822	29.449814	17.413070	29.413833	17.225243	27.535570	17.585054	26.284833	16.138335	26.140161	16.263409	26.176142	16.451235
68	#006699	#000000	#00000000	#00000000		53.498550	54.701983	28.266722	21.401780	27.639196	23.208309	27.458543	23.145557	27.422562	22.957730	25.544298	23.317541	24.293561	21.870822	23.042825	20.424103	23.670352	18.617574	23.851005	18.680327	23.995677	18.555253	25.246413	20.001972	27.124677	19.642162	27.160658	19.829988	27.015986	19.955061
69	#ffffff	#000000	#00000000	#00000000		53.498550	54.701983	31.504441	22.175774	30.876916	23.982303	31.057569	24.045056	31.202240	23.919982	32.452978	25.366699	34.331241	25.006887	36.209504	24.647075	36.837030	22.840545	36.656377	22.777793	36.620395	22.589967	34.742132	22.949779	33.491394	21.503061	33.346723	21.628135	33.382704	21.815961
70	#ffffff	#000000	#00000000	#00000000		53.498550	54.701983	31.292119	16.865418	29.413856	17.225230	29.449837	17.413056	29.630490	17.475809	29.002965	19.282339	30.253703	20.729056	31.504441	22.175774	33.382704	21.815961	33.346723	21.628135	33.491394	21.503061	32.240656	20.056344	32.868182	18.249814	32.687528	18.187061	32.542857	18.312135
71	#A0A0A0	#000000	#00000000	#00000000		53.498550	54.701983	31.292119	16.865418	32.542857	18.312135	32.687528	18.187061	32.651547	17.999235	34.529810	17.639423	35.157335	15.832893	35.784860	14.026364	34.534123	12.579646	34.389451	12.704720	34.208798	12.641967	33.581273	14.448497	31.703009	14.808309	31.738991	14.996136	31.919644	15.058888
72	#006699	#000000	#00000000	#00000000		53.498550	54.701983	31.816012	9.435632	33.694275	9.075820	33.730257	9.263646	33.585585	9.388720	34.836323	10.835438	34.208798	12.641967	33.581273	14.448497	31.703009	14.808309	31.667028	14.620483	31.486375	14.557730	32.113900	12.751201	30.863162	11.304483	31.007834	11.179409	31.188487	11.242162
73	#66ccff	#000000	#00000000	#00000000		53.498550	54.701983	29.824747	15.168122	31.703009	14.808309	31.667028	14.620483	31.486375	14.557731	32.113900	12.751201	30.863161	11.304484	29.612422	9.857767	27.734160	10.217580	27.770141	10.405406	27.625469	10.530480	28.876208	11.977197	28.248683	13.783727	28.429336	13.846479	28.574008	13.721405
74	#ffffff	#000000	#00000000	#00000000		53.498550	54.701983	26.374731	9.083762	27.625469	10.530480	27.770141	10.405406	27.734160	10.217580	29.612423	9.857767	30.239948	8.051238	30.867473	6.244708	29.616735	4.797991	29.472063	4.923064	29.291410	4.860312	28.663885	6.666842	26.785622	7.026654	26.821603	7.214480	27.002256	7.277233
75	#ffffff	#000000	#00000000	#00000000		53.498550	54.701983	30.867473	6.244708	32.745736	5.884896	32.709755	5.697070	32.529101	5.634317	33.156627	3.827787	31.905889	2.381070	30.655151	0.934352	28.776888	1.294165	28.812869	1.481991	28.668197	1.607065	29.918935	3.053782	29.291410	4.860312	29.472063	4.923064	29.616735	4.797991
76	#66ccff	#000000	#00000000	#00000000		53.498550	54.701983	30.655151	0.934352	31.282676	-0.872177	31.102023	-0.934930	30.957351	-0.809856	29.706613	-2.256573	27.828350	-1.896761	25.950087	-1.536949	25.322562	0.269581	25.503215	0.332333	25.539196	0.520159	27.417459	0.160347	28.668197	1.607065	28.812869	1.481991	28.776888	1.294165
77	#A0A0A0	#000000	#00000000	#00000000		53.498550	54.701983	32.944305	-1.482568	31.066042	-1.122756	31.102023	-0.934930	31.282676	-0.872177	30.655151	0.934352	31.905889	2.381070	33.156627	3.827787	35.034890	3.467975	34.998908	3.280149	35.143580	3.155075	33.892842	1.708358	34.520367	-0.098172	34.339714	-0.160925	34.195043	-0.035851
78	#66ccff	#000000	#00000000	#00000000		53.498550	54.701983	33.156627	3.827787	32.529101	5.634317	32.709755	5.697070	32.854426	5.571996	34.105164	7.018713	35.983427	6.658901	37.861690	6.299089	38.489216	4.492559	38.308562	4.429807	38.272581	4.241980	36.394318	4.601793	35.143580	3.155075	34.998908	3.280149	35.034890	3.467975
79	#006699	#000000	#00000000	#00000000		53.498550	54.701983	36.394318	4.601793	35.143580	3.155076	35.288251	3.030002	35.468904	3.092755	36.096429	1.286225	37.974692	0.926412	39.852955	0.566599	41.103693	2.013316	40.959021	2.138390	40.995003	2.326216	39.116740	2.686029	38.489215	4.492559	38.308562	4.429807	38.272581	4.241980
80	#66ccff	#000000	#00000000	#00000000		53.498550	54.701983	34.105164	7.018713	32.854426	5.571996	32.709755	5.697070	32.745736	5.884896	30.867473	6.244708	30.239948	8.051238	29.612423	9.857767	30.863161	11.304485	31.007832	11.179411	31.188485	11.242164	31.816010	9.435634	33.694273	9.075822	33.658292	8.887996	33.477639	8.825243
81	#ffffff	#000000	#00000000	#00000000		53.498550	54.701983	38.810228	9.490015	39.437753	7.683485	39.257100	7.620733	39.112428	7.745806	37.861690	6.299089	35.983427	6.658901	34.105164	7.018713	33.477639	8.825243	33.658292	8.887996	33.694273	9.075822	35.572536	8.716010	36.823274	10.162727	36.967946	10.037653	36.931965	9.849827
82	#66ccff	#000000	#00000000	#00000000		53.498550	54.701983	42.354432	3.460035	41.103694	2.013317	40.959022	2.138391	40.995004	2.326217	39.116741	2.686030	38.489216	4.492559	37.861690	6.299089	39.112428	7.745806	39.257100	7.620733	39.437753	7.683485	40.065278	5.876956	41.943541	5.517143	41.907560	5.329317	41.726907	5.266564
83	#ffffff	#000000	#00000000	#00000000		53.498550	54.701983	43.302969	6.650962	45.181232	6.291151	45.145251	6.103324	44.964598	6.040572	45.592125	4.234042	44.341387	2.787324	43.090650	1.340606	41.212387	1.700417	41.248368	1.888243	41.103696	2.013317	42.354433	3.460035	41.726907	5.266564	41.907560	5.329317	42.052232	5.204243
84	#66ccff	#000000	#00000000	#00000000		53.498550	54.701983	43.302968	6.650962	42.052232	5.204243	41.907560	5.329317	41.943541	5.517143	40.065278	5.876954	39.437751	7.683483	38.810224	9.490012	40.060960	10.936730	40.205632	10.811657	40.386285	10.874409	41.013812	9.067880	42.892075	8.708070	42.856094	8.520244	42.675441	8.457491
85	#006699	#000000	#00000000	#00000000		53.498550	54.701983	41.013811	9.067880	42.892075	8.708069	42.928056	8.895895	42.783384	9.020969	44.034121	10.467687	43.406595	12.274217	42.779069	14.080746	40.900805	14.440557	40.864824	14.252731	40.684171	14.189978	41.311698	12.383449	40.060960	10.936730	40.205632	10.811657	40.386285	10.874409
86	#66ccff	#000000	#00000000	#00000000		53.498550	54.701983	39.022550	14.800371	40.900813	14.440558	40.864832	14.252732	40.684179	14.189979	41.311704	12.383450	40.060966	10.936732	38.810228	9.490015	36.931965	9.849827	36.967946	10.037653	36.823274	10.162727	38.074012	11.609445	37.446487	13.415974	37.627140	13.478727	37.771812	13.353653
87	#66ccff	#000000	#00000000	#00000000		53.498550	54.701983	35.784858	14.026366	37.663122	13.666553	37.627140	13.478727	37.446487	13.415974	38.074012	11.609445	36.823274	10.162727	35.572535	8.716010	33.694272	9.075822	33.730254	9.263649	33.585582	9.388723	34.836320	10.835440	34.208795	12.641970	34.389448	12.704722	34.534120	12.579648
88	#ffffff	#000000	#00000000	#00000000		53.498550	54.701983	35.784859	14.026365	35.157333	15.832895	35.337986	15.895648	35.482658	15.770574	36.733396	17.217291	38.611659	16.857479	40.489922	16.497667	41.117447	14.691137	40.936794	14.628385	40.900813	14.440558	39.022550	14.800371	37.771812	13.353653	37.627140	13.478727	37.663122	13.666553
89	#66ccff	#000000	#00000000	#00000000		53.498550	54.701983	32.240655	20.056345	33.491392	21.503063	33.636064	21.377989	33.600083	21.190163	35.478346	20.830351	36.105871	19.023821	36.733396	17.217291	35.482658	15.770574	35.337986	15.895648	35.157334	15.832895	34.529808	17.639425	32.651545	17.999237	32.687527	18.187063	32.868180	18.249816
90	#006699	#000000	#00000000	#00000000		53.498550	54.701983	38.200767	18.914586	39.451506	20.361303	39.306834	20.486376	39.126181	20.423624	38.498657	22.230154	36.620394	22.589967	34.742131	22.949780	33.491392	21.503063	33.636064	21.377989	33.600083	21.190163	35.478346	20.830350	36.105870	19.023820	36.286523	19.086572	36.322504	19.274399
91	#66ccff	#000000	#00000000	#00000000		53.498550	54.701983	36.209505	24.647075	37.460244	26.093792	37.604916	25.968718	37.568934	25.780892	39.447197	25.421079	40.074722	23.614549	40.702246	21.808019	39.451507	20.361302	39.306836	20.486376	39.126183	20.423624	38.498658	22.230154	36.620395	22.589967	36.656377	22.777793	36.837030	22.840545
92	#A0A0A0	#000000	#00000000	#00000000		53.498550	54.701983	37.158044	27.838001	37.785569	26.031471	37.604916	25.968718	37.460244	26.093792	36.209506	24.647075	34.331243	25.006887	32.452980	25.366699	31.825455	27.173229	32.006108	27.235981	32.042089	27.423808	33.920352	27.063995	35.171090	28.510713	35.315762	28.385639	35.279781	28.197813
93	#66ccff	#000000	#00000000	#00000000		53.498550	54.701983	34.868890	30.254921	35.496415	28.448392	35.315762	28.385639	35.171090	28.510713	33.920352	27.063995	32.042089	27.423808	30.163826	27.783620	29.536301	29.590149	29.716954	29.652902	29.752935	29.840728	31.631198	29.480916	32.881936	30.927634	33.026608	30.802560	32.990627	30.614733
94	#006699	#000000	#00000000	#00000000		53.498550	54.701983	28.908777	31.396679	29.536301	29.590150	29.716954	29.652902	29.752935	29.840728	31.631198	29.480915	32.881937	30.927632	34.132675	32.374349	33.505151	34.180879	33.324498	34.118127	33.179826	34.243201	31.929088	32.796484	30.050825	33.156297	30.014843	32.968470	30.159515	32.843396
95	#ffffff	#000000	#00000000	#00000000		53.498550	54.701983	35.081212	35.565277	36.959475	35.205465	36.923494	35.017638	36.742841	34.954886	37.370366	33.148356	36.119628	31.701639	34.868890	30.254921	32.990627	30.614733	33.026608	30.802560	32.881936	30.927634	34.132674	32.374351	33.505149	34.180881	33.685802	34.243633	33.830474	34.118559
96	#A0A0A0	#000000	#00000000	#00000000		53.498550	54.701983	37.158044	27.838000	35.279781	28.197813	35.315762	28.385639	35.496415	28.448392	34.868890	30.254921	36.119628	31.701639	37.370366	33.148356	39.248629	32.788544	39.212647	32.600718	39.357319	32.475644	38.106581	31.028926	38.734106	29.222397	38.553454	29.159644	38.408782	29.284718
97	#A0A0A0	#000000	#00000000	#00000000		53.498550	54.701983	37.158044	27.838000	38.408782	29.284718	38.553454	29.159644	38.517472	28.971818	40.395735	28.612006	41.023260	26.805476	41.650786	24.998946	40.400048	23.552229	40.255376	23.677303	40.074723	23.614550	39.447198	25.421080	37.568935	25.780892	37.604916	25.968718	37.785569	26.031471
98	#A0A0A0	#000000	#00000000	#00000000		53.498550	54.701983	41.650786	24.998946	43.529049	24.639134	43.493067	24.451308	43.312414	24.388555	43.939939	22.582026	42.689201	21.135308	41.438463	19.688591	39.560200	20.048403	39.596182	20.236229	39.451510	20.361303	40.702248	21.808020	40.074723	23.614550	40.255376	23.677303	40.400048	23.552229
99	#66ccff	#000000	#00000000	#00000000		53.498550	54.701983	41.438463	19.688591	42.065989	17.882061	41.885335	17.819308	41.740664	17.944382	40.489926	16.497665	38.611663	16.857477	36.733400	17.217289	36.105875	19.023819	36.286528	19.086571	36.322509	19.274398	38.200772	18.914585	39.451510	20.361303	39.596182	20.236229	39.560200	20.048403
100	#ffffff	#000000	#00000000	#00000000		53.498550	54.701983	40.489926	16.497665	41.740664	17.944382	41.885335	17.819308	41.849354	17.631482	43.727617	17.271670	44.355142	15.465140	44.982667	13.658611	43.731930	12.211893	43.587258	12.336967	43.406605	12.274214	42.779080	14.080744	40.900816	14.440556	40.936798	14.628383	41.117451	14.691135
101	#66ccff	#000000	#00000000	#00000000		53.498550	54.701983	44.982667	13.658611	46.860931	13.298798	46.824949	13.110972	46.644296	13.048219	47.271821	11.241690	46.021083	9.794972	44.770345	8.348255	42.892082	8.708067	42.928064	8.895893	42.783392	9.020967	44.034130	10.467685	43.406605	12.274214	43.587258	12.336967	43.731930	12.211893
102	#A0A0A0	#000000	#00000000	#00000000		53.498550	54.701983	48.008030	9.122267	48.635557	7.315738	48.454904	7.252985	48.310232	7.378059	47.059495	5.931341	45.181231	6.291151	43.302968	6.650962	42.675441	8.457491	42.856094	8.520244	42.892075	8.708070	44.770339	8.348259	46.021076	9.794978	46.165748	9.669904	46.129767	9.482078
103	#66ccff	#000000	#00000000	#00000000		53.498550	54.701983	50.297186	6.705349	50.924713	4.898820	50.744060	4.836067	50.599388	4.961141	49.348651	3.514422	47.470388	3.874233	45.592125	4.234043	44.964598	6.040572	45.145251	6.103325	45.181232	6.291151	47.059495	5.931340	48.310232	7.378059	48.454904	7.252985	48.418923	7.065159
104	#006699	#000000	#00000000	#00000000		53.498550	54.701983	46.328342	2.114614	46.955869	0.308085	47.136522	0.370837	47.172503	0.558664	49.050767	0.198853	50.301503	1.645572	51.552240	3.092291	50.924713	4.898820	50.744060	4.836067	50.599388	4.961141	49.348651	3.514422	47.470388	3.874233	47.434407	3.686406	47.579079	3.561333
105	#ffffff	#000000	#00000000	#00000000		53.498550	54.701983	48.008030	9.122267	49.258768	10.568986	49.403439	10.443912	49.367458	10.256086	51.245722	9.896275	51.873248	8.089745	52.500774	6.283216	51.250037	4.836498	51.105365	4.961571	50.924712	4.898819	50.297186	6.705348	48.418923	7.065159	48.454904	7.252985	48.635557	7.315738
106	#ffffff	#000000	#00000000	#00000000		53.498550	54.701983	52.500773	6.283217	54.379037	5.923406	54.343056	5.735580	54.162403	5.672827	54.789930	3.866298	53.539193	2.419580	52.288457	0.972861	50.410193	1.332671	50.446174	1.520497	50.301502	1.645571	51.552239	3.092290	50.924712	4.898819	51.105365	4.961571	51.250037	4.836498
107	#66ccff	#000000	#00000000	#00000000		53.498550	54.701983	51.458039	15.206631	53.336302	14.846821	53.300321	14.658994	53.119668	14.596242	53.747195	12.789713	52.496458	11.342994	51.245722	9.896275	49.367458	10.256086	49.403439	10.443912	49.258768	10.568986	50.509504	12.015704	49.881977	13.822233	50.062630	13.884986	50.207302	13.759912
108	#A0A0A0	#000000	#00000000	#00000000		53.498550	54.701983	48.220348	14.432623	50.098611	14.072812	50.062630	13.884986	49.881977	13.822233	50.509503	12.015704	49.258766	10.568986	48.008029	9.122268	46.129766	9.482079	46.165747	9.669905	46.021075	9.794979	47.271812	11.241697	46.644286	13.048226	46.824939	13.110979	46.969611	12.985905
109	#006699	#000000	#00000000	#00000000		53.498550	54.701983	53.449308	9.474144	55.327571	9.114333	55.363552	9.302159	55.218881	9.427233	56.469618	10.873951	55.842092	12.680480	55.214566	14.487010	53.336302	14.846821	53.300321	14.658994	53.119668	14.596242	53.747194	12.789712	52.496457	11.342994	52.641129	11.217921	52.821782	11.280673
110	#66ccff	#000000	#00000000	#00000000		53.498550	54.701983	55.738465	7.057226	54.487729	5.610507	54.343057	5.735581	54.379038	5.923407	52.500774	6.283217	51.873247	8.089746	51.245720	9.896275	52.496457	11.342994	52.641129	11.217921	52.821782	11.280673	53.449309	9.474144	55.327572	9.114334	55.291591	8.926507	55.110938	8.863755
111	#A0A0A0	#000000	#00000000	#00000000		53.498550	54.701983	48.220348	14.432623	47.592821	16.239152	47.773474	16.301905	47.918146	16.176831	49.168883	17.623549	51.047146	17.263739	52.925410	16.903928	53.552936	15.097399	53.372283	15.034646	53.336302	14.846820	51.458039	15.206631	50.207302	13.759912	50.062630	13.884986	50.098611	14.072812
112	#A0A0A0	#000000	#00000000	#00000000		53.498550	54.701983	48.220347	14.432623	46.969610	12.985904	46.824938	13.110978	46.860919	13.298804	44.982656	13.658615	44.355130	15.465145	43.727604	17.271674	44.978341	18.718392	45.123013	18.593319	45.303666	18.656071	45.931192	16.849542	47.809455	16.489731	47.773474	16.301905	47.592821	16.239152
113	#A0A0A0	#000000	#00000000	#00000000		53.498550	54.701983	43.727604	17.271673	41.849341	17.631484	41.885322	17.819310	42.065975	17.882063	41.438448	19.688592	42.689185	21.135311	43.939921	22.582029	45.818185	22.222219	45.782204	22.034393	45.926875	21.909319	44.676139	20.462600	45.303666	18.656071	45.123013	18.593319	44.978341	18.718392
114	#66ccff	#000000	#00000000	#00000000		53.498550	54.701983	49.168883	17.623549	47.918146	16.176831	47.773474	16.301905	47.809455	16.489731	45.931192	16.849541	45.303665	18.656071	44.676139	20.462600	45.926876	21.909318	46.071547	21.784244	46.252200	21.846997	46.879727	20.040468	48.757990	19.680657	48.722009	19.492831	48.541356	19.430078
115	#A0A0A0	#000000	#00000000	#00000000		53.498550	54.701983	53.873945	20.094855	54.501471	18.288325	54.320818	18.225573	54.176147	18.350646	52.925410	16.903928	51.047146	17.263739	49.168883	17.623549	48.541356	19.430078	48.722009	19.492831	48.757990	19.680657	50.636254	19.320847	51.886991	20.767565	52.031662	20.642491	51.995681	20.454665
116	#A0A0A0	#000000	#00000000	#00000000		53.498550	54.701983	52.925410	16.903928	54.176147	18.350647	54.320819	18.225573	54.284838	18.037747	56.163102	17.677936	56.790628	15.871406	57.418154	14.064877	56.167417	12.618159	56.022745	12.743232	55.842092	12.680480	55.214566	14.487009	53.336302	14.846820	53.372283	15.034646	53.552936	15.097399
117	#006699	#000000	#00000000	#00000000		53.498550	54.701983	47.177612	23.356037	45.926876	21.909318	46.071547	21.784244	46.252200	21.846997	46.879727	20.040468	48.757991	19.680658	50.636254	19.320847	51.886991	20.767566	51.742319	20.892639	51.778300	21.080466	49.900036	21.440276	49.272510	23.246805	49.091857	23.184053	49.055876	22.996226
118	#66ccff	#000000	#00000000	#00000000		53.498550	54.701983	43.939921	22.582029	43.312394	24.388558	43.493047	24.451311	43.637719	24.326237	44.888456	25.772956	46.766719	25.413146	48.644983	25.053335	49.272509	23.246806	49.091857	23.184053	49.055876	22.996227	47.177612	23.356038	45.926875	21.909319	45.782204	22.034393	45.818185	22.222219
119	#66ccff	#000000	#00000000	#00000000		53.498550	54.701983	53.137727	22.214285	51.886991	20.767566	51.742319	20.892639	51.778300	21.080466	49.900036	21.440276	49.272510	23.246805	48.644983	25.053334	49.895719	26.500053	50.040391	26.374979	50.221044	26.437732	50.848571	24.631203	52.726834	24.271392	52.690853	24.083566	52.510200	24.020814
120	#A0A0A0	#000000	#00000000	#00000000		53.498550	54.701983	54.086262	25.405211	55.964526	25.045400	55.928545	24.857573	55.747892	24.794821	56.375418	22.988292	55.124681	21.541573	53.873943	20.094855	51.995680	20.454666	52.031661	20.642492	51.886989	20.767566	53.137727	22.214284	52.510200	24.020814	52.690853	24.083566	52.835525	23.958493
121	#A0A0A0	#000000	#00000000	#00000000		53.498550	54.701983	54.086262	25.405211	52.835525	23.958493	52.690853	24.083566	52.726834	24.271392	50.848571	24.631203	50.221044	26.437732	49.593518	28.244261	50.844255	29.690980	50.988926	29.565906	51.169579	29.628659	51.797106	27.822130	53.675369	27.462319	53.639388	27.274493	53.458735	27.211740
122	#A0A0A0	#000000	#00000000	#00000000		53.498550	54.701983	49.593517	28.244261	47.715254	28.604072	47.751235	28.791899	47.931888	28.854651	47.304362	30.661181	48.555099	32.107899	49.805836	33.554617	51.684100	33.194806	51.648119	33.006980	51.792790	32.881906	50.542053	31.435188	51.169579	29.628659	50.988926	29.565906	50.844255	29.690980
123	#ffffff	#000000	#00000000	#00000000		53.498550	54.701983	49.593517	28.244262	50.221044	26.437733	50.040391	26.374980	49.895719	26.500054	48.644982	25.053335	46.766719	25.413146	44.888456	25.772957	44.260929	27.579486	44.441582	27.642238	44.477563	27.830065	46.355826	27.470254	47.606563	28.916972	47.751235	28.791899	47.715254	28.604072
124	#ffffff	#000000	#00000000	#00000000		53.498550	54.701983	44.888455	25.772956	43.637718	24.326238	43.493046	24.451312	43.529027	24.639138	41.650764	24.998949	41.023238	26.805478	40.395711	28.612008	41.646449	30.058726	41.791121	29.933652	41.971773	29.996405	42.599300	28.189876	44.477563	27.830065	44.441582	27.642238	44.260929	27.579486
125	#66ccff	#000000	#00000000	#00000000		53.498550	54.701983	40.395712	28.612007	38.517449	28.971818	38.553430	29.159644	38.734083	29.222397	38.106556	31.028926	39.357292	32.475644	40.608029	33.922363	42.486292	33.562553	42.450311	33.374726	42.594983	33.249653	41.344247	31.802934	41.971773	29.996405	41.791121	29.933652	41.646449	30.058726
126	#66ccff	#000000	#00000000	#00000000		53.498550	54.701983	46.355827	27.470254	44.477563	27.830064	44.513544	28.017890	44.694197	28.080643	44.066670	29.887172	45.317407	31.333891	46.568143	32.780609	48.446407	32.420799	48.410426	32.232973	48.555098	32.107899	47.304361	30.661180	47.931888	28.854651	47.751235	28.791899	47.606563	28.916972
127	#006699	#000000	#00000000	#00000000		53.498550	54.701983	44.364557	33.202741	42.486294	33.562552	42.450313	33.374726	42.594985	33.249652	41.344247	31.802934	41.971774	29.996404	42.599300	28.189875	44.477563	27.830064	44.513544	28.017890	44.694197	28.080643	44.066671	29.887172	45.317408	31.333891	45.172736	31.458964	44.992083	31.396212
128	#66ccff	#000000	#00000000	#00000000		53.498550	54.701983	42.075400	35.619659	43.326137	37.066378	43.470809	36.941304	43.434828	36.753478	45.313091	36.393667	45.940618	34.587138	46.568145	32.780609	45.317408	31.333891	45.172736	31.458964	44.992083	31.396212	44.364557	33.202741	42.486293	33.562551	42.522274	33.750377	42.702927	33.813130
129	#A0A0A0	#000000	#00000000	#00000000		53.498550	54.701983	37.370339	33.148354	36.742812	34.954883	36.923465	35.017635	37.068137	34.892562	38.318874	36.339280	40.197137	35.979470	42.075400	35.619659	42.702927	33.813130	42.522274	33.750377	42.486293	33.562551	40.608030	33.922362	39.357293	32.475643	39.212621	32.600717	39.248602	32.788543
130	#66ccff	#000000	#00000000	#00000000		53.498550	54.701983	38.318873	36.339281	37.068137	34.892562	36.923465	35.017635	36.959446	35.205462	35.081183	35.565272	34.453656	37.371801	33.826129	39.178330	35.076865	40.625049	35.221537	40.499975	35.402190	40.562728	36.029717	38.756199	37.907980	38.396388	37.871999	38.208562	37.691347	38.145810
131	#ffffff	#000000	#00000000	#00000000		53.498550	54.701983	30.588438	38.404322	31.839174	39.851040	31.983846	39.725967	31.947865	39.538140	33.826129	39.178330	34.453656	37.371801	35.081183	35.565272	33.830446	34.118553	33.685774	34.243627	33.505121	34.180874	32.877594	35.987403	30.999331	36.347214	31.035312	36.535040	31.215965	36.597793
132	#66ccff	#000000	#00000000	#00000000		53.498550	54.701983	32.877594	35.987403	33.505121	34.180874	33.324468	34.118121	33.179796	34.243195	31.929059	32.796477	30.050796	33.156287	28.172532	33.516098	27.545006	35.322627	27.725659	35.385380	27.761640	35.573206	29.639903	35.213395	30.890640	36.660114	31.035312	36.535040	30.999331	36.347214
133	#ffffff	#000000	#00000000	#00000000		53.498550	54.701983	25.883376	35.933017	27.761640	35.573206	27.725659	35.385380	27.545006	35.322627	28.172532	33.516098	26.921795	32.069380	25.671057	30.622661	23.792794	30.982472	23.828775	31.170299	23.684103	31.295372	24.934840	32.742090	24.307314	34.548620	24.487967	34.611372	24.632639	34.486299
134	#66ccff	#000000	#00000000	#00000000		53.498550	54.701983	20.442097	35.581142	21.692834	37.027860	21.837506	36.902786	21.801525	36.714960	23.679788	36.355149	24.307314	34.548620	24.934840	32.742090	23.684103	31.295372	23.539431	31.420446	23.358778	31.357693	22.731252	33.164223	20.852989	33.524034	20.888970	33.711860	21.069623	33.774612
135	#A0A0A0	#000000	#00000000	#00000000		53.498550	54.701983	15.737035	33.109836	15.109508	34.916365	15.290161	34.979118	15.434833	34.854044	16.685570	36.300763	18.563833	35.940952	20.442096	35.581142	21.069623	33.774612	20.888970	33.711860	20.852989	33.524034	18.974726	33.883844	17.723989	32.437126	17.579317	32.562199	17.615298	32.750026
136	#ffffff	#000000	#00000000	#00000000		53.498550	54.701983	15.737035	33.109836	14.486298	31.663118	14.341626	31.788191	14.377607	31.976018	12.499344	32.335828	11.871817	34.142357	11.244290	35.948886	12.495027	37.395605	12.639699	37.270531	12.820352	37.333284	13.447878	35.526755	15.326142	35.166944	15.290161	34.979118	15.109508	34.916365
137	#66ccff	#000000	#00000000	#00000000		53.498550	54.701983	8.006599	35.174878	9.257336	36.621597	9.402008	36.496523	9.366027	36.308697	11.244290	35.948886	11.871817	34.142357	12.499344	32.335828	11.248607	30.889109	11.103935	31.014183	10.923282	30.951430	10.295755	32.757960	8.417492	33.117770	8.453473	33.305596	8.634126	33.368349
138	#ffffff	#000000	#00000000	#00000000		53.498550	54.701983	3.301537	32.703573	2.674011	34.510102	2.854664	34.572854	2.999336	34.447781	4.250072	35.894499	6.128336	35.534689	8.006599	35.174878	8.634126	33.368349	8.453473	33.305596	8.417492	33.117770	6.539229	33.477581	5.288492	32.030862	5.143820	32.155936	5.179801	32.343762
139	#ffffff	#000000	#00000000	#00000000		53.498550	54.701983	-3.480324	37.959589	-2.229584	39.406306	-2.084913	39.281232	-2.120894	39.093406	-0.242631	38.733592	0.384892	36.927062	1.012416	35.120532	-0.238323	33.673815	-0.382995	33.798889	-0.563648	33.736137	-1.191171	35.542667	-3.069434	35.902481	-3.033453	36.090307	-2.852800	36.153059
140	#66ccff	#000000	#00000000	#00000000		53.498550	54.701983	4.250072	35.894500	2.999336	34.447781	2.854664	34.572854	2.890645	34.760681	1.012381	35.120491	0.384854	36.927020	-0.242672	38.733549	1.008064	40.180268	1.152736	40.055194	1.333389	40.117947	1.960916	38.311418	3.839179	37.951607	3.803198	37.763781	3.622545	37.701029
141	#A0A0A0	#000000	#00000000	#00000000		53.498550	54.701983	8.955134	38.365804	9.582661	36.559275	9.402008	36.496523	9.257336	36.621596	8.006599	35.174878	6.128336	35.534689	4.250072	35.894499	3.622546	37.701028	3.803199	37.763781	3.839180	37.951607	5.717443	37.591797	6.968180	39.038515	7.112852	38.913441	7.076871	38.725615
142	#ffffff	#000000	#00000000	#00000000		53.498550	54.701983	11.244290	35.948885	9.366027	36.308696	9.402008	36.496523	9.582661	36.559275	8.955135	38.365805	10.205872	39.812523	11.456609	41.259241	13.334873	40.899430	13.298892	40.711604	13.443563	40.586530	12.192826	39.139812	12.820352	37.333283	12.639699	37.270530	12.495027	37.395604
143	#66ccff	#000000	#00000000	#00000000		53.498550	54.701983	13.447879	35.526755	12.820352	37.333284	13.001005	37.396037	13.145677	37.270963	14.396414	38.717681	16.274677	38.357871	18.152940	37.998060	18.780467	36.191531	18.599814	36.128778	18.563833	35.940952	16.685570	36.300763	15.434833	34.854044	15.290161	34.979118	15.326142	35.166944
144	#006699	#000000	#00000000	#00000000		53.498550	54.701983	17.416723	40.117490	16.789196	41.924019	16.608543	41.861266	16.572562	41.673440	14.694298	42.033251	13.443562	40.586532	12.192825	39.139813	12.820352	37.333284	13.001005	37.396037	13.145677	37.270963	14.396413	38.717682	16.274677	38.357871	16.310658	38.545698	16.165986	38.670771
145	#ffffff	#000000	#00000000	#00000000		53.498550	54.701983	20.442096	35.581142	18.563833	35.940952	18.599814	36.128778	18.780467	36.191531	18.152940	37.998060	19.403677	39.444779	20.654414	40.891497	22.532677	40.531686	22.496696	40.343860	22.641368	40.218786	21.390631	38.772068	22.018158	36.965539	21.837505	36.902786	21.692833	37.027860
146	#66ccff	#000000	#00000000	#00000000		53.498550	54.701983	21.390632	38.772068	22.641369	40.218786	22.786041	40.093713	22.750060	39.905887	24.628323	39.546076	25.255849	37.739546	25.883375	35.933017	24.632638	34.486299	24.487966	34.611372	24.307313	34.548620	23.679787	36.355149	21.801524	36.714960	21.837505	36.902786	22.018158	36.965539
147	#006699	#000000	#00000000	#00000000		53.498550	54.701983	27.350747	37.630315	28.601484	39.077033	28.456812	39.202107	28.276159	39.139355	27.648633	40.945884	25.770369	41.305694	23.892106	41.665505	22.641369	40.218786	22.786041	40.093713	22.750060	39.905887	24.628323	39.546076	25.255850	37.739547	25.436503	37.802299	25.472484	37.990126
148	#66ccff	#000000	#00000000	#00000000		53.498550	54.701983	30.588438	38.404322	31.215965	36.597793	31.035312	36.535040	30.890640	36.660114	29.639903	35.213395	27.761640	35.573205	25.883376	35.933016	25.255850	37.739545	25.436502	37.802297	25.472484	37.990124	27.350747	37.630313	28.601484	39.077032	28.746155	38.951958	28.710174	38.764132
149	#A0A0A0	#000000	#00000000	#00000000		53.498550	54.701983	30.800755	43.714677	32.679018	43.354867	32.643037	43.167041	32.462384	43.104288	33.089911	41.297759	31.839174	39.851040	30.588438	38.404322	28.710174	38.764132	28.746155	38.951958	28.601484	39.077032	29.852220	40.523751	29.224693	42.330280	29.405346	42.393032	29.550018	42.267959
150	#66ccff	#000000	#00000000	#00000000		53.498550	54.701983	34.038446	44.488685	35.916710	44.128874	35.880728	43.941048	35.700076	43.878295	36.327602	42.071766	35.076864	40.625048	33.826127	39.178330	31.947864	39.538141	31.983845	39.725967	31.839173	39.851041	33.089910	41.297759	32.462384	43.104288	32.643037	43.167041	32.787709	43.041967
151	#006699	#000000	#00000000	#00000000		53.498550	54.701983	36.029715	38.756198	37.907979	38.396386	37.943960	38.584213	37.799288	38.709286	39.050025	40.156005	38.422499	41.962534	37.794973	43.769063	35.916710	44.128874	35.880728	43.941048	35.700076	43.878295	36.327602	42.071766	35.076864	40.625048	35.221536	40.499974	35.402189	40.562727
152	#66ccff	#000000	#00000000	#00000000		53.498550	54.701983	39.998559	43.346932	41.876822	42.987121	41.840841	42.799295	41.660189	42.736543	42.287715	40.930014	41.036979	39.483295	39.786242	38.036576	37.907979	38.396386	37.943960	38.584213	37.799288	38.709286	39.050025	40.156005	38.422498	41.962534	38.603151	42.025287	38.747822	41.900213
153	#A0A0A0	#000000	#00000000	#00000000		53.498550	54.701983	43.023935	38.810586	43.651462	37.004057	43.470809	36.941304	43.326137	37.066378	42.075400	35.619659	40.197137	35.979470	38.318873	36.339280	37.691347	38.145810	37.871999	38.208562	37.907980	38.396388	39.786244	38.036578	41.036981	39.483296	41.181653	39.358223	41.145672	39.170396
154	#ffffff	#000000	#00000000	#00000000		53.498550	54.701983	45.313091	36.393667	43.434828	36.753478	43.470809	36.941304	43.651462	37.004057	43.023935	38.810586	44.274673	40.257304	45.525410	41.704022	47.403673	41.344211	47.367692	41.156385	47.512364	41.031311	46.261627	39.584593	46.889153	37.778064	46.708500	37.715311	46.563828	37.840385
155	#ffffff	#000000	#00000000	#00000000		53.498550	54.701983	49.805836	33.554617	48.555100	32.107898	48.410428	32.232971	48.446409	32.420798	46.568145	32.780608	45.940618	34.587137	45.313092	36.393666	46.563828	37.840385	46.708500	37.715311	46.889153	37.778064	47.516680	35.971535	49.394943	35.611724	49.358962	35.423898	49.178309	35.361146
156	#66ccff	#000000	#00000000	#00000000		53.498550	54.701983	49.805835	33.554616	49.178309	35.361146	49.358962	35.423898	49.503634	35.298824	50.754371	36.745543	52.632635	36.385732	54.510898	36.025921	55.138424	34.219391	54.957771	34.156639	54.921790	33.968812	53.043527	34.328624	51.792790	32.881905	51.648118	33.006979	51.684099	33.194805
157	#66ccff	#000000	#00000000	#00000000		53.498550	54.701983	47.516680	35.971535	46.889153	37.778064	47.069806	37.840817	47.214478	37.715743	48.465215	39.162461	50.343478	38.802651	52.221742	38.442840	52.849268	36.636311	52.668615	36.573559	52.632634	36.385732	50.754371	36.745543	49.503634	35.298824	49.358962	35.423898	49.394943	35.611724
158	#006699	#000000	#00000000	#00000000		53.498550	54.701983	51.485525	40.562268	50.857999	42.368798	50.677346	42.306045	50.641365	42.118219	48.763102	42.478030	47.512364	41.031312	46.261627	39.584593	46.889153	37.778064	47.069806	37.840817	47.214478	37.715743	48.465215	39.162461	50.343479	38.802650	50.379460	38.990477	50.234788	39.115550
159	#66ccff	#000000	#00000000	#00000000		53.498550	54.701983	52.434059	43.753196	54.312322	43.393385	54.276341	43.205559	54.095688	43.142806	54.723215	41.336277	53.472479	39.889559	52.221742	38.442840	50.343479	38.802650	50.379460	38.990477	50.234788	39.115550	51.485524	40.562269	50.857998	42.368798	51.038650	42.431551	51.183322	42.306477
160	#A0A0A0	#000000	#00000000	#00000000		53.498550	54.701983	47.941316	46.592246	49.192053	48.038965	49.336725	47.913891	49.300744	47.726065	51.179007	47.366254	51.806533	45.559724	52.434060	43.753195	51.183322	42.306477	51.038650	42.431551	50.857998	42.368798	50.230471	44.175327	48.352208	44.535138	48.388189	44.722965	48.568842	44.785717
161	#66ccff	#000000	#00000000	#00000000		53.498550	54.701983	51.179007	47.366254	49.300744	47.726065	49.336725	47.913891	49.517378	47.976644	48.889851	49.783173	50.140588	51.229891	51.391325	52.676610	53.269588	52.316799	53.233607	52.128973	53.378279	52.003899	52.127542	50.557181	52.755069	48.750651	52.574416	48.687899	52.429744	48.812973
162	#ffffff	#000000	#00000000	#00000000		53.498550	54.701983	49.102169	55.093528	50.980433	54.733718	50.944452	54.545891	50.763799	54.483139	51.391325	52.676610	50.140588	51.229891	48.889851	49.783173	47.011588	50.142983	47.047569	50.330810	46.902897	50.455883	48.153634	51.902602	47.526108	53.709131	47.706760	53.771883	47.851432	53.646810
163	#ffffff	#000000	#00000000	#00000000		53.498550	54.701983	48.889851	49.783173	49.517378	47.976644	49.336725	47.913891	49.192053	48.038965	47.941316	46.592246	46.063053	46.952056	44.184790	47.311867	43.557263	49.118396	43.737916	49.181148	43.773897	49.368975	45.652160	49.009164	46.902897	50.455883	47.047569	50.330809	47.011588	50.142983
164	#A0A0A0	#000000	#00000000	#00000000		53.498550	54.701983	43.236255	44.120940	42.608728	45.927469	42.789381	45.990222	42.934053	45.865148	44.184790	47.311867	46.063053	46.952056	47.941316	46.592246	48.568843	44.785717	48.388190	44.722964	48.352209	44.535138	46.473946	44.894948	45.223209	43.448230	45.078537	43.573303	45.114518	43.761130
165	#66ccff	#000000	#00000000	#00000000		53.498550	54.701983	45.525411	41.704022	44.897884	43.510551	45.078537	43.573303	45.223209	43.448230	46.473946	44.894948	48.352209	44.535138	50.230472	44.175328	50.857999	42.368799	50.677346	42.306046	50.641365	42.118220	48.763102	42.478030	47.512365	41.031311	47.367693	41.156385	47.403675	41.344211
166	#A0A0A0	#000000	#00000000	#00000000		53.498550	54.701983	43.236255	44.120940	45.114518	43.761130	45.078537	43.573303	44.897884	43.510551	45.525411	41.704022	44.274674	40.257303	43.023938	38.810584	41.145674	39.170395	41.181655	39.358221	41.036984	39.483294	42.287720	40.930013	41.660193	42.736542	41.840846	42.799295	41.985518	42.674221
167	#A0A0A0	#000000	#00000000	#00000000		53.498550	54.701983	43.236255	44.120940	41.985518	42.674221	41.840846	42.799295	41.876827	42.987121	39.998564	43.346932	39.371037	45.153461	38.743510	46.959990	39.994247	48.406708	40.138918	48.281635	40.319571	48.344387	40.947098	46.537858	42.825362	46.178048	42.789381	45.990222	42.608728	45.927469
168	#66ccff	#000000	#00000000	#00000000		53.498550	54.701983	44.184789	47.311866	42.934052	45.865148	42.789381	45.990222	42.825362	46.178048	40.947098	46.537858	40.319572	48.344388	39.692045	50.150917	40.942782	51.597635	41.087454	51.472561	41.268107	51.535314	41.895633	49.728785	43.773897	49.368974	43.737916	49.181148	43.557263	49.118395
169	#006699	#000000	#00000000	#00000000		53.498550	54.701983	42.193519	53.044353	40.942782	51.597635	41.087454	51.472561	41.268107	51.535314	41.895633	49.728785	43.773896	49.368974	45.652160	49.009163	46.902897	50.455881	46.758225	50.580954	46.794206	50.768781	44.915943	51.128592	44.288416	52.935121	44.107764	52.872368	44.071783	52.684542
170	#66ccff	#000000	#00000000	#00000000		53.498550	54.701983	48.153634	51.902602	46.902896	50.455883	46.758225	50.580957	46.794206	50.768783	44.915942	51.128594	44.288416	52.935124	43.660890	54.741653	44.911627	56.188371	45.056299	56.063297	45.236952	56.126050	45.864478	54.319521	47.742742	53.959710	47.706760	53.771883	47.526108	53.709131
171	#66ccff	#000000	#00000000	#00000000		53.498550	54.701983	38.955828	52.270345	38.328301	54.076874	38.508954	54.139627	38.653626	54.014553	39.904363	55.461271	41.782627	55.101461	43.660890	54.741650	44.288416	52.935121	44.107764	52.872368	44.071783	52.684542	42.193519	53.044353	40.942782	51.597634	40.798110	51.722708	40.834091	51.910534
172	#A0A0A0	#000000	#00000000	#00000000		53.498550	54.701983	38.743511	46.959989	36.865248	47.319799	36.901229	47.507626	37.081882	47.570378	36.454355	49.376907	37.705091	50.823626	38.955828	52.270345	40.834091	51.910534	40.798110	51.722708	40.942782	51.597634	39.692046	50.150916	40.319573	48.344387	40.138920	48.281634	39.994248	48.406708
173	#ffffff	#000000	#00000000	#00000000		53.498550	54.701983	35.505820	46.185981	36.756557	47.632699	36.901229	47.507626	36.865248	47.319799	38.743511	46.959989	39.371038	45.153460	39.998564	43.346931	38.747827	41.900212	38.603156	42.025286	38.422503	41.962533	37.794976	43.769062	35.916713	44.128873	35.952694	44.316699	36.133347	44.379452
174	#ffffff	#000000	#00000000	#00000000		53.498550	54.701983	30.800758	43.714676	30.173232	45.521205	30.353885	45.583957	30.498556	45.458884	31.749293	46.905602	33.627557	46.545792	35.505820	46.185981	36.133347	44.379452	35.952694	44.316699	35.916713	44.128873	34.038449	44.488684	32.787712	43.041965	32.643041	43.167039	32.679022	43.354865
175	#A0A0A0	#000000	#00000000	#00000000		53.498550	54.701983	26.308012	46.553728	27.558749	48.000446	27.703421	47.875373	27.667440	47.687547	29.545703	47.327736	30.173229	45.521206	30.800755	43.714677	29.550018	42.267959	29.405346	42.393032	29.224693	42.330280	28.597167	44.136809	26.718904	44.496620	26.754885	44.684446	26.935538	44.747199
176	#66ccff	#000000	#00000000	#00000000		53.498550	54.701983	25.359476	43.362802	26.610213	44.809520	26.754885	44.684446	26.718904	44.496620	28.597167	44.136809	29.224694	42.330280	29.852220	40.523751	28.601484	39.077033	28.456812	39.202107	28.276159	39.139354	27.648632	40.945883	25.770369	41.305694	25.806350	41.493520	25.987003	41.556272
177	#ffffff	#000000	#00000000	#00000000		53.498550	54.701983	20.654414	40.891496	20.026888	42.698025	20.207541	42.760778	20.352212	42.635704	21.602949	44.082423	23.481213	43.722612	25.359476	43.362802	25.987003	41.556272	25.806350	41.493520	25.770369	41.305694	23.892105	41.665504	22.641369	40.218786	22.496697	40.343860	22.532678	40.531686
178	#66ccff	#000000	#00000000	#00000000		53.498550	54.701983	18.365258	43.308415	20.243522	42.948604	20.207541	42.760778	20.026888	42.698025	20.654414	40.891496	19.403677	39.444778	18.152939	37.998060	16.274676	38.357871	16.310657	38.545697	16.165985	38.670771	17.416722	40.117489	16.789196	41.924018	16.969849	41.986771	17.114521	41.861697
179	#66ccff	#000000	#00000000	#00000000		53.498550	54.701983	11.456609	41.259241	10.829082	43.065770	11.009735	43.128522	11.154407	43.003448	12.405144	44.450167	14.283407	44.090357	16.161670	43.730546	16.789197	41.924017	16.608544	41.861265	16.572563	41.673438	14.694300	42.033249	13.443563	40.586530	13.298892	40.711604	13.334873	40.899430
180	#A0A0A0	#000000	#00000000	#00000000		53.498550	54.701983	9.167453	43.676159	11.045716	43.316348	11.009735	43.128522	10.829082	43.065770	11.456608	41.259240	10.205871	39.812522	8.955134	38.365804	7.076871	38.725615	7.112852	38.913441	6.968180	39.038515	8.218917	40.485233	7.591391	42.291762	7.772044	42.354515	7.916716	42.229441
181	#66ccff	#000000	#00000000	#00000000		53.498550	54.701983	5.929761	42.902152	7.808025	42.542341	7.772044	42.354515	7.591391	42.291762	8.218917	40.485233	6.968180	39.038515	5.717442	37.591796	3.839179	37.951608	3.875160	38.139434	3.730488	38.264507	4.981226	39.711226	4.353699	41.517755	4.534352	41.580508	4.679024	41.455434
182	#006699	#000000	#00000000	#00000000		53.498550	54.701983	1.960916	38.311418	3.839179	37.951608	3.875160	38.139434	3.730488	38.264507	4.981225	39.711226	4.353698	41.517755	3.726171	43.324284	1.847908	43.684095	1.811927	43.496268	1.631274	43.433516	2.258801	41.626987	1.008064	40.180268	1.152736	40.055194	1.333389	40.117947
183	#ffffff	#000000	#00000000	#00000000		53.498550	54.701983	1.437018	45.741203	2.687755	47.187922	2.832427	47.062848	2.796446	46.875022	4.674709	46.515211	5.302235	44.708681	5.929761	42.902152	4.679024	41.455434	4.534352	41.580508	4.353699	41.517755	3.726173	43.324284	1.847910	43.684095	1.883891	43.871922	2.064544	43.934674
184	#A0A0A0	#000000	#00000000	#00000000		53.498550	54.701983	9.167452	43.676160	7.916716	42.229441	7.772044	42.354515	7.808025	42.542341	5.929761	42.902152	5.302234	44.708681	4.674708	46.515210	5.925444	47.961928	6.070116	47.836855	6.250769	47.899607	6.878296	46.093078	8.756559	45.733268	8.720578	45.545442	8.539925	45.482689
185	#A0A0A0	#000000	#00000000	#00000000		53.498550	54.701983	9.167451	43.676160	8.539925	45.482689	8.720578	45.545442	8.865250	45.420368	10.115987	46.867086	11.994251	46.507275	13.872514	46.147464	14.500040	44.340935	14.319387	44.278182	14.283406	44.090356	12.405143	44.450167	11.154406	43.003449	11.009734	43.128522	11.045715	43.316349
186	#A0A0A0	#000000	#00000000	#00000000		53.498550	54.701983	13.872514	46.147464	15.123250	47.594182	15.267922	47.469109	15.231941	47.281282	17.110205	46.921472	17.737731	45.114943	18.365258	43.308414	17.114521	41.861695	16.969849	41.986769	16.789196	41.924016	16.161670	43.730545	14.283406	44.090356	14.319387	44.278182	14.500040	44.340935
187	#A0A0A0	#000000	#00000000	#00000000		53.498550	54.701983	21.602949	44.082422	20.352212	42.635703	20.207540	42.760777	20.243521	42.948603	18.365258	43.308414	17.737731	45.114943	17.110205	46.921472	18.360941	48.368190	18.505613	48.243117	18.686266	48.305869	19.313793	46.499340	21.192056	46.139530	21.156075	45.951704	20.975422	45.888951
188	#A0A0A0	#000000	#00000000	#00000000		53.498550	54.701983	26.308011	46.553726	26.935537	44.747197	26.754884	44.684444	26.610212	44.809518	25.359475	43.362800	23.481212	43.722611	21.602948	44.082422	20.975422	45.888951	21.156075	45.951704	21.192056	46.139530	23.070320	45.779719	24.321057	47.226437	24.465729	47.101363	24.429748	46.913537
189	#A0A0A0	#000000	#00000000	#00000000		53.498550	54.701983	26.308012	46.553728	24.429749	46.913538	24.465730	47.101364	24.646383	47.164117	24.018856	48.970646	25.269592	50.417365	26.520329	51.864084	28.398593	51.504273	28.362611	51.316447	28.507283	51.191373	27.256547	49.744654	27.884074	47.938125	27.703421	47.875373	27.558749	48.000446
190	#66ccff	#000000	#00000000	#00000000		53.498550	54.701983	27.256547	49.744655	28.507285	51.191373	28.651957	51.066299	28.615976	50.878473	30.494239	50.518662	31.121765	48.712133	31.749291	46.905603	30.498554	45.458885	30.353882	45.583959	30.173229	45.521206	29.545703	47.327736	27.667440	47.687547	27.703421	47.875373	27.884074	47.938125
191	#66ccff	#000000	#00000000	#00000000		53.498550	54.701983	36.454355	49.376907	37.081882	47.570378	36.901229	47.507626	36.756557	47.632699	35.505820	46.185981	33.627557	46.545792	31.749293	46.905602	31.121767	48.712131	31.302420	48.774884	31.338401	48.962710	33.216664	48.602900	34.467401	50.049618	34.612073	49.924544	34.576092	49.736718
192	#006699	#000000	#00000000	#00000000		53.498550	54.701983	33.216664	48.602900	34.467401	50.049618	34.322729	50.174692	34.142076	50.111939	33.514549	51.918468	31.636286	52.278279	29.758023	52.638089	28.507286	51.191371	28.651958	51.066297	28.615977	50.878471	30.494240	50.518660	31.121767	48.712131	31.302420	48.774884	31.338401	48.962710
193	#A0A0A0	#000000	#00000000	#00000000		53.498550	54.701983	26.520329	51.864084	25.892802	53.670613	26.073455	53.733365	26.218127	53.608292	27.468864	55.055010	29.347127	54.695200	31.225390	54.335389	31.852917	52.528860	31.672264	52.466108	31.636283	52.278281	29.758020	52.638092	28.507283	51.191373	28.362611	51.316447	28.398593	51.504273
194	#66ccff	#000000	#00000000	#00000000		53.498550	54.701983	31.225391	54.335389	32.476128	55.782108	32.620799	55.657034	32.584818	55.469208	34.463082	55.109397	35.090608	53.302868	35.718135	51.496339	34.467398	50.049621	34.322726	50.174694	34.142073	50.111942	33.514547	51.918471	31.636283	52.278281	31.672264	52.466108	31.852917	52.528860
195	#ffffff	#000000	#00000000	#00000000		53.498550	54.701983	36.666672	54.687263	38.544935	54.327453	38.508954	54.139627	38.328301	54.076874	38.955828	52.270345	37.705092	50.823626	36.454355	49.376908	34.576092	49.736718	34.612073	49.924544	34.467401	50.049618	35.718138	51.496337	35.090611	53.302866	35.271264	53.365618	35.415935	53.240545
196	#ffffff	#000000	#00000000	#00000000		53.498550	54.701983	32.173926	57.526316	33.424663	58.973034	33.569334	58.847961	33.533353	58.660134	35.411617	58.300324	36.039143	56.493795	36.666670	54.687266	35.415933	53.240547	35.271261	53.365621	35.090608	53.302868	34.463082	55.109397	32.584818	55.469208	32.620799	55.657034	32.801452	55.719787
197	#66ccff	#000000	#00000000	#00000000		53.498550	54.701983	56.096387	55.147914	56.723914	53.341385	56.543261	53.278632	56.398589	53.403706	55.147852	51.956987	53.269588	52.316798	51.391325	52.676609	50.763799	54.483139	50.944452	54.545891	50.980433	54.733718	52.858696	54.373907	54.109433	55.820625	54.254105	55.695551	54.218124	55.507725
198	#ffffff	#000000	#00000000	#00000000		53.498550	54.701983	24.231173	54.281002	26.109436	53.921191	26.073455	53.733365	25.892802	53.670613	26.520328	51.864083	25.269591	50.417365	24.018854	48.970647	22.140590	49.330458	22.176572	49.518284	22.031900	49.643358	23.282637	51.090076	22.655111	52.896605	22.835764	52.959358	22.980436	52.834284
199	#66ccff	#000000	#00000000	#00000000		53.498550	54.701983	24.018857	48.970646	24.646383	47.164117	24.465730	47.101364	24.321058	47.226438	23.070321	45.779720	21.192057	46.139531	19.313794	46.499342	18.686268	48.305871	18.866921	48.368624	18.902902	48.556450	20.781165	48.196639	22.031902	49.643357	22.176574	49.518284	22.140593	49.330457
200	#006699	#000000	#00000000	#00000000		53.498550	54.701983	18.058741	50.112400	18.686268	48.305871	18.866921	48.368624	18.902902	48.556450	20.781165	48.196639	22.031902	49.643358	23.282639	51.090076	22.655112	52.896605	22.474459	52.833853	22.329788	52.958926	21.079051	51.512208	19.200787	51.872019	19.164806	51.684192	19.309478	51.559119
201	#66ccff	#000000	#00000000	#00000000		53.498550	54.701983	17.110204	46.921472	15.231941	47.281283	15.267922	47.469109	15.448575	47.531862	14.821049	49.338391	16.071786	50.785110	17.322523	52.231828	19.200786	51.872017	19.164805	51.684191	19.309477	51.559117	18.058740	50.112399	18.686266	48.305869	18.505613	48.243117	18.360941	48.368190
202	#66ccff	#000000	#00000000	#00000000		53.498550	54.701983	22.027585	54.703134	22.655112	52.896605	22.474459	52.833853	22.329788	52.958926	21.079051	51.512208	19.200788	51.872018	17.322524	52.231829	16.694997	54.038358	16.875650	54.101110	16.911631	54.288936	18.789895	53.929126	20.040631	55.375845	20.185303	55.250771	20.149322	55.062945
203	#ffffff	#000000	#00000000	#00000000		53.498550	54.701983	15.033368	54.648748	16.911631	54.288936	16.875650	54.101110	16.694997	54.038358	17.322523	52.231828	16.071786	50.785110	14.821049	49.338392	12.942785	49.698203	12.978767	49.886029	12.834095	50.011103	14.084832	51.457821	13.457306	53.264350	13.637959	53.327103	13.782631	53.202029
204	#ffffff	#000000	#00000000	#00000000		53.498550	54.701983	14.821049	49.338392	15.448575	47.531863	15.267923	47.469111	15.123251	47.594184	13.872514	46.147466	11.994250	46.507276	10.115987	46.867087	9.488460	48.673616	9.669113	48.736369	9.705094	48.924195	11.583358	48.564384	12.834095	50.011103	12.978767	49.886029	12.942785	49.698203
205	#66ccff	#000000	#00000000	#00000000		53.498550	54.701983	10.115987	46.867087	8.865249	45.420369	8.720577	45.545442	8.756559	45.733269	6.878295	46.093080	6.250769	47.899609	5.623243	49.706138	6.873980	51.152856	7.018652	51.027783	7.199305	51.090535	7.826831	49.284006	9.705094	48.924195	9.669113	48.736369	9.488460	48.673616
206	#006699	#000000	#00000000	#00000000		53.498550	54.701983	8.124717	52.599575	6.873980	51.152856	7.018652	51.027783	7.199305	51.090535	7.826831	49.284006	9.705094	48.924195	11.583358	48.564384	12.834095	50.011102	12.689423	50.136176	12.725404	50.324002	10.847141	50.683813	10.219615	52.490342	10.038962	52.427590	10.002981	52.239764
207	#66ccff	#000000	#00000000	#00000000		53.498550	54.701983	14.084832	51.457821	12.834095	50.011103	12.689423	50.136176	12.725404	50.324003	10.847140	50.683814	10.219614	52.490343	9.592088	54.296872	10.842825	55.743591	10.987497	55.618517	11.168150	55.681270	11.795676	53.874740	13.673940	53.514929	13.637959	53.327103	13.457306	53.264350
208	#66ccff	#000000	#00000000	#00000000		53.498550	54.701983	4.887026	51.825566	4.259500	53.632095	4.440153	53.694848	4.584824	53.569774	5.835561	55.016493	7.713825	54.656682	9.592088	54.296872	10.219615	52.490342	10.038962	52.427590	10.002981	52.239764	8.124717	52.599574	6.873981	51.152856	6.729309	51.277929	6.765290	51.465756
209	#A0A0A0	#000000	#00000000	#00000000		53.498550	54.701983	4.674709	46.515210	2.796446	46.875021	2.832427	47.062847	3.013080	47.125600	2.385553	48.932129	3.636290	50.378847	4.887026	51.825566	6.765290	51.465756	6.729309	51.277929	6.873981	51.152856	5.623244	49.706137	6.250771	47.899608	6.070118	47.836855	5.925446	47.961929
210	#ffffff	#000000	#00000000	#00000000		53.498550	54.701983	2.597870	54.242484	4.476133	53.882674	4.440152	53.694848	4.259499	53.632095	4.887026	51.825566	3.636290	50.378847	2.385553	48.932129	0.507289	49.291939	0.543271	49.479765	0.398599	49.604839	1.649335	51.051558	1.021808	52.858087	1.202461	52.920839	1.347133	52.795766
211	#66ccff	#000000	#00000000	#00000000		53.498550	54.701983	2.385554	48.932129	3.013080	47.125600	2.832427	47.062847	2.687755	47.187921	1.437018	45.741203	-0.441245	46.101014	-2.319509	46.460825	-2.947035	48.267354	-2.766382	48.330106	-2.730401	48.517933	-0.852138	48.158122	0.398600	49.604840	0.543271	49.479766	0.507290	49.291940
212	#ffffff	#000000	#00000000	#00000000		53.498550	54.701983	-3.268045	43.269899	-3.895571	45.076428	-3.714918	45.139181	-3.570246	45.014107	-2.319509	46.460826	-0.441246	46.101014	1.437018	45.741203	2.064544	43.934674	1.883891	43.871922	1.847910	43.684095	-0.030353	44.043906	-1.281091	42.597188	-1.425763	42.722262	-1.389782	42.910088
213	#66ccff	#000000	#00000000	#00000000		53.498550	54.701983	-0.030354	44.043907	1.847909	43.684096	1.811928	43.496270	1.631275	43.433518	2.258802	41.626989	1.008066	40.180270	-0.242671	38.733551	-2.120934	39.093361	-2.084953	39.281188	-2.229625	39.406261	-0.978889	40.852980	-1.606415	42.659509	-1.425763	42.722262	-1.281091	42.597188
214	#006699	#000000	#00000000	#00000000		53.498550	54.701983	6.082033	3.437419	4.203770	3.797230	4.167789	3.609404	4.312461	3.484330	3.061723	2.037612	3.689249	0.231082	4.316776	-1.575447	6.195039	-1.935258	6.231020	-1.747432	6.411673	-1.684679	5.784147	0.121850	7.034884	1.568568	6.890212	1.693642	6.709559	1.630889
215	#66ccff	#000000	#00000000	#00000000		53.498550	54.701983	8.073300	-2.295070	6.195037	-1.935258	6.231018	-1.747431	6.411671	-1.684679	5.784146	0.121851	7.034884	1.568568	8.285622	3.015286	10.163885	2.655474	10.127904	2.467647	10.272575	2.342573	9.021838	0.895856	9.649363	-0.910674	9.468710	-0.973426	9.324038	-0.848352
216	#A0A0A0	#000000	#00000000	#00000000		53.498550	54.701983	11.310991	-1.521065	9.432728	-1.161253	9.468709	-0.973426	9.649362	-0.910674	9.021837	0.895856	10.272575	2.342573	11.523313	3.789291	13.401576	3.429479	13.365595	3.241652	13.510267	3.116579	12.259529	1.669861	12.887054	-0.136669	12.706401	-0.199421	12.561729	-0.074347
217	#ffffff	#000000	#00000000	#00000000		53.498550	54.701983	43.090650	1.340606	43.718177	-0.465923	43.537524	-0.528675	43.392852	-0.403602	42.142115	-1.850320	40.263852	-1.490510	38.385588	-1.130699	37.758062	0.675830	37.938715	0.738583	37.974696	0.926409	39.852959	0.566598	41.103696	2.013317	41.248368	1.888243	41.212387	1.700417
218	#66ccff	#000000	#00000000	#00000000		53.498550	54.701983	45.379808	-1.076313	43.501544	-0.716502	43.537525	-0.528676	43.718178	-0.465924	43.090651	1.340606	44.341388	2.787324	45.592125	4.234043	47.470388	3.874233	47.434407	3.686406	47.579079	3.561333	46.328342	2.114614	46.955869	0.308085	46.775216	0.245332	46.630544	0.370406
219	#66ccff	#000000	#00000000	#00000000		53.498550	54.701983	52.288457	0.972861	52.915983	-0.833668	52.735331	-0.896421	52.590659	-0.771347	51.339922	-2.218066	49.461659	-1.858255	47.583395	-1.498445	46.955868	0.308084	47.136521	0.370837	47.172502	0.558663	49.050766	0.198852	50.301502	1.645571	50.446174	1.520497	50.410193	1.332671
220	#66ccff	#000000	#00000000	#00000000		53.498550	54.701983	38.385580	-1.130698	37.134841	-2.577415	36.990169	-2.452341	37.026151	-2.264514	35.147888	-1.904700	34.520364	-0.098170	33.892841	1.708360	35.143580	3.155076	35.288251	3.030002	35.468904	3.092755	36.096428	1.286225	37.974691	0.926411	37.938710	0.738585	37.758057	0.675832
221	#66ccff	#000000	#00000000	#00000000		53.498550	54.701983	13.514578	-1.943198	12.887053	-0.136668	13.067706	-0.073916	13.212378	-0.198989	14.463116	1.247728	16.341379	0.887916	18.219642	0.528104	18.847167	-1.278426	18.666514	-1.341178	18.630533	-1.529005	16.752269	-1.169193	15.501532	-2.615910	15.356860	-2.490836	15.392841	-2.303010
222	#66ccff	#000000	#00000000	#00000000		53.498550	54.701983	2.113189	-1.153316	0.234926	-0.793505	0.270907	-0.605679	0.451560	-0.542926	-0.175967	1.263603	1.074770	2.710321	2.325506	4.157040	4.203770	3.797230	4.167789	3.609404	4.312461	3.484330	3.061724	2.037611	3.689251	0.231082	3.508598	0.168330	3.363926	0.293403
223	#66ccff	#000000	#00000000	#00000000		53.498550	54.701983	21.457337	1.302112	22.708074	2.748830	22.852746	2.623756	22.816765	2.435930	24.695028	2.076119	25.322554	0.269590	25.950080	-1.536940	24.699343	-2.983658	24.554671	-2.858584	24.374018	-2.921337	23.746492	-1.114808	21.868229	-0.754997	21.904210	-0.567170	22.084863	-0.504418
224	#ffffff	#000000	#00000000	#00000000		53.498550	54.701983	55.671752	44.527204	54.421016	43.080485	54.276344	43.205559	54.312325	43.393385	52.434061	43.753196	51.806534	45.559725	51.179008	47.366254	52.429744	48.812973	52.574416	48.687899	52.755069	48.750651	53.382596	46.944122	55.260859	46.584312	55.224878	46.396486	55.044225	46.333733
225	#006699	#000000	#00000000	#00000000		53.498550	54.701983	52.127543	50.557180	52.755069	48.750651	52.935722	48.813404	52.971703	49.001230	54.849967	48.641420	56.100703	50.088138	57.351440	51.534857	56.723913	53.341386	56.543260	53.278634	56.398588	53.403707	55.147852	51.956988	53.269588	52.316799	53.233607	52.128973	53.378279	52.003899
226	#ffffff	#000000	#00000000	#00000000		53.498550	54.701983	54.510898	36.025922	52.632634	36.385732	52.668615	36.573559	52.849268	36.636311	52.221742	38.442840	53.472479	39.889559	54.723215	41.336277	56.601479	40.976466	56.565498	40.788640	56.710170	40.663567	55.459433	39.216848	56.086959	37.410319	55.906306	37.347566	55.761635	37.472640
227	#006699	#000000	#00000000	#00000000		53.498550	54.701983	53.043527	34.328624	51.792790	32.881905	51.937461	32.756832	52.118114	32.819584	52.745641	31.013055	54.623904	30.653244	56.502167	30.293433	57.752904	31.740151	57.608233	31.865225	57.644214	32.053051	55.765950	32.412862	55.138424	34.219391	54.957771	34.156639	54.921790	33.968812
228	#66ccff	#000000	#00000000	#00000000		53.498550	54.701983	55.034797	28.596137	53.784060	27.149418	53.639388	27.274492	53.675369	27.462318	51.797105	27.822129	51.169579	29.628659	50.542053	31.435188	51.792790	32.881906	51.937462	32.756833	52.118115	32.819585	52.745641	31.013056	54.623905	30.653245	54.587924	30.465419	54.407271	30.402666
229	#A0A0A0	#000000	#00000000	#00000000		53.498550	54.701983	55.738465	7.057224	57.616728	6.697413	57.580747	6.509587	57.400094	6.446835	58.027620	4.640305	56.776883	3.193587	55.526146	1.746869	53.647883	2.106680	53.683864	2.294506	53.539192	2.419580	54.789929	3.866298	54.162403	5.672827	54.343056	5.735580	54.487728	5.610506
230	#66ccff	#000000	#00000000	#00000000		53.498550	54.701983	54.723215	41.336277	54.095688	43.142806	54.276341	43.205559	54.421013	43.080485	55.671750	44.527204	57.550013	44.167394	59.428277	43.807583	60.055804	42.001054	59.875151	41.938302	59.839170	41.750476	57.960906	42.110286	56.710170	40.663567	56.565498	40.788641	56.601479	40.976467
231	#006699	#000000	#00000000	#00000000		53.498550	54.701983	-0.852138	48.158122	0.398600	49.604840	0.253928	49.729914	0.073275	49.667161	-0.554251	51.473690	-2.432515	51.833501	-4.310778	52.193312	-5.561515	50.746594	-5.416843	50.621520	-5.452824	50.433694	-3.574561	50.073883	-2.947035	48.267354	-2.766382	48.330106	-2.730401	48.517933
232	#ffffff	#000000	#00000000	#00000000		53.498550	54.701983	-1.894873	57.081535	-0.644136	58.528253	-0.499464	58.403180	-0.535445	58.215353	1.342818	57.855542	1.970344	56.049013	2.597870	54.242484	1.347133	52.795766	1.202461	52.920839	1.021808	52.858087	0.394282	54.664616	-1.483981	55.024427	-1.448000	55.212253	-1.267347	55.275006
233	#66ccff	#000000	#00000000	#00000000		53.498550	54.701983	-2.843407	53.890609	-1.592670	55.337328	-1.447998	55.212254	-1.483979	55.024428	0.394285	54.664617	1.021811	52.858087	1.649337	51.051558	0.398600	49.604840	0.253928	49.729914	0.073275	49.667161	-0.554251	51.473690	-2.432515	51.833501	-2.396534	52.021328	-2.215881	52.084080
234	#66ccff	#000000	#00000000	#00000000		53.498550	54.701983	5.835561	55.016493	4.584824	53.569774	4.440153	53.694848	4.476134	53.882674	2.597870	54.242485	1.970344	56.049014	1.342818	57.855543	2.593554	59.302262	2.738226	59.177188	2.918879	59.239941	3.546406	57.433411	5.424669	57.073601	5.388688	56.885775	5.208035	56.823022
235	#ffffff	#000000	#00000000	#00000000		53.498550	54.701983	10.540623	57.487798	11.168150	55.681269	10.987497	55.618516	10.842825	55.743590	9.592088	54.296872	7.713825	54.656682	5.835561	55.016493	5.208035	56.823022	5.388688	56.885775	5.424669	57.073601	7.302932	56.713790	8.553669	58.160509	8.698341	58.035435	8.662360	57.847609
236	#ffffff	#000000	#00000000	#00000000		53.498550	54.701983	19.738429	57.120054	20.989166	58.566772	21.133838	58.441698	21.097857	58.253872	22.976121	57.894061	23.603647	56.087532	24.231173	54.281002	22.980436	52.834284	22.835764	52.959358	22.655111	52.896605	22.027585	54.703135	20.149321	55.062946	20.185302	55.250772	20.365955	55.313524
237	#A0A0A0	#000000	#00000000	#00000000		53.498550	54.701983	32.173925	57.526316	32.801452	55.719787	32.620799	55.657034	32.476127	55.782108	31.225390	54.335389	29.347127	54.695200	27.468864	55.055010	26.841337	56.861539	27.021990	56.924292	27.057971	57.112118	28.936234	56.752308	30.186971	58.199026	30.331643	58.073953	30.295662	57.886127
238	#66ccff	#000000	#00000000	#00000000		53.498550	54.701983	27.468864	55.055010	26.218127	53.608292	26.073455	53.733365	26.109436	53.921191	24.231173	54.281002	23.603646	56.087531	22.976119	57.894060	24.226855	59.340778	24.371527	59.215705	24.552180	59.278457	25.179707	57.471928	27.057971	57.112118	27.021990	56.924292	26.841337	56.861539
239	#66ccff	#000000	#00000000	#00000000		53.498550	54.701983	39.904363	55.461271	38.653626	54.014553	38.508954	54.139627	38.544935	54.327453	36.666672	54.687264	36.039146	56.493793	35.411619	58.300322	36.662356	59.747040	36.807028	59.621967	36.987681	59.684719	37.615207	57.878190	39.493471	57.518379	39.457490	57.330553	39.276837	57.267801
240	#ffffff	#000000	#00000000	#00000000		53.498550	54.701983	44.609425	57.932577	45.236952	56.126048	45.056299	56.063295	44.911627	56.188369	43.660890	54.741650	41.782627	55.101461	39.904363	55.461271	39.276837	57.267801	39.457489	57.330553	39.493470	57.518379	41.371734	57.158569	42.622471	58.605287	42.767143	58.480214	42.731162	58.292387
241	#66ccff	#000000	#00000000	#00000000		53.498550	54.701983	49.102169	55.093528	47.851432	53.646810	47.706760	53.771883	47.742742	53.959710	45.864478	54.319520	45.236952	56.126049	44.609425	57.932579	45.860162	59.379297	46.004834	59.254223	46.185487	59.316976	46.813013	57.510447	48.691277	57.150636	48.655295	56.962810	48.474643	56.900057
242	#A0A0A0	#000000	#00000000	#00000000		53.498550	54.701983	53.807231	57.564834	54.434758	55.758305	54.254105	55.695552	54.109433	55.820626	52.858696	54.373907	50.980433	54.733718	49.102169	55.093528	48.474643	56.900057	48.655295	56.962810	48.691277	57.150636	50.569540	56.790826	51.820277	58.237544	51.964949	58.112471	51.928968	57.924644
243	#66ccff	#000000	#00000000	#00000000		53.498550	54.701983	15.033368	54.648748	13.782631	53.202029	13.637959	53.327103	13.673940	53.514929	11.795676	53.874740	11.168150	55.681270	10.540624	57.487799	11.791361	58.934517	11.936033	58.809443	12.116686	58.872196	12.744212	57.065667	14.622476	56.705856	14.586495	56.518029	14.405842	56.455277
244	#A0A0A0	#000000	#00000000	#00000000		53.498550	54.701983	-2.776692	16.420675	-1.525952	17.867391	-1.381281	17.742317	-1.417262	17.554491	0.461001	17.194677	1.088524	15.388147	1.716048	13.581617	0.465309	12.134900	0.320637	12.259974	0.139984	12.197222	-0.487539	14.003752	-2.365802	14.363566	-2.329821	14.551392	-2.149168	14.614145
245	#006699	#000000	#00000000	#00000000		53.498550	54.701983	-2.252802	8.990890	-0.374539	8.631076	-0.338558	8.818902	-0.483229	8.943976	0.767510	10.390692	0.139987	12.197222	-0.487537	14.003753	-2.365799	14.363567	-2.401781	14.175740	-2.582434	14.112988	-1.954911	12.306458	-3.205650	10.859742	-3.060978	10.734668	-2.880325	10.797420
246	#66ccff	#000000	#00000000	#00000000		53.498550	54.701983	0.036354	6.573964	-1.214384	5.127247	-1.359056	5.252321	-1.323075	5.440147	-3.201338	5.799959	-3.828863	7.606489	-4.456388	9.413019	-3.205650	10.859736	-3.060978	10.734662	-2.880325	10.797415	-2.252800	8.990885	-0.374537	8.631073	-0.410518	8.443246	-0.591171	8.380494
247	#A0A0A0	#000000	#00000000	#00000000		53.498550	54.701983	-1.124502	-1.927323	-3.002765	-1.567512	-2.966784	-1.379686	-2.786131	-1.316934	-3.413658	0.489596	-2.162920	1.936314	-0.912183	3.383032	0.966080	3.023221	0.930099	2.835395	1.074771	2.710321	-0.175966	1.263603	0.451560	-0.542926	0.270907	-0.605679	0.126235	-0.480605
248	#66ccff	#000000	#00000000	#00000000		53.498550	54.701983	57.418152	14.064878	59.296415	13.705068	59.260434	13.517241	59.079781	13.454489	59.707308	11.647960	58.456571	10.201241	57.205835	8.754522	55.327571	9.114333	55.363552	9.302159	55.218881	9.427233	56.469617	10.873951	55.842090	12.680480	56.022743	12.743233	56.167415	12.618159
249	#A0A0A0	#000000	#00000000	#00000000		53.498550	54.701983	52.288455	0.972861	53.539192	2.419580	53.683864	2.294506	53.647883	2.106680	55.526146	1.746869	56.153673	-0.059660	56.781199	-1.866189	55.530462	-3.312907	55.385791	-3.187834	55.205138	-3.250586	54.577611	-1.444057	52.699348	-1.084247	52.735329	-0.896420	52.915982	-0.833668
250	#A0A0A0	#000000	#00000000	#00000000		53.498550	54.701983	-1.615824	24.921956	0.262439	24.562142	0.226457	24.374316	0.045804	24.311563	0.673328	22.505033	-0.577412	21.058317	-1.828151	19.611601	-3.706414	19.971415	-3.670433	20.159241	-3.815104	20.284315	-2.564365	21.731031	-3.191888	23.537562	-3.011235	23.600314	-2.866563	23.475240
251	#A0A0A0	#000000	#00000000	#00000000		53.498550	54.701983	19.738429	57.120054	20.365955	55.313524	20.185302	55.250772	20.040630	55.375846	18.789893	53.929127	16.911630	54.288938	15.033367	54.648749	14.405840	56.455279	14.586493	56.518031	14.622474	56.705858	16.500738	56.346046	17.751475	57.792765	17.896147	57.667691	17.860166	57.479865
252	#66ccff	#000000	#00000000	#00000000		53.498550	54.701983	58.087658	49.415427	58.715184	47.608898	58.534532	47.546146	58.389860	47.671219	57.139123	46.224501	55.260859	46.584312	53.382596	46.944122	52.755069	48.750651	52.935722	48.813404	52.971703	49.001230	54.849967	48.641419	56.100704	50.088138	56.245376	49.963064	56.209394	49.775238
