seq_id	start_fill_color	start_stroke_color	done_fill_color	done_stroke_color	footnote	img_width	img_height	px_0	py_0	px_1	py_1	px_2	py_2	px_3	py_3	px_4	py_4	px_5	py_5	px_6	py_6	px_7	py_7	px_8	py_8	px_9	py_9	px_10	py_10	px_11	py_11	px_12	py_12
0	#66ccff	#000000	#00000000	#00000000	Starting tile pattern based on a Tile(1, 10) tiling in a <a href="https://cs.uwaterloo.ca/~csk/hat/examples/animation.gif">looping animated GIF</a> by David Smith, Joseph Samuel Myers, Craig S. Kaplan, and Chaim Goodman-Strauss, used under <a href="http://creativecommons.org/licenses/by/4.0/">CC BY 4.0</a> / This is a recreation of the original rather than a screenshot, and the cropping, colors, and vertical orientation differ slightly from the original.	53.498549	54.701979	20.687783	20.700416	20.916079	20.573373	19.645656	18.290408	17.033339	18.249143	17.037465	17.987911	16.589125	17.719532	16.360829	17.846575	17.631251	20.129541	16.289356	22.371242	16.513527	22.505431	16.509400	22.766663	19.121718	22.807928	20.463613	20.566226
1	#A0A0A0	#000000	#00000000	#00000000		53.498549	54.701979	21.211720	16.182895	20.987549	16.048706	19.645655	18.290408	20.916079	20.573373	20.687783	20.700416	20.679530	21.222879	20.903700	21.357069	22.245594	19.115367	24.857912	19.156630	24.862038	18.895399	25.090335	18.768356	23.819911	16.485391	21.207593	16.444127
2	#ffffff	#000000	#00000000	#00000000		53.498549	54.701979	17.037463	17.987911	17.033337	18.249143	19.645655	18.290407	20.987550	16.048706	21.211720	16.182895	21.668313	15.928811	21.672439	15.667579	19.060122	15.626314	17.789699	13.343348	17.561402	13.470391	17.337232	13.336201	15.995337	15.577903	17.265760	17.860868
3	#ffffff	#000000	#00000000	#00000000		53.498549	54.701979	12.938808	15.007027	12.710511	15.134070	13.980934	17.417036	16.593251	17.458300	16.589125	17.719532	17.037465	17.987911	17.265762	17.860869	15.995339	15.577903	17.337234	13.336202	17.113064	13.202012	17.117191	12.940780	14.504873	12.899515	13.162978	15.141217
4	#66ccff	#000000	#00000000	#00000000		53.498549	54.701979	11.958274	19.778631	11.954147	20.039862	14.566465	20.081128	15.908361	17.839427	16.132531	17.973617	16.589124	17.719532	16.593251	17.458300	13.980934	17.417035	12.710512	15.134068	12.482215	15.261111	12.258045	15.126921	10.916149	17.368622	12.186571	19.651588
5	#006699	#000000	#00000000	#00000000		53.498549	54.701979	16.513526	22.505431	16.509399	22.766663	13.897082	22.725399	12.626659	20.442433	12.398362	20.569475	11.950022	20.301096	11.954149	20.039864	14.566466	20.081129	15.908361	17.839427	16.132531	17.973617	16.360828	17.846574	17.631251	20.129540	16.289356	22.371242
6	#A0A0A0	#000000	#00000000	#00000000		53.498549	54.701979	25.842568	14.123793	25.846694	13.862561	23.234377	13.821298	21.892483	16.063000	21.668313	15.928811	21.211720	16.182895	21.207593	16.444127	23.819911	16.485390	25.090335	18.768355	25.318632	18.641313	25.542802	18.775502	26.884696	16.533800	25.614272	14.250835
7	#66ccff	#000000	#00000000	#00000000		53.498549	54.701979	21.668313	15.928811	21.892483	16.063000	23.234377	13.821298	21.963953	11.538333	22.192249	11.411290	22.200502	10.888827	21.976331	10.754637	20.634437	12.996340	18.022119	12.955077	18.017993	13.216308	17.789697	13.343351	19.060121	15.626316	21.672439	15.667579
8	#006699	#000000	#00000000	#00000000		53.498549	54.701979	21.752161	10.620448	21.976331	10.754637	20.634437	12.996339	18.022119	12.955077	18.017993	13.216308	17.561400	13.470393	17.337230	13.336204	18.679124	11.094502	17.408700	8.811536	17.636996	8.684494	17.641122	8.423262	20.253440	8.464525	21.523864	10.747490
9	#66ccff	#000000	#00000000	#00000000		53.498549	54.701979	17.113064	13.202012	17.337234	13.336202	18.679130	11.094500	17.408707	8.811534	17.637004	8.684492	17.645257	8.162029	17.421086	8.027839	16.079191	10.269540	13.466873	10.228275	13.462747	10.489507	13.234450	10.616550	14.504873	12.899516	17.117191	12.940780
10	#66ccff	#000000	#00000000	#00000000		53.498549	54.701979	12.938807	15.007028	13.162977	15.141217	14.504873	12.899516	13.234450	10.616550	13.462747	10.489507	13.471000	9.967044	13.246830	9.832854	11.904934	12.074556	9.292617	12.033291	9.288490	12.294523	9.060193	12.421565	10.330616	14.704531	12.942934	14.745796
11	#A0A0A0	#000000	#00000000	#00000000		53.498549	54.701979	8.307956	17.066126	8.303830	17.327358	10.916148	17.368623	12.258043	15.126923	12.482214	15.261112	12.938807	15.007028	12.942934	14.745796	10.330616	14.704530	9.060194	12.421564	8.831897	12.548606	8.607727	12.414416	7.265831	14.656117	8.536253	16.939084
12	#ffffff	#000000	#00000000	#00000000		53.498549	54.701979	8.307956	17.066126	8.083786	16.931936	6.741890	19.173637	8.012312	21.456604	7.784016	21.583646	7.775762	22.106109	7.999933	22.240299	9.341828	19.998598	11.954146	20.039864	11.958273	19.778632	12.186569	19.651590	10.916148	17.368623	8.303830	17.327358
13	#ffffff	#000000	#00000000	#00000000		53.498549	54.701979	7.775762	22.106109	7.547466	22.233152	8.817889	24.516118	11.430207	24.557382	11.426080	24.818614	11.874420	25.086993	12.102717	24.959951	10.832294	22.676985	12.174189	20.435283	11.950019	20.301094	11.954145	20.039862	9.341827	19.998597	7.999932	22.240299
14	#66ccff	#000000	#00000000	#00000000		53.498549	54.701979	11.874420	25.086993	11.870294	25.348225	14.482612	25.389488	15.824506	23.147786	16.048676	23.281976	16.505269	23.027891	16.509395	22.766659	13.897077	22.725396	12.626654	20.442431	12.398357	20.569473	12.174187	20.435283	10.832293	22.676985	12.102717	24.959951
15	#A0A0A0	#000000	#00000000	#00000000		53.498549	54.701979	15.524739	27.799496	15.520613	28.060728	18.132931	28.101992	19.474825	25.860290	19.698995	25.994479	20.155588	25.740394	20.159714	25.479163	17.547396	25.437899	16.276972	23.154934	16.048676	23.281976	15.824506	23.147786	14.482612	25.389488	15.753036	27.672454
16	#A0A0A0	#000000	#00000000	#00000000		53.498549	54.701979	20.155588	25.740394	20.379758	25.874584	21.721652	23.632882	20.451228	21.349917	20.679525	21.222874	20.687778	20.700411	20.463608	20.566221	19.121714	22.807923	16.509396	22.766660	16.505269	23.027892	16.276973	23.154934	17.547396	25.437899	20.159714	25.479163
17	#66ccff	#000000	#00000000	#00000000		53.498549	54.701979	20.679525	21.222874	20.451228	21.349917	21.721652	23.632882	24.333970	23.674146	24.329844	23.935378	24.778184	24.203756	25.006481	24.076714	23.736057	21.793749	25.077951	19.552047	24.853781	19.417857	24.857907	19.156625	22.245589	19.115362	20.903695	21.357064
18	#ffffff	#000000	#00000000	#00000000		53.498549	54.701979	20.155588	25.740395	19.927292	25.867437	21.197715	28.150402	23.810033	28.191666	23.805907	28.452898	24.254247	28.721276	24.482544	28.594234	23.212120	26.311269	24.554014	24.069567	24.329844	23.935377	24.333970	23.674145	21.721652	23.632882	20.379758	25.874584
19	#ffffff	#000000	#00000000	#00000000		53.498549	54.701979	24.254247	28.721276	24.250121	28.982508	26.862439	29.023772	28.204333	26.782070	28.428503	26.916259	28.885096	26.662175	28.889222	26.400943	26.276904	26.359679	25.006481	24.076714	24.778184	24.203756	24.554014	24.069567	23.212120	26.311269	24.482544	28.594234
20	#66ccff	#000000	#00000000	#00000000		53.498549	54.701979	28.428503	26.916259	28.204333	26.782070	26.862438	29.023771	28.132861	31.306737	27.904564	31.433780	27.896311	31.956243	28.120482	32.090433	29.462377	29.848731	32.074694	29.889996	32.078821	29.628764	32.307117	29.501722	31.036695	27.218756	28.424377	27.177491
21	#66ccff	#000000	#00000000	#00000000		53.498549	54.701979	28.885096	26.662175	29.109266	26.796364	30.451160	24.554662	29.180737	22.271697	29.409033	22.144655	29.417286	21.622191	29.193116	21.488002	27.851222	23.729704	25.238904	23.688440	25.234778	23.949672	25.006481	24.076714	26.276905	26.359680	28.889222	26.400943
22	#A0A0A0	#000000	#00000000	#00000000		53.498549	54.701979	33.059352	24.857159	33.063479	24.595927	30.451161	24.554663	29.109266	26.796364	28.885096	26.662175	28.428503	26.916259	28.424376	27.177491	31.036694	27.218756	32.307117	29.501722	32.535413	29.374679	32.759583	29.508869	34.101478	27.267168	32.831056	24.984202
23	#66ccff	#000000	#00000000	#00000000		53.498549	54.701979	27.904564	31.433780	28.132861	31.306737	26.862437	29.023772	24.250119	28.982508	24.254245	28.721276	23.805905	28.452898	23.577608	28.579940	24.848032	30.862905	23.506138	33.104607	23.730308	33.238797	23.726182	33.500029	26.338500	33.541292	27.680394	31.299590
24	#006699	#000000	#00000000	#00000000		53.498549	54.701979	23.730308	33.238797	23.726182	33.500029	21.113864	33.458765	19.843440	31.175800	19.615144	31.302842	19.166803	31.034463	19.170930	30.773231	21.783247	30.814495	23.125142	28.572793	23.349312	28.706983	23.577608	28.579940	24.848032	30.862906	23.506138	33.104607
25	#66ccff	#000000	#00000000	#00000000		53.498549	54.701979	19.175058	30.512000	19.170932	30.773232	21.783250	30.814495	23.125143	28.572793	23.349314	28.706982	23.805907	28.452898	23.810033	28.191666	21.197715	28.150403	19.927291	25.867438	19.698995	25.994480	19.474824	25.860291	18.132930	28.101993	19.403355	30.384958
26	#A0A0A0	#000000	#00000000	#00000000		53.498549	54.701979	15.524739	27.799498	15.300569	27.665309	13.958675	29.907011	15.229099	32.189976	15.000803	32.317018	14.992550	32.839482	15.216720	32.973671	16.558614	30.731969	19.170932	30.773232	19.175058	30.512000	19.403355	30.384958	18.132930	28.101993	15.520613	28.060730
27	#A0A0A0	#000000	#00000000	#00000000		53.498549	54.701979	15.524739	27.799498	15.753036	27.672456	14.482611	25.389491	11.870293	25.348229	11.874419	25.086998	11.426078	24.818619	11.197782	24.945661	12.468207	27.228626	11.126314	29.470329	11.350484	29.604518	11.346358	29.865750	13.958676	29.907011	15.300569	27.665309
28	#66ccff	#000000	#00000000	#00000000		53.498549	54.701979	11.350483	29.604516	11.126313	29.470327	9.784419	31.712029	11.054843	33.994994	10.826547	34.122037	10.818294	34.644500	11.042465	34.778689	12.384359	32.536987	14.996676	32.578250	15.000803	32.317018	15.229099	32.189976	13.958675	29.907011	11.346357	29.865748
29	#006699	#000000	#00000000	#00000000		53.498549	54.701979	6.711382	32.186083	6.487212	32.051893	7.829106	29.810191	10.441424	29.851454	10.445550	29.590222	10.902143	29.336137	11.126313	29.470327	9.784419	31.712029	11.054843	33.994994	10.826547	34.122037	10.822421	34.383268	8.210103	34.342006	6.939679	32.059040
30	#A0A0A0	#000000	#00000000	#00000000		53.498549	54.701979	11.426078	24.818619	11.430205	24.557387	8.817887	24.516125	7.475994	26.757828	7.251824	26.623639	6.795231	26.877724	6.791105	27.138956	9.403422	27.180217	10.673847	29.463182	10.902144	29.336140	11.126314	29.470329	12.468207	27.228626	11.197782	24.945661
31	#66ccff	#000000	#00000000	#00000000		53.498549	54.701979	7.251824	26.623639	7.475994	26.757828	8.817887	24.516125	7.547462	22.233161	7.775759	22.106118	7.784011	21.583655	7.559841	21.449466	6.217948	23.691168	3.605630	23.649906	3.601504	23.911138	3.373207	24.038180	4.643632	26.321145	7.255950	26.362407
32	#66ccff	#000000	#00000000	#00000000		53.498549	54.701979	6.795231	26.877724	6.571061	26.743534	5.229168	28.985237	6.499593	31.268202	6.271296	31.395244	6.263044	31.917707	6.487214	32.051897	7.829107	29.810194	10.441425	29.851456	10.445551	29.590225	10.673847	29.463182	9.403422	27.180217	6.791105	27.138955
33	#A0A0A0	#000000	#00000000	#00000000		53.498549	54.701979	2.620976	28.682745	2.616850	28.943976	5.229168	28.985238	6.571060	26.743535	6.795231	26.877724	7.251824	26.623639	7.255950	26.362407	4.643632	26.321146	3.373207	24.038181	3.144910	24.165224	2.920740	24.031034	1.578847	26.272737	2.849273	28.555702
34	#ffffff	#000000	#00000000	#00000000		53.498549	54.701979	2.620976	28.682743	2.396806	28.548554	1.054913	30.790256	2.325338	33.073221	2.097042	33.200263	2.088789	33.722727	2.312959	33.856916	3.654852	31.615214	6.267170	31.656476	6.271296	31.395244	6.499593	31.268202	5.229168	28.985237	2.616850	28.943975
35	#66ccff	#000000	#00000000	#00000000		53.498549	54.701979	-2.001618	30.219381	-2.229914	30.346423	-0.959490	32.629389	1.652827	32.670652	1.648701	32.931884	2.097042	33.200263	2.325338	33.073221	1.054914	30.790256	2.396808	28.548554	2.172638	28.414364	2.176764	28.153132	-0.435553	28.111869	-1.777448	30.353571
36	#006699	#000000	#00000000	#00000000		53.498549	54.701979	-2.085466	35.527745	-2.313763	35.654787	-3.584187	33.371822	-2.242293	31.130120	-2.466464	30.995930	-2.458211	30.473467	-2.229915	30.346424	-0.959490	32.629390	1.652827	32.670653	1.648701	32.931884	1.872871	33.066074	0.530978	35.307776	-2.081340	35.266513
37	#66ccff	#000000	#00000000	#00000000		53.498549	54.701979	1.564853	38.240248	1.789024	38.374437	3.130917	36.132735	1.860492	33.849770	2.088789	33.722727	2.097042	33.200263	1.872871	33.066074	0.530978	35.307776	-2.081340	35.266514	-2.085466	35.527746	-2.313763	35.654788	-1.043338	37.937753	1.568980	37.979016
38	#A0A0A0	#000000	#00000000	#00000000		53.498549	54.701979	-1.477680	25.701861	-1.705977	25.828903	-0.435553	28.111869	2.176764	28.153132	2.172638	28.414364	2.620979	28.682743	2.849275	28.555701	1.578851	26.272735	2.920745	24.031033	2.696575	23.896844	2.700702	23.635612	0.088384	23.594349	-1.253510	25.836050
39	#66ccff	#000000	#00000000	#00000000		53.498549	54.701979	-0.953743	21.184341	-1.182040	21.311383	0.088384	23.594348	2.700702	23.635612	2.696575	23.896844	3.144916	24.165223	3.373212	24.038180	2.102789	21.755215	3.444683	19.513513	3.220513	19.379324	3.224639	19.118092	0.612321	19.076828	-0.729573	21.318530
40	#006699	#000000	#00000000	#00000000		53.498549	54.701979	3.601509	23.911138	3.373213	24.038181	2.102789	21.755215	3.444683	19.513513	3.220513	19.379324	3.228765	18.856860	3.457062	18.729818	4.727486	21.012783	7.339803	21.054047	7.335677	21.315279	7.559847	21.449468	6.217953	23.691170	3.605636	23.649907
41	#A0A0A0	#000000	#00000000	#00000000		53.498549	54.701979	-0.421553	16.144357	-0.645724	16.010167	-1.987618	18.251869	-0.717194	20.534834	-0.945491	20.661877	-0.953743	21.184340	-0.729573	21.318530	0.612321	19.076828	3.224639	19.118092	3.228765	18.856860	3.457062	18.729818	2.186638	16.446852	-0.425680	16.405589
42	#A0A0A0	#000000	#00000000	#00000000		53.498549	54.701979	4.209296	14.085255	4.213422	13.824023	1.601104	13.782760	0.259210	16.024462	0.035040	15.890272	-0.421553	16.144357	-0.425680	16.405589	2.186638	16.446852	3.457062	18.729818	3.685358	18.602775	3.909528	18.736965	5.251423	16.495263	3.980999	14.212298
43	#66ccff	#000000	#00000000	#00000000		53.498549	54.701979	3.685358	18.602775	3.457062	18.729818	4.727485	21.012783	7.339803	21.054047	7.335677	21.315279	7.784017	21.583658	8.012314	21.456615	6.741890	19.173650	8.083784	16.931948	7.859614	16.797758	7.863740	16.536526	5.251423	16.495263	3.909528	18.736965
44	#A0A0A0	#000000	#00000000	#00000000		53.498549	54.701979	4.209296	14.085254	3.980999	14.212297	5.251423	16.495262	7.863740	16.536526	7.859614	16.797758	8.307955	17.066137	8.536251	16.939095	7.265828	14.656129	8.607722	12.414427	8.383552	12.280238	8.387678	12.019006	5.775360	11.977742	4.433466	14.219444
45	#A0A0A0	#000000	#00000000	#00000000		53.498549	54.701979	4.209296	14.085255	4.433466	14.219444	5.775360	11.977742	4.504937	9.694777	4.733233	9.567734	4.741486	9.045271	4.517316	8.911081	3.175422	11.152783	0.563104	11.111519	0.558977	11.372751	0.330681	11.499794	1.601104	13.782759	4.213422	13.824023
46	#66ccff	#000000	#00000000	#00000000		53.498549	54.701979	4.733233	9.567734	4.504937	9.694777	5.775361	11.977742	8.387678	12.019006	8.383552	12.280237	8.831893	12.548616	9.060189	12.421574	7.789765	10.138609	9.131659	7.896907	8.907489	7.762717	8.911615	7.501485	6.299298	7.460222	4.957404	9.701924
47	#66ccff	#000000	#00000000	#00000000		53.498549	54.701979	0.035040	15.890272	0.259210	16.024461	1.601105	13.782759	0.330681	11.499794	0.558977	11.372751	0.567230	10.850288	0.343060	10.716098	-0.998834	12.957800	-3.611152	12.916536	-3.615278	13.177768	-3.843575	13.304811	-2.573151	15.587776	0.039166	15.629040
48	#A0A0A0	#000000	#00000000	#00000000		53.498549	54.701979	4.741486	9.045271	4.969783	8.918228	3.699359	6.635263	1.087041	6.593999	1.091168	6.332767	0.642827	6.064388	0.414531	6.191431	1.684954	8.474396	0.343060	10.716098	0.567230	10.850288	0.563104	11.111520	3.175422	11.152783	4.517316	8.911081
49	#A0A0A0	#000000	#00000000	#00000000		53.498549	54.701979	-3.007492	3.351886	-3.235789	3.478928	-1.965365	5.761894	0.646953	5.803157	0.642827	6.064389	1.091168	6.332767	1.319464	6.205725	0.049040	3.922760	1.390934	1.681058	1.166764	1.546869	1.170890	1.285637	-1.441428	1.244373	-2.783322	3.486075
50	#66ccff	#000000	#00000000	#00000000		53.498549	54.701979	1.091168	6.332767	1.087041	6.593999	3.699359	6.635263	5.041253	4.393561	5.265423	4.527750	5.722016	4.273666	5.726143	4.012434	3.113825	3.971170	1.843401	1.688205	1.615104	1.815247	1.390934	1.681058	0.049040	3.922760	1.319464	6.205725
51	#ffffff	#000000	#00000000	#00000000		53.498549	54.701979	5.265424	4.527750	5.041253	4.393561	3.699358	6.635262	4.969781	8.918228	4.741485	9.045270	4.733232	9.567734	4.957402	9.701923	6.299297	7.460222	8.911615	7.501487	8.915741	7.240255	9.144038	7.113212	7.873615	4.830247	5.261297	4.788982
52	#ffffff	#000000	#00000000	#00000000		53.498549	54.701979	9.896274	2.468652	9.900401	2.207420	7.288083	2.166154	5.946187	4.407855	5.722017	4.273666	5.265424	4.527750	5.261297	4.788982	7.873615	4.830248	9.144037	7.113214	9.372333	6.986172	9.596504	7.120361	10.938400	4.878661	9.667978	2.595694
53	#006699	#000000	#00000000	#00000000		53.498549	54.701979	9.288486	12.294532	9.060189	12.421574	7.789765	10.138609	9.131659	7.896907	8.907489	7.762717	8.915742	7.240254	9.144038	7.113211	10.414462	9.396177	13.026780	9.437440	13.022654	9.698672	13.246824	9.832862	11.904930	12.074563	9.292612	12.033300
54	#66ccff	#000000	#00000000	#00000000		53.498549	54.701979	9.372333	6.986172	9.144037	7.113214	10.414459	9.396180	13.026777	9.437445	13.022650	9.698677	13.470990	9.967056	13.699287	9.840014	12.428865	7.557048	13.770761	5.315347	13.546590	5.181157	13.550717	4.919925	10.938399	4.878660	9.596503	7.120361
55	#66ccff	#000000	#00000000	#00000000		53.498549	54.701979	9.896273	2.468652	9.667977	2.595694	10.938399	4.878660	13.550717	4.919925	13.546590	5.181157	13.994931	5.449536	14.223227	5.322494	12.952805	3.039528	14.294701	0.797826	14.070531	0.663637	14.074657	0.402405	11.462339	0.361140	10.120444	2.602841
56	#006699	#000000	#00000000	#00000000		53.498549	54.701979	14.451524	5.195452	14.223227	5.322494	12.952805	3.039528	14.294701	0.797826	14.070531	0.663637	14.078784	0.141173	14.307081	0.014131	15.577503	2.297097	18.189821	2.338362	18.185694	2.599594	18.409864	2.733784	17.067969	4.975485	14.455651	4.934220
57	#ffffff	#000000	#00000000	#00000000		53.498549	54.701979	13.470990	9.967056	13.466864	10.228288	16.079182	10.269553	17.421077	8.027852	17.645247	8.162042	18.101841	7.907957	18.105967	7.646725	15.493649	7.605460	14.223227	5.322494	13.994931	5.449536	13.770760	5.315347	12.428865	7.557048	13.699287	9.840014
58	#66ccff	#000000	#00000000	#00000000		53.498549	54.701979	18.101841	7.907957	18.326011	8.042147	19.667907	5.800446	18.397484	3.517479	18.625781	3.390437	18.634034	2.867973	18.409864	2.733784	17.067968	4.975485	14.455650	4.934220	14.451524	5.195452	14.223227	5.322494	15.493649	7.605460	18.105967	7.646725
59	#66ccff	#000000	#00000000	#00000000		53.498549	54.701979	22.276098	6.102942	22.280225	5.841711	19.667907	5.800446	18.326011	8.042147	18.101841	7.907957	17.645247	8.162042	17.641121	8.423273	20.253439	8.464539	21.523861	10.747505	21.752158	10.620463	21.976328	10.754652	23.318224	8.512951	22.047801	6.229985
60	#ffffff	#000000	#00000000	#00000000		53.498549	54.701979	18.625781	3.390437	18.397484	3.517479	19.667907	5.800446	22.280224	5.841711	22.276098	6.102943	22.724438	6.371322	22.952735	6.244279	21.682313	3.961313	23.024208	1.719612	22.800038	1.585422	22.804165	1.324191	20.191847	1.282926	18.849951	3.524627
61	#66ccff	#000000	#00000000	#00000000		53.498549	54.701979	22.724438	6.371322	22.720311	6.632554	25.332629	6.673819	26.674525	4.432118	26.898695	4.566307	27.355288	4.312223	27.359415	4.050991	24.747097	4.009726	23.476675	1.726759	23.248378	1.853802	23.024208	1.719612	21.682313	3.961313	22.952735	6.244279
62	#ffffff	#000000	#00000000	#00000000		53.498549	54.701979	19.157973	-1.649547	18.933803	-1.783736	17.591908	0.457965	18.862330	2.740931	18.634034	2.867973	18.625781	3.390437	18.849951	3.524627	20.191846	1.282925	22.804164	1.324190	22.808290	1.062958	23.036587	0.935916	21.766164	-1.347050	19.153846	-1.388315
63	#006699	#000000	#00000000	#00000000		53.498549	54.701979	27.363542	3.789759	27.359415	4.050991	24.747097	4.009726	23.476675	1.726759	23.248378	1.853802	22.800038	1.585423	22.804165	1.324191	25.416482	1.365456	26.758378	-0.876245	26.982548	-0.742055	27.210845	-0.869098	28.481267	1.413868	27.139372	3.655570
64	#A0A0A0	#000000	#00000000	#00000000		53.498549	54.701979	26.374755	9.083828	26.603051	8.956785	25.332630	6.673819	22.720312	6.632553	22.724438	6.371322	22.276098	6.102942	22.047801	6.229985	23.318223	8.512951	21.976327	10.754652	22.200497	10.888841	22.196371	11.150073	24.808689	11.191339	26.150584	8.949638
65	#A0A0A0	#000000	#00000000	#00000000		53.498549	54.701979	25.842563	14.123811	26.066733	14.258001	27.408628	12.016300	26.138205	9.733334	26.366502	9.606291	26.374754	9.083828	26.150584	8.949638	24.808689	11.191339	22.196372	11.150075	22.192245	11.411307	21.963949	11.538349	23.234371	13.821315	25.846689	13.862580
66	#A0A0A0	#000000	#00000000	#00000000		53.498549	54.701979	25.842563	14.123811	25.614266	14.250854	26.884689	16.533820	29.497007	16.575084	29.492880	16.836316	29.941220	17.104695	30.169517	16.977653	28.899094	14.694687	30.240989	12.452985	30.016819	12.318796	30.020945	12.057564	27.408628	12.016300	26.066733	14.258001
67	#66ccff	#000000	#00000000	#00000000		53.498549	54.701979	25.318624	18.641331	25.090327	18.768374	26.360750	21.051340	28.973068	21.092604	28.968942	21.353836	29.417282	21.622215	29.645578	21.495173	28.375155	19.212207	29.717050	16.970506	29.492880	16.836316	29.497007	16.575084	26.884689	16.533820	25.542794	18.775521
68	#006699	#000000	#00000000	#00000000		53.498549	54.701979	25.234772	23.949694	25.006476	24.076737	23.736053	21.793771	25.077948	19.552069	24.853778	19.417880	24.862031	18.895416	25.090327	18.768374	26.360750	21.051340	28.973068	21.092604	28.968942	21.353836	29.193112	21.488026	27.851217	23.729727	25.238899	23.688462
69	#ffffff	#000000	#00000000	#00000000		53.498549	54.701979	29.409033	22.144655	29.180737	22.271697	30.451160	24.554662	33.063478	24.595926	33.059352	24.857158	33.507692	25.125537	33.735989	24.998494	32.465565	22.715529	33.807459	20.473827	33.583289	20.339638	33.587415	20.078406	30.975097	20.037142	29.633203	22.278844
70	#ffffff	#000000	#00000000	#00000000		53.498549	54.701979	29.941225	17.104671	29.717055	16.970481	28.375160	19.212183	29.645583	21.495148	29.417286	21.622191	29.409034	22.144654	29.633203	22.278844	30.975098	20.037143	33.587416	20.078407	33.591543	19.817175	33.819839	19.690133	32.549416	17.407167	29.937099	17.365903
71	#A0A0A0	#000000	#00000000	#00000000		53.498549	54.701979	29.941225	17.104671	29.937099	17.365903	32.549416	17.407167	33.891311	15.165466	34.115481	15.299655	34.572075	15.045571	34.576201	14.784339	31.963884	14.743074	30.693461	12.460108	30.465164	12.587151	30.240994	12.452961	28.899099	14.694663	30.169522	16.977629
72	#006699	#000000	#00000000	#00000000		53.498549	54.701979	34.655926	9.737208	34.880096	9.871398	33.538202	12.113099	30.925884	12.071834	30.921757	12.333066	30.465164	12.587151	30.240994	12.452961	31.582889	10.211260	30.312466	7.928294	30.540763	7.801252	30.544889	7.540020	33.157207	7.581284	34.427630	9.864250
73	#66ccff	#000000	#00000000	#00000000		53.498549	54.701979	30.016823	12.318772	30.240994	12.452961	31.582889	10.211260	30.312466	7.928294	30.540763	7.801252	30.549015	7.278788	30.324845	7.144599	28.982950	9.386300	26.370632	9.345035	26.366506	9.606267	26.138209	9.733310	27.408632	12.016276	30.020950	12.057540
74	#ffffff	#000000	#00000000	#00000000		53.498549	54.701979	26.374759	9.083804	26.370633	9.345036	28.982950	9.386300	30.324845	7.144599	30.549015	7.278788	31.005609	7.024704	31.009735	6.763472	28.397417	6.722207	27.126995	4.439241	26.898698	4.566284	26.674528	4.432094	25.332633	6.673795	26.603056	8.956761
75	#ffffff	#000000	#00000000	#00000000		53.498549	54.701979	31.005609	7.024704	31.229779	7.158893	32.571674	4.917192	31.301251	2.634226	31.529547	2.507184	31.537800	1.984720	31.313630	1.850530	29.971735	4.092232	27.359417	4.050967	27.355291	4.312199	27.126994	4.439241	28.397417	6.722207	31.009735	6.763472
76	#66ccff	#000000	#00000000	#00000000		53.498549	54.701979	31.537800	1.984720	31.766097	1.857678	30.495674	-0.425288	27.883356	-0.466553	27.887483	-0.727785	27.439142	-0.996164	27.210846	-0.869121	28.481269	1.413845	27.139374	3.655546	27.363544	3.789735	27.359417	4.050967	29.971735	4.092232	31.313630	1.850530
77	#A0A0A0	#000000	#00000000	#00000000		53.498549	54.701979	32.061738	-2.532800	31.837568	-2.666990	30.495673	-0.425288	31.766097	1.857677	31.537800	1.984720	31.529547	2.507184	31.753718	2.641373	33.095612	0.399671	35.707930	0.440935	35.712056	0.179703	35.940353	0.052661	34.669929	-2.230304	32.057612	-2.271568
78	#66ccff	#000000	#00000000	#00000000		53.498549	54.701979	31.529547	2.507184	31.301251	2.634226	32.571674	4.917192	35.183992	4.958456	35.179865	5.219688	35.628205	5.488067	35.856502	5.361025	34.586079	3.078059	35.927974	0.836358	35.703804	0.702168	35.707930	0.440936	33.095612	0.399672	31.753717	2.641373
79	#006699	#000000	#00000000	#00000000		53.498549	54.701979	35.703804	0.702168	35.707930	0.440936	38.320248	0.482201	39.590671	2.765167	39.818967	2.638124	40.267307	2.906503	40.263181	3.167735	37.650863	3.126471	36.308968	5.368172	36.084798	5.233982	35.856501	5.361025	34.586079	3.078059	35.927974	0.836358
80	#66ccff	#000000	#00000000	#00000000		53.498549	54.701979	35.179865	5.219688	35.183991	4.958456	32.571674	4.917192	31.229779	7.158893	31.005608	7.024703	30.549015	7.278788	30.544889	7.540020	33.157207	7.581284	34.427630	9.864250	34.655926	9.737208	34.880096	9.871397	36.221991	7.629696	34.951568	5.346730
81	#ffffff	#000000	#00000000	#00000000		53.498549	54.701979	39.278524	8.200570	39.506821	8.073528	38.236397	5.790562	35.624079	5.749299	35.628205	5.488067	35.179865	5.219688	34.951568	5.346730	36.221992	7.629696	34.880098	9.871397	35.104268	10.005587	35.100142	10.266819	37.712460	10.308082	39.054354	8.066381
82	#66ccff	#000000	#00000000	#00000000		53.498549	54.701979	40.259054	3.428964	40.263180	3.167732	37.650862	3.126469	36.308969	5.368172	36.084798	5.233982	35.628205	5.488067	35.624079	5.749299	38.236397	5.790562	39.506821	8.073527	39.735117	7.946485	39.959288	8.080674	41.301181	5.838972	40.030757	3.556007
83	#ffffff	#000000	#00000000	#00000000		53.498549	54.701979	43.909373	6.141467	44.133543	6.275656	45.475437	4.033954	44.205013	1.750988	44.433309	1.623946	44.441562	1.101482	44.217392	0.967293	42.875498	3.208995	40.263180	3.167732	40.259054	3.428964	40.030757	3.556007	41.301181	5.838972	43.913499	5.880235
84	#66ccff	#000000	#00000000	#00000000		53.498549	54.701979	43.909373	6.141467	43.913499	5.880235	41.301181	5.838972	39.959288	8.080674	39.735118	7.946485	39.278525	8.200569	39.274398	8.461801	41.886716	8.503064	43.157140	10.786029	43.385437	10.658987	43.609607	10.793176	44.951501	8.551474	43.681076	6.268509
85	#006699	#000000	#00000000	#00000000		53.498549	54.701979	43.385437	10.658987	43.609607	10.793176	42.267713	13.034879	39.655395	12.993616	39.651269	13.254848	39.194676	13.508932	38.970506	13.374743	40.312400	11.133041	39.041975	8.850076	39.270272	8.723033	39.274398	8.461801	41.886716	8.503064	43.157140	10.786029
86	#66ccff	#000000	#00000000	#00000000		53.498549	54.701979	38.746334	13.240554	38.970505	13.374743	40.312399	11.133042	39.041975	8.850076	39.270271	8.723034	39.278524	8.200570	39.054354	8.066381	37.712460	10.308083	35.100142	10.266819	35.096016	10.528051	34.867719	10.655093	36.138143	12.938059	38.750461	12.979322
87	#66ccff	#000000	#00000000	#00000000		53.498549	54.701979	34.572078	15.045571	34.796249	15.179761	36.138143	12.938059	34.867719	10.655093	35.096016	10.528051	35.104268	10.005587	34.880098	9.871398	33.538204	12.113100	30.925886	12.071836	30.921760	12.333068	30.693463	12.460110	31.963887	14.743076	34.576205	14.784339
88	#ffffff	#000000	#00000000	#00000000		53.498549	54.701979	34.572079	15.045571	34.343782	15.172613	35.614206	17.455578	38.226523	17.496842	38.222397	17.758074	38.670738	18.026453	38.899034	17.899410	37.628611	15.616445	38.970505	13.374743	38.746334	13.240554	38.750461	12.979322	36.138143	12.938059	34.796249	15.179760
89	#66ccff	#000000	#00000000	#00000000		53.498549	54.701979	33.591549	19.817177	33.587422	20.078409	36.199740	20.119672	37.541634	17.877969	37.765804	18.012159	38.222397	17.758074	38.226523	17.496842	35.614206	17.455579	34.343782	15.172614	34.115485	15.299656	33.891315	15.165467	32.549421	17.407169	33.819845	19.690134
90	#006699	#000000	#00000000	#00000000		53.498549	54.701979	38.146801	22.543973	38.142675	22.805205	35.530357	22.763942	34.259933	20.480977	34.031636	20.608019	33.583296	20.339640	33.587422	20.078408	36.199740	20.119671	37.541634	17.877969	37.765804	18.012159	37.994101	17.885116	39.264525	20.168081	37.922631	22.409784
91	#66ccff	#000000	#00000000	#00000000		53.498549	54.701979	33.507692	25.125537	33.503566	25.386769	36.115884	25.428032	37.457778	23.186330	37.681948	23.320520	38.138541	23.066435	38.142668	22.805203	35.530350	22.763940	34.259926	20.480974	34.031629	20.608017	33.807459	20.473827	32.465565	22.715529	33.735989	24.998494
92	#A0A0A0	#000000	#00000000	#00000000		53.498549	54.701979	37.158011	27.838040	37.386308	27.710998	36.115884	25.428032	33.503566	25.386769	33.507692	25.125537	33.059352	24.857158	32.831055	24.984200	34.101479	27.267166	32.759585	29.508867	32.983755	29.643057	32.979629	29.904289	35.591947	29.945552	36.933841	27.703851
93	#66ccff	#000000	#00000000	#00000000		53.498549	54.701979	36.634074	32.355560	36.862370	32.228518	35.591947	29.945553	32.979629	29.904289	32.983755	29.643057	32.535415	29.374678	32.307118	29.501721	33.577542	31.784686	32.235648	34.026388	32.459818	34.160577	32.455692	34.421809	35.068010	34.463073	36.409904	32.221371
94	#006699	#000000	#00000000	#00000000		53.498549	54.701979	32.078821	29.628762	32.307118	29.501720	33.577542	31.784685	32.235648	34.026388	32.459818	34.160577	32.451565	34.683041	32.223269	34.810083	30.952845	32.527118	28.340527	32.485854	28.344653	32.224622	28.120483	32.090433	29.462377	29.848731	32.074695	29.889994
95	#ffffff	#000000	#00000000	#00000000		53.498549	54.701979	36.101884	37.395544	36.326054	37.529734	37.667948	35.288032	36.397525	33.005066	36.625821	32.878024	36.634074	32.355561	36.409904	32.221371	35.068010	34.463073	32.455692	34.421809	32.451565	34.683041	32.223269	34.810083	33.493692	37.093049	36.106010	37.134312
96	#A0A0A0	#000000	#00000000	#00000000		53.498549	54.701979	37.158012	27.838040	36.933842	27.703851	35.591947	29.945552	36.862370	32.228518	36.634074	32.355560	36.625821	32.878024	36.849991	33.012214	38.191886	30.770512	40.804204	30.811776	40.808330	30.550544	41.036626	30.423502	39.766203	28.140536	37.153885	28.099272
97	#A0A0A0	#000000	#00000000	#00000000		53.498549	54.701979	37.158012	27.838040	37.153886	28.099272	39.766203	28.140536	41.108098	25.898835	41.332268	26.033024	41.788861	25.778939	41.792988	25.517708	39.180670	25.476443	37.910247	23.193478	37.681950	23.320520	37.457780	23.186331	36.115885	25.428032	37.386309	27.710998
98	#A0A0A0	#000000	#00000000	#00000000		53.498549	54.701979	41.788861	25.778939	42.013031	25.913129	43.354926	23.671427	42.084503	21.388462	42.312799	21.261419	42.321052	20.738956	42.096882	20.604766	40.754987	22.846468	38.142669	22.805204	38.138543	23.066436	37.910246	23.193478	39.180669	25.476444	41.792988	25.517708
99	#66ccff	#000000	#00000000	#00000000		53.498549	54.701979	42.321052	20.738956	42.549349	20.611913	41.278926	18.328948	38.666608	18.287684	38.670734	18.026452	38.222394	17.758073	37.994097	17.885115	39.264520	20.168081	37.922626	22.409782	38.146796	22.543972	38.142669	22.805204	40.754987	22.846468	42.096882	20.604766
100	#ffffff	#000000	#00000000	#00000000		53.498549	54.701979	38.670734	18.026452	38.666608	18.287684	41.278926	18.328948	42.620820	16.087246	42.844991	16.221435	43.301584	15.967351	43.305710	15.706119	40.693392	15.664855	39.422969	13.381889	39.194673	13.508932	38.970503	13.374742	37.628608	15.616444	38.899031	17.899409
101	#66ccff	#000000	#00000000	#00000000		53.498549	54.701979	43.301584	15.967351	43.525754	16.101540	44.867649	13.859839	43.597226	11.576873	43.825522	11.449831	43.833775	10.927367	43.609605	10.793178	42.267710	13.034879	39.655392	12.993615	39.651265	13.254847	39.422969	13.381889	40.693392	15.664855	43.305710	15.706119
102	#A0A0A0	#000000	#00000000	#00000000		53.498549	54.701979	48.008033	9.122347	48.236329	8.995305	46.965905	6.712340	44.353587	6.671077	44.357713	6.409845	43.909373	6.141467	43.681076	6.268509	44.951501	8.551474	43.609607	10.793176	43.833777	10.927366	43.829651	11.188598	46.441969	11.229860	47.783862	8.988158
103	#66ccff	#000000	#00000000	#00000000		53.498549	54.701979	48.531969	4.604827	48.760265	4.477785	47.489841	2.194819	44.877523	2.153557	44.881649	1.892325	44.433309	1.623946	44.205012	1.750989	45.475436	4.033954	44.133543	6.275656	44.357713	6.409845	44.353587	6.671077	46.965905	6.712340	48.307798	4.470638
104	#006699	#000000	#00000000	#00000000		53.498549	54.701979	48.615816	-0.703536	48.844113	-0.830578	50.114537	1.452387	48.772644	3.694089	48.996814	3.828278	48.988562	4.350742	48.760265	4.477784	47.489841	2.194819	44.877523	2.153557	44.881649	1.892325	44.657479	1.758136	45.999372	-0.483567	48.611690	-0.442304
105	#ffffff	#000000	#00000000	#00000000		53.498549	54.701979	48.008033	9.122347	48.003906	9.383579	50.616224	9.424842	51.958118	7.183140	52.182288	7.317329	52.638881	7.063244	52.643007	6.802012	50.030690	6.760750	48.760265	4.477785	48.531969	4.604827	48.307799	4.470638	46.965905	6.712340	48.236329	8.995305
106	#ffffff	#000000	#00000000	#00000000		53.498549	54.701979	52.638881	7.063244	52.863051	7.197434	54.204945	4.955731	52.934521	2.672766	53.162817	2.545724	53.171070	2.023260	52.946899	1.889071	51.605006	4.130773	48.992688	4.089510	48.988562	4.350742	48.760265	4.477785	50.030689	6.760750	52.643007	6.802012
107	#66ccff	#000000	#00000000	#00000000		53.498549	54.701979	51.650099	12.357313	51.874269	12.491503	53.216163	10.249800	51.945739	7.966835	52.174035	7.839793	52.182288	7.317329	51.958118	7.183140	50.616224	9.424842	48.003906	9.383579	47.999780	9.644811	47.771484	9.771853	49.041908	12.054819	51.654225	12.096082
108	#A0A0A0	#000000	#00000000	#00000000		53.498549	54.701979	47.475843	14.162332	47.700014	14.296521	49.041908	12.054819	47.771484	9.771853	47.999780	9.644811	48.008033	9.122348	47.783862	8.988158	46.441968	11.229860	43.829651	11.188597	43.825524	11.449829	43.597228	11.576872	44.867652	13.859837	47.479970	13.901100
109	#006699	#000000	#00000000	#00000000		53.498549	54.701979	56.289200	9.775747	56.513370	9.909936	55.171477	12.151638	52.559159	12.110375	52.555032	12.371607	52.098439	12.625692	51.874269	12.491503	53.216163	10.249800	51.945739	7.966835	52.174035	7.839793	52.178162	7.578561	54.790479	7.619824	56.060904	9.902789
110	#66ccff	#000000	#00000000	#00000000		53.498549	54.701979	56.813136	5.258226	56.817263	4.996994	54.204945	4.955731	52.863051	7.197434	52.638881	7.063244	52.182288	7.317329	52.178162	7.578561	54.790479	7.619824	56.060904	9.902789	56.289200	9.775747	56.513370	9.909936	57.855264	7.668234	56.584840	5.385269
111	#A0A0A0	#000000	#00000000	#00000000		53.498549	54.701979	47.475843	14.162332	47.247547	14.289374	48.517971	16.572339	51.130289	16.613602	51.126163	16.874834	51.574503	17.143213	51.802800	17.016171	50.532376	14.733206	51.874270	12.491503	51.650099	12.357314	51.654226	12.096082	49.041908	12.054819	47.700014	14.296521
112	#A0A0A0	#000000	#00000000	#00000000		53.498549	54.701979	47.475843	14.162332	47.479970	13.901100	44.867652	13.859837	43.525758	16.101539	43.301588	15.967350	42.844995	16.221435	42.840869	16.482667	45.453186	16.523929	46.723611	18.806895	46.951907	18.679852	47.176077	18.814042	48.517971	16.572339	47.247547	14.289374
113	#A0A0A0	#000000	#00000000	#00000000		53.498549	54.701979	42.844995	16.221435	42.620825	16.087245	41.278931	18.328948	42.549355	20.611913	42.321059	20.738955	42.312806	21.261419	42.536976	21.395608	43.878870	19.153906	46.491188	19.195169	46.495314	18.933937	46.723611	18.806894	45.453186	16.523929	42.840869	16.482667
114	#66ccff	#000000	#00000000	#00000000		53.498549	54.701979	51.126163	16.874834	51.130289	16.613602	48.517971	16.572339	47.176077	18.814042	46.951907	18.679852	46.495314	18.933937	46.491188	19.195169	49.103506	19.236432	50.373930	21.519397	50.602226	21.392355	50.826397	21.526544	52.168290	19.284842	50.897866	17.001877
115	#A0A0A0	#000000	#00000000	#00000000		53.498549	54.701979	55.224822	19.855715	55.453119	19.728673	54.182695	17.445708	51.570377	17.404445	51.574503	17.143213	51.126163	16.874834	50.897866	17.001877	52.168290	19.284842	50.826396	21.526544	51.050566	21.660733	51.046440	21.921965	53.658758	21.963228	55.000652	19.721526
116	#A0A0A0	#000000	#00000000	#00000000		53.498549	54.701979	51.574503	17.143213	51.570377	17.404445	54.182695	17.445708	55.524589	15.204006	55.748759	15.338195	56.205352	15.084110	56.209478	14.822878	53.597160	14.781615	52.326736	12.498650	52.098440	12.625693	51.874270	12.491503	50.532376	14.733206	51.802800	17.016171
117	#006699	#000000	#00000000	#00000000		53.498549	54.701979	46.487061	19.456401	46.491188	19.195169	49.103505	19.236432	50.373930	21.519397	50.602226	21.392355	51.050567	21.660734	51.046440	21.921965	48.434123	21.880702	47.092229	24.122405	46.868058	23.988215	46.639762	24.115258	45.369338	21.832293	46.711232	19.590590
118	#66ccff	#000000	#00000000	#00000000		53.498549	54.701979	42.312806	21.261419	42.084510	21.388461	43.354934	23.671426	45.967252	23.712689	45.963125	23.973921	46.411466	24.242300	46.639762	24.115258	45.369338	21.832292	46.711232	19.590590	46.487061	19.456401	46.491188	19.195169	43.878870	19.153906	42.536976	21.395608
119	#66ccff	#000000	#00000000	#00000000		53.498549	54.701979	51.042314	22.183197	51.046440	21.921965	48.434123	21.880702	47.092229	24.122405	46.868059	23.988215	46.411466	24.242300	46.407339	24.503532	49.019657	24.544795	50.290081	26.827760	50.518378	26.700718	50.742548	26.834907	52.084442	24.593205	50.814017	22.310240
120	#A0A0A0	#000000	#00000000	#00000000		53.498549	54.701979	54.692633	24.895700	54.916803	25.029889	56.258697	22.788187	54.988273	20.505222	55.216570	20.378179	55.224822	19.855716	55.000652	19.721526	53.658758	21.963229	51.046440	21.921966	51.042314	22.183198	50.814017	22.310240	52.084442	24.593205	54.696759	24.634468
121	#A0A0A0	#000000	#00000000	#00000000		53.498549	54.701979	54.692633	24.895699	54.696759	24.634468	52.084442	24.593205	50.742548	26.834907	50.518378	26.700718	50.061785	26.954803	50.057658	27.216035	52.669976	27.257297	53.940400	29.540262	54.168697	29.413220	54.392867	29.547409	55.734761	27.305707	54.464337	25.022742
122	#A0A0A0	#000000	#00000000	#00000000		53.498549	54.701979	50.061785	26.954802	49.837615	26.820613	48.495721	29.062315	49.766145	31.345280	49.537849	31.472323	49.529596	31.994786	49.753766	32.128976	51.095660	29.887273	53.707978	29.928536	53.712104	29.667304	53.940401	29.540262	52.669976	27.257297	50.057659	27.216034
123	#ffffff	#000000	#00000000	#00000000		53.498549	54.701979	50.061785	26.954802	50.290081	26.827760	49.019657	24.544795	46.407339	24.503532	46.411466	24.242300	45.963125	23.973922	45.734829	24.100964	47.005253	26.383929	45.663359	28.625631	45.887529	28.759821	45.883403	29.021052	48.495721	29.062315	49.837615	26.820613
124	#ffffff	#000000	#00000000	#00000000		53.498549	54.701979	45.963125	23.973922	45.967251	23.712690	43.354934	23.671427	42.013040	25.913129	41.788870	25.778940	41.332277	26.033025	41.328150	26.294256	43.940468	26.335519	45.210892	28.618484	45.439189	28.491442	45.663359	28.625631	47.005253	26.383929	45.734829	24.100964
125	#66ccff	#000000	#00000000	#00000000		53.498549	54.701979	41.332277	26.033025	41.108106	25.898835	39.766213	28.140537	41.036637	30.423503	40.808341	30.550545	40.800088	31.073009	41.024258	31.207198	42.366152	28.965496	44.978470	29.006759	44.982596	28.745527	45.210892	28.618484	43.940468	26.335519	41.328150	26.294256
126	#66ccff	#000000	#00000000	#00000000		53.498549	54.701979	45.887529	28.759821	45.663359	28.625631	44.321466	30.867334	45.591890	33.150299	45.363594	33.277341	45.355341	33.799805	45.579512	33.933994	46.921405	31.692291	49.533723	31.733554	49.537849	31.472322	49.766146	31.345280	48.495721	29.062315	45.883403	29.021052
127	#006699	#000000	#00000000	#00000000		53.498549	54.701979	41.248429	31.341388	41.024258	31.207198	42.366152	28.965496	44.978470	29.006759	44.982596	28.745527	45.439189	28.491442	45.663359	28.625631	44.321466	30.867333	45.591890	33.150299	45.363594	33.277341	45.359468	33.538573	42.747150	33.497310	41.476725	31.214345
128	#66ccff	#000000	#00000000	#00000000		53.498549	54.701979	40.724493	35.858908	40.720367	36.120140	43.332685	36.161403	44.674578	33.919700	44.898748	34.053890	45.355341	33.799805	45.359468	33.538573	42.747150	33.497310	41.476725	31.214345	41.248429	31.341388	41.024258	31.207198	39.682365	33.448901	40.952790	35.731866
129	#A0A0A0	#000000	#00000000	#00000000		53.498549	54.701979	36.625833	32.878028	36.397536	33.005070	37.667961	35.288035	40.280279	35.329298	40.276152	35.590529	40.724493	35.858908	40.952790	35.731866	39.682365	33.448901	41.024258	31.207198	40.800088	31.073009	40.804214	30.811777	38.191897	30.770515	36.850003	33.012217
130	#66ccff	#000000	#00000000	#00000000		53.498549	54.701979	40.276152	35.590530	40.280279	35.329298	37.667961	35.288035	36.326068	37.529737	36.101897	37.395548	35.645304	37.649633	35.641178	37.910865	38.253496	37.952128	39.523920	40.235093	39.752217	40.108050	39.976387	40.242240	41.318280	38.000537	40.047856	35.717572
131	#ffffff	#000000	#00000000	#00000000		53.498549	54.701979	31.471049	39.454652	31.466923	39.715884	34.079241	39.757146	35.421134	37.515444	35.645304	37.649633	36.101897	37.395548	36.106023	37.134316	33.493706	37.093054	32.223281	34.810089	31.994985	34.937132	31.770814	34.802942	30.428921	37.044645	31.699345	39.327609
132	#66ccff	#000000	#00000000	#00000000		53.498549	54.701979	31.994985	34.937132	32.223281	34.810089	30.952857	32.527124	28.340539	32.485862	28.344665	32.224630	27.896324	31.956251	27.668028	32.083294	28.938452	34.366259	27.596559	36.607961	27.820729	36.742150	27.816603	37.003382	30.428921	37.044645	31.770814	34.802942
133	#ffffff	#000000	#00000000	#00000000		53.498549	54.701979	27.372389	36.473772	27.596559	36.607961	28.938452	34.366259	27.668028	32.083294	27.896324	31.956251	27.904577	31.433788	27.680407	31.299598	26.338513	33.541301	23.726195	33.500038	23.722069	33.761270	23.493773	33.888312	24.764197	36.171277	27.376515	36.212540
134	#66ccff	#000000	#00000000	#00000000		53.498549	54.701979	19.091221	35.820373	19.087094	36.081605	21.699412	36.122868	23.041306	33.881166	23.265476	34.015355	23.722069	33.761270	23.726195	33.500038	21.113878	33.458775	19.843454	31.175810	19.615157	31.302852	19.390987	31.168663	18.049093	33.410365	19.319517	35.693331
135	#A0A0A0	#000000	#00000000	#00000000		53.498549	54.701979	14.992561	32.839492	14.764264	32.966534	16.034688	35.249499	18.647006	35.290762	18.642880	35.551994	19.091220	35.820373	19.319517	35.693331	18.049093	33.410366	19.390987	31.168663	19.166816	31.034474	19.170943	30.773242	16.558625	30.731979	15.216731	32.973681
136	#ffffff	#000000	#00000000	#00000000		53.498549	54.701979	14.992561	32.839492	14.996687	32.578260	12.384369	32.536996	11.042475	34.778698	10.818305	34.644509	10.361712	34.898593	10.357586	35.159825	12.969903	35.201089	14.240327	37.484054	14.468624	37.357012	14.692794	37.491201	16.034688	35.249500	14.764264	32.966534
137	#66ccff	#000000	#00000000	#00000000		53.498549	54.701979	6.187456	36.703610	6.183330	36.964842	8.795648	37.006106	10.137542	34.764404	10.361712	34.898593	10.818305	34.644509	10.822431	34.383277	8.210113	34.342013	6.939690	32.059048	6.711393	32.186090	6.487223	32.051901	5.145329	34.293603	6.415753	36.576568
138	#ffffff	#000000	#00000000	#00000000		53.498549	54.701979	2.088797	33.722728	1.860500	33.849771	3.130924	36.132736	5.743242	36.173999	5.739116	36.435231	6.187456	36.703610	6.415753	36.576568	5.145329	34.293602	6.487223	32.051901	6.263053	31.917711	6.267179	31.656479	3.654861	31.615216	2.312967	33.856918
139	#ffffff	#000000	#00000000	#00000000		53.498549	54.701979	-3.065995	40.299350	-3.070122	40.560582	-0.457804	40.601845	0.884090	38.360143	1.108260	38.494332	1.564853	38.240248	1.568980	37.979016	-1.043338	37.937753	-2.313762	35.654788	-2.542059	35.781830	-2.766229	35.647641	-4.108123	37.889343	-2.837699	40.172308
140	#66ccff	#000000	#00000000	#00000000		53.498549	54.701979	5.739116	36.435231	5.743242	36.173999	3.130924	36.132736	1.789030	38.374438	1.564860	38.240248	1.108267	38.494333	1.104141	38.755565	3.716458	38.796828	4.986882	41.079794	5.215179	40.952751	5.439349	41.086941	6.781243	38.845239	5.510819	36.562274
141	#A0A0A0	#000000	#00000000	#00000000		53.498549	54.701979	9.837775	39.416113	10.066072	39.289070	8.795648	37.006105	6.183330	36.964842	6.187456	36.703610	5.739116	36.435231	5.510819	36.562274	6.781243	38.845239	5.439349	41.086941	5.663519	41.221130	5.659393	41.482362	8.271711	41.523625	9.613605	39.281923
142	#ffffff	#000000	#00000000	#00000000		53.498549	54.701979	10.361712	34.898592	10.137542	34.764403	8.795648	37.006105	10.066072	39.289070	9.837775	39.416113	9.829523	39.938576	10.053693	40.072765	11.395587	37.831063	14.007905	37.872327	14.012031	37.611095	14.240328	37.484052	12.969904	35.201087	10.357586	35.159824
143	#66ccff	#000000	#00000000	#00000000		53.498549	54.701979	14.468624	37.357012	14.240327	37.484054	15.510751	39.767020	18.123069	39.808283	18.118943	40.069515	18.567283	40.337894	18.795580	40.210852	17.525156	37.927886	18.867050	35.686184	18.642880	35.551995	18.647006	35.290763	16.034688	35.249499	14.692794	37.491201
144	#006699	#000000	#00000000	#00000000		53.498549	54.701979	14.384775	42.665375	14.156478	42.792417	12.886055	40.509452	14.227949	38.267750	14.003778	38.133561	14.012031	37.611097	14.240328	37.484055	15.510751	39.767020	18.123069	39.808283	18.118943	40.069515	18.343113	40.203705	17.001219	42.445406	14.388901	42.404143
145	#ffffff	#000000	#00000000	#00000000		53.498549	54.701979	19.091220	35.820373	18.867050	35.686184	17.525156	37.927886	18.795580	40.210852	18.567283	40.337894	18.559030	40.860357	18.783201	40.994547	20.125095	38.752845	22.737412	38.794109	22.741539	38.532877	22.969835	38.405834	21.699411	36.122869	19.087094	36.081605
146	#66ccff	#000000	#00000000	#00000000		53.498549	54.701979	22.741539	38.532877	22.737412	38.794109	25.349730	38.835372	26.691624	36.593670	26.915794	36.727860	27.372387	36.473775	27.376514	36.212543	24.764196	36.171280	23.493772	33.888314	23.265476	34.015357	23.041305	33.881167	21.699411	36.122869	22.969835	38.405834
147	#006699	#000000	#00000000	#00000000		53.498549	54.701979	27.296791	41.259674	27.292665	41.520906	24.680347	41.479643	23.409923	39.196677	23.181626	39.323720	22.733286	39.055341	22.737412	38.794109	25.349730	38.835372	26.691624	36.593670	26.915794	36.727860	27.144091	36.600817	28.414515	38.883783	27.072621	41.125485
148	#66ccff	#000000	#00000000	#00000000		53.498549	54.701979	31.471049	39.454652	31.699345	39.327610	30.428921	37.044645	27.816603	37.003382	27.820729	36.742150	27.372389	36.473772	27.144092	36.600814	28.414517	38.883779	27.072623	41.125481	27.296794	41.259671	27.292667	41.520902	29.904985	41.562165	31.246879	39.320463
149	#A0A0A0	#000000	#00000000	#00000000		53.498549	54.701979	30.938861	44.494636	31.163031	44.628826	32.504924	42.387123	31.234500	40.104158	31.462796	39.977116	31.471049	39.454652	31.246879	39.320463	29.904985	41.562165	27.292667	41.520902	27.288541	41.782134	27.060245	41.909177	28.330669	44.192142	30.942987	44.233404
150	#66ccff	#000000	#00000000	#00000000		53.498549	54.701979	35.113116	42.689618	35.337286	42.823807	36.679179	40.582105	35.408755	38.299140	35.637051	38.172097	35.645304	37.649634	35.421134	37.515445	34.079240	39.757147	31.466922	39.715884	31.462796	39.977116	31.234500	40.104159	32.504924	42.387123	35.117242	42.428386
151	#006699	#000000	#00000000	#00000000		53.498549	54.701979	39.752217	40.108051	39.976387	40.242240	38.634493	42.483943	36.022176	42.442680	36.018049	42.703912	35.561456	42.957997	35.337286	42.823807	36.679179	40.582105	35.408755	38.299140	35.637051	38.172097	35.641178	37.910866	38.253496	37.952128	39.523920	40.235093
152	#66ccff	#000000	#00000000	#00000000		53.498549	54.701979	39.668369	45.416414	39.892539	45.550603	41.234432	43.308901	39.964008	41.025936	40.192304	40.898893	40.200557	40.376430	39.976387	40.242240	38.634493	42.483943	36.022176	42.442680	36.018049	42.703912	35.789753	42.830954	37.060177	45.113919	39.672495	45.155182
153	#A0A0A0	#000000	#00000000	#00000000		53.498549	54.701979	44.374812	38.571410	44.603109	38.444368	43.332684	36.161403	40.720367	36.120140	40.724493	35.858908	40.276152	35.590530	40.047856	35.717572	41.318280	38.000537	39.976387	40.242240	40.200557	40.376429	40.196431	40.637661	42.808749	40.678923	44.150642	38.437221
154	#ffffff	#000000	#00000000	#00000000		53.498549	54.701979	44.898748	34.053890	44.674578	33.919700	43.332685	36.161403	44.603109	38.444368	44.374812	38.571410	44.366560	39.093874	44.590730	39.228063	45.932624	36.986361	48.544941	37.027623	48.549068	36.766391	48.777364	36.639349	47.506940	34.356384	44.894622	34.315121
155	#ffffff	#000000	#00000000	#00000000		53.498549	54.701979	49.529596	31.994786	49.533723	31.733554	46.921405	31.692292	45.579511	33.933994	45.355341	33.799805	44.898748	34.053890	44.894622	34.315122	47.506940	34.356384	48.777364	36.639349	49.005661	36.512307	49.229831	36.646496	50.571724	34.404794	49.301300	32.121829
156	#66ccff	#000000	#00000000	#00000000		53.498549	54.701979	49.529596	31.994786	49.301300	32.121829	50.571724	34.404794	53.184042	34.446056	53.179916	34.707288	53.628256	34.975667	53.856553	34.848624	52.586128	32.565659	53.928022	30.323957	53.703852	30.189768	53.707978	29.928536	51.095660	29.887273	49.753767	32.128976
157	#66ccff	#000000	#00000000	#00000000		53.498549	54.701979	49.005661	36.512307	48.777364	36.639349	50.047789	38.922314	52.660107	38.963577	52.655980	39.224808	53.104321	39.493187	53.332617	39.366145	52.062193	37.083180	53.404086	34.841477	53.179916	34.707288	53.184042	34.446056	50.571724	34.404794	49.229831	36.646496
158	#006699	#000000	#00000000	#00000000		53.498549	54.701979	48.921813	41.820670	48.693516	41.947712	47.423092	39.664747	48.764985	37.423045	48.540815	37.288855	48.549068	36.766392	48.777364	36.639349	50.047789	38.922314	52.660107	38.963577	52.655980	39.224809	52.880150	39.358998	51.538257	41.600700	48.925939	41.559438
159	#66ccff	#000000	#00000000	#00000000		53.498549	54.701979	52.572133	44.533172	52.796303	44.667361	54.138196	42.425659	52.867772	40.142693	53.096068	40.015651	53.104321	39.493188	52.880150	39.358998	51.538257	41.600701	48.925939	41.559438	48.921813	41.820670	48.693516	41.947712	49.963941	44.230677	52.576259	44.271940
160	#A0A0A0	#000000	#00000000	#00000000		53.498549	54.701979	47.941284	46.592275	47.937158	46.853507	50.549476	46.894769	51.891369	44.653067	52.115539	44.787256	52.572133	44.533171	52.576259	44.271939	49.963941	44.230677	48.693516	41.947712	48.465220	42.074754	48.241050	41.940565	46.899156	44.182267	48.169581	46.465232
161	#66ccff	#000000	#00000000	#00000000		53.498549	54.701979	52.115539	44.787257	51.891369	44.653067	50.549476	46.894769	51.819900	49.177734	51.591604	49.304777	51.583351	49.827240	51.807522	49.961430	53.149415	47.719727	55.761733	47.760990	55.765859	47.499758	55.994156	47.372716	54.723731	45.089751	52.111413	45.048488
162	#ffffff	#000000	#00000000	#00000000		53.498549	54.701979	51.059416	54.344761	51.283586	54.478950	52.625479	52.237248	51.355055	49.954283	51.583351	49.827241	51.591604	49.304777	51.367434	49.170587	50.025540	51.412290	47.413222	51.371027	47.409096	51.632259	47.180800	51.759301	48.451224	54.042266	51.063542	54.083529
163	#ffffff	#000000	#00000000	#00000000		53.498549	54.701979	51.591604	49.304777	51.819900	49.177734	50.549476	46.894769	47.937158	46.853507	47.941284	46.592275	47.492944	46.323896	47.264647	46.450939	48.535072	48.733904	47.193178	50.975606	47.417349	51.109795	47.413222	51.371027	50.025540	51.412290	51.367434	49.170587
164	#A0A0A0	#000000	#00000000	#00000000		53.498549	54.701979	43.842624	43.611396	43.614327	43.738438	44.884752	46.021403	47.497070	46.062665	47.492944	46.323896	47.941284	46.592275	48.169581	46.465232	46.899156	44.182268	48.241049	41.940565	48.016879	41.806376	48.021005	41.545144	45.408687	41.503882	44.066794	43.745585
165	#66ccff	#000000	#00000000	#00000000		53.498549	54.701979	44.366558	39.093875	44.138262	39.220918	45.408687	41.503882	48.021005	41.545144	48.016879	41.806376	48.465219	42.074754	48.693516	41.947712	47.423091	39.664747	48.764983	37.423044	48.540813	37.288855	48.544939	37.027624	45.932621	36.986362	44.590729	39.228065
166	#A0A0A0	#000000	#00000000	#00000000		53.498549	54.701979	43.842622	43.611396	44.066792	43.745585	45.408686	41.503883	44.138262	39.220918	44.366558	39.093875	44.374811	38.571412	44.150641	38.437222	42.808747	40.678924	40.196429	40.637661	40.192303	40.898892	39.964006	41.025935	41.234430	43.308900	43.846748	43.350164
167	#A0A0A0	#000000	#00000000	#00000000		53.498549	54.701979	43.842622	43.611396	43.846748	43.350164	41.234430	43.308900	39.892536	45.550602	39.668366	45.416413	39.211773	45.670497	39.207647	45.931729	41.819964	45.972993	43.090388	48.255958	43.318685	48.128916	43.542855	48.263105	44.884749	46.021403	43.614325	43.738438
168	#66ccff	#000000	#00000000	#00000000		53.498549	54.701979	47.492940	46.323899	47.497067	46.062667	44.884749	46.021403	43.542855	48.263105	43.318685	48.128916	42.862092	48.383000	42.857965	48.644232	45.470283	48.685496	46.740707	50.968461	46.969003	50.841419	47.193174	50.975608	48.535068	48.733906	47.264644	46.450941
169	#006699	#000000	#00000000	#00000000		53.498549	54.701979	42.853839	48.905464	42.857965	48.644232	45.470283	48.685495	46.740707	50.968461	46.969003	50.841419	47.417344	51.109798	47.413218	51.371030	44.800900	51.329766	43.459006	53.571468	43.234835	53.437278	43.006539	53.564321	41.736115	51.281355	43.078009	49.039653
170	#66ccff	#000000	#00000000	#00000000		53.498549	54.701979	47.409096	51.632259	47.413222	51.371027	44.800905	51.329764	43.459011	53.571467	43.234841	53.437278	42.778248	53.691363	42.774122	53.952594	45.386439	53.993857	46.656864	56.276822	46.885160	56.149780	47.109331	56.283969	48.451224	54.042267	47.180800	51.759301
171	#66ccff	#000000	#00000000	#00000000		53.498549	54.701979	38.679583	50.710481	38.451287	50.837523	39.721711	53.120489	42.334028	53.161752	42.329902	53.422984	42.778243	53.691363	43.006539	53.564320	41.736115	51.281355	43.078009	49.039653	42.853839	48.905464	42.857965	48.644232	40.245647	48.602969	38.903753	50.844670
172	#A0A0A0	#000000	#00000000	#00000000		53.498549	54.701979	39.211773	45.670497	38.987603	45.536307	37.645709	47.778009	38.916132	50.060975	38.687836	50.188017	38.679583	50.710481	38.903753	50.844670	40.245647	48.602968	42.857965	48.644232	42.862092	48.383000	43.090388	48.255958	41.819965	45.972992	39.207647	45.931729
173	#ffffff	#000000	#00000000	#00000000		53.498549	54.701979	35.037517	47.475514	35.033391	47.736746	37.645709	47.778009	38.987603	45.536307	39.211773	45.670497	39.668366	45.416412	39.672492	45.155180	37.060174	45.113917	35.789751	42.830952	35.561454	42.957994	35.337284	42.823804	33.995390	45.065506	35.265814	47.348472
174	#ffffff	#000000	#00000000	#00000000		53.498549	54.701979	30.938858	44.494632	30.710561	44.621674	31.980985	46.904639	34.593303	46.945903	34.589177	47.207135	35.037517	47.475514	35.265814	47.348471	33.995390	45.065506	35.337284	42.823804	35.113114	42.689615	35.117240	42.428383	32.504922	42.387119	31.163028	44.628821
175	#A0A0A0	#000000	#00000000	#00000000		53.498549	54.701979	26.308012	46.553740	26.303886	46.814971	28.916204	46.856234	30.258097	44.614532	30.482268	44.748721	30.938861	44.494636	30.942987	44.233404	28.330669	44.192142	27.060245	41.909177	26.831948	42.036219	26.607778	41.902030	25.265884	44.143732	26.536309	46.426697
176	#66ccff	#000000	#00000000	#00000000		53.498549	54.701979	22.657693	43.841238	22.653567	44.102469	25.265885	44.143732	26.607778	41.902030	26.831948	42.036219	27.288541	41.782134	27.292667	41.520902	24.680350	41.479640	23.409925	39.196675	23.181629	39.323717	22.957458	39.189528	21.615565	41.431230	22.885989	43.714195
177	#ffffff	#000000	#00000000	#00000000		53.498549	54.701979	18.559033	40.860357	18.330736	40.987400	19.601161	43.270365	22.213479	43.311627	22.209352	43.572859	22.657693	43.841238	22.885989	43.714195	21.615565	41.431230	22.957458	39.189528	22.733288	39.055339	22.737414	38.794107	20.125096	38.752844	18.783203	40.994547
178	#66ccff	#000000	#00000000	#00000000		53.498549	54.701979	18.035097	45.377878	18.259267	45.512067	19.601161	43.270365	18.330736	40.987400	18.559033	40.860357	18.567285	40.337894	18.343115	40.203704	17.001222	42.445407	14.388904	42.404144	14.384778	42.665376	14.156481	42.792418	15.426906	45.075383	18.039223	45.116646
179	#66ccff	#000000	#00000000	#00000000		53.498549	54.701979	9.829522	39.938576	9.601226	40.065618	10.871650	42.348584	13.483968	42.389847	13.479842	42.651079	13.928182	42.919458	14.156478	42.792415	12.886055	40.509450	14.227949	38.267748	14.003778	38.133559	14.007905	37.872327	11.395587	37.831063	10.053693	40.072765
180	#A0A0A0	#000000	#00000000	#00000000		53.498549	54.701979	9.305586	44.456096	9.529756	44.590286	10.871650	42.348584	9.601226	40.065618	9.829522	39.938576	9.837775	39.416112	9.613605	39.281923	8.271711	41.523625	5.659393	41.482362	5.655267	41.743594	5.426970	41.870636	6.697394	44.153601	9.309712	44.194865
181	#66ccff	#000000	#00000000	#00000000		53.498549	54.701979	5.131330	46.261114	5.355500	46.395304	6.697394	44.153602	5.426970	41.870636	5.655267	41.743594	5.663519	41.221130	5.439349	41.086941	4.097455	43.328643	1.485137	43.287380	1.481011	43.548612	1.252714	43.675654	2.523138	45.958619	5.135456	45.999882
182	#006699	#000000	#00000000	#00000000		53.498549	54.701979	5.215179	40.952752	5.439349	41.086941	4.097455	43.328643	1.485137	43.287380	1.481011	43.548612	1.024418	43.802696	0.800248	43.668507	2.142142	41.426805	0.871718	39.143840	1.100014	39.016798	1.104141	38.755566	3.716459	38.796829	4.986882	41.079794
183	#ffffff	#000000	#00000000	#00000000		53.498549	54.701979	0.500481	48.320216	0.496355	48.581448	3.108673	48.622712	4.450567	46.381010	4.674737	46.515199	5.131330	46.261114	5.135456	45.999882	2.523138	45.958619	1.252714	43.675654	1.024418	43.802696	0.800248	43.668507	-0.541646	45.910209	0.728778	48.193174
184	#A0A0A0	#000000	#00000000	#00000000		53.498549	54.701979	9.305586	44.456096	9.309712	44.194865	6.697394	44.153601	5.355500	46.395303	5.131330	46.261114	4.674737	46.515199	4.670611	46.776431	7.282928	46.817694	8.553352	49.100659	8.781649	48.973617	9.005819	49.107806	10.347713	46.866104	9.077289	44.583139
185	#A0A0A0	#000000	#00000000	#00000000		53.498549	54.701979	9.305586	44.456097	9.077289	44.583139	10.347713	46.866104	12.960031	46.907367	12.955905	47.168599	13.404245	47.436978	13.632542	47.309936	12.362118	45.026970	13.704012	42.785268	13.479841	42.651079	13.483968	42.389847	10.871650	42.348584	9.529756	44.590286
186	#A0A0A0	#000000	#00000000	#00000000		53.498549	54.701979	13.404245	47.436978	13.400119	47.698210	16.012437	47.739473	17.354331	45.497771	17.578501	45.631960	18.035094	45.377876	18.039220	45.116644	15.426902	45.075381	14.156478	42.792415	13.928182	42.919458	13.704012	42.785268	12.362118	45.026970	13.632542	47.309936
187	#A0A0A0	#000000	#00000000	#00000000		53.498549	54.701979	22.209350	43.572859	22.213476	43.311627	19.601158	43.270363	18.259264	45.512065	18.035094	45.377876	17.578501	45.631960	17.574375	45.893192	20.186692	45.934456	21.457116	48.217421	21.685413	48.090379	21.909583	48.224568	23.251477	45.982867	21.981053	43.699901
188	#A0A0A0	#000000	#00000000	#00000000		53.498549	54.701979	26.308009	46.553741	26.536306	46.426699	25.265882	44.143733	22.653564	44.102470	22.657690	43.841238	22.209350	43.572859	21.981053	43.699901	23.251477	45.982867	21.909583	48.224568	22.133753	48.358758	22.129627	48.619990	24.741945	48.661253	26.083839	46.419551
189	#A0A0A0	#000000	#00000000	#00000000		53.498549	54.701979	26.308012	46.553740	26.083842	46.419550	24.741949	48.661253	26.012373	50.944218	25.784077	51.071260	25.775824	51.593724	25.999995	51.727913	27.341888	49.486211	29.954206	49.527473	29.958332	49.266241	30.186629	49.139199	28.916204	46.856234	26.303886	46.814971
190	#66ccff	#000000	#00000000	#00000000		53.498549	54.701979	29.958332	49.266241	29.954206	49.527473	32.566524	49.568736	33.908417	47.327034	34.132587	47.461223	34.589180	47.207138	34.593307	46.945906	31.980989	46.904643	30.710564	44.621678	30.482268	44.748721	30.258097	44.614531	28.916204	46.856234	30.186629	49.139199
191	#66ccff	#000000	#00000000	#00000000		53.498549	54.701979	38.687836	50.188016	38.916133	50.060974	37.645709	47.778009	35.033391	47.736745	35.037517	47.475513	34.589177	47.207135	34.360880	47.334177	35.631304	49.617142	34.289410	51.858844	34.513580	51.993034	34.509454	52.254265	37.121772	52.295529	38.463666	50.053827
192	#006699	#000000	#00000000	#00000000		53.498549	54.701979	34.513580	51.993034	34.509454	52.254266	31.897136	52.213002	30.626712	49.930037	30.398416	50.057079	29.950075	49.788700	29.954202	49.527468	32.566520	49.568732	33.908414	47.327030	34.132584	47.461220	34.360880	47.334177	35.631304	49.617143	34.289410	51.858844
193	#A0A0A0	#000000	#00000000	#00000000		53.498549	54.701979	25.775824	51.593724	25.547528	51.720766	26.817952	54.003731	29.430270	54.044994	29.426144	54.306226	29.874484	54.574604	30.102781	54.447562	28.832356	52.164597	30.174250	49.922894	29.950079	49.788705	29.954206	49.527473	27.341888	49.486211	25.999995	51.727913
194	#66ccff	#000000	#00000000	#00000000		53.498549	54.701979	29.874484	54.574604	29.870358	54.835836	32.482676	54.877098	33.824569	52.635396	34.048740	52.769585	34.505333	52.515500	34.509459	52.254269	31.897141	52.213006	30.626717	49.930041	30.398420	50.057083	30.174250	49.922894	28.832356	52.164597	30.102781	54.447562
195	#ffffff	#000000	#00000000	#00000000		53.498549	54.701979	38.155647	55.228000	38.379817	55.362189	39.721711	53.120487	38.451287	50.837522	38.679584	50.710480	38.687836	50.188016	38.463666	50.053827	37.121772	52.295529	34.509454	52.254265	34.505328	52.515497	34.277031	52.642540	35.547455	54.925505	38.159773	54.966768
196	#ffffff	#000000	#00000000	#00000000		53.498549	54.701979	33.524804	57.287106	33.520678	57.548338	36.132995	57.589600	37.474889	55.347898	37.699059	55.482087	38.155652	55.228002	38.159778	54.966771	35.547461	54.925508	34.277036	52.642543	34.048740	52.769585	33.824569	52.635396	32.482676	54.877098	33.753100	57.160064
197	#66ccff	#000000	#00000000	#00000000		53.498549	54.701979	55.682011	52.808121	55.910308	52.681079	54.639883	50.398114	52.027565	50.356851	52.031692	50.095619	51.583351	49.827241	51.355055	49.954283	52.625479	52.237248	51.283586	54.478950	51.507756	54.613140	51.503630	54.874372	54.115948	54.915634	55.457841	52.673932
198	#ffffff	#000000	#00000000	#00000000		53.498549	54.701979	25.251889	56.111244	25.476059	56.245434	26.817952	54.003731	25.547528	51.720766	25.775824	51.593724	25.784077	51.071260	25.559907	50.937071	24.218013	53.178773	21.605695	53.137510	21.601569	53.398742	21.373273	53.525785	22.643697	55.808750	25.256015	55.850012
199	#66ccff	#000000	#00000000	#00000000		53.498549	54.701979	25.784077	51.071260	26.012373	50.944218	24.741949	48.661253	22.129631	48.619990	22.133757	48.358758	21.685417	48.090379	21.457120	48.217422	22.727545	50.500387	21.385651	52.742089	21.609822	52.876279	21.605695	53.137510	24.218013	53.178773	25.559907	50.937071
200	#006699	#000000	#00000000	#00000000		53.498549	54.701979	21.228824	48.344464	21.457120	48.217422	22.727545	50.500387	21.385651	52.742089	21.609822	52.876279	21.601569	53.398742	21.373273	53.525784	20.102848	51.242819	17.490530	51.201557	17.494656	50.940325	17.270486	50.806136	18.612380	48.564433	21.224697	48.605696
201	#66ccff	#000000	#00000000	#00000000		53.498549	54.701979	17.578501	45.631960	17.354331	45.497771	16.012437	47.739473	17.282861	50.022438	17.054564	50.149481	17.046311	50.671944	17.270481	50.806134	18.612375	48.564432	21.224693	48.605695	21.228820	48.344463	21.457116	48.217421	20.186692	45.934456	17.574375	45.893192
202	#66ccff	#000000	#00000000	#00000000		53.498549	54.701979	21.144976	53.652827	21.373273	53.525784	20.102848	51.242819	17.490530	51.201557	17.494657	50.940325	17.046316	50.671946	16.818020	50.798989	18.088444	53.081954	16.746551	55.323656	16.970721	55.457845	16.966595	55.719077	19.578912	55.760340	20.920806	53.518638
203	#ffffff	#000000	#00000000	#00000000		53.498549	54.701979	16.522380	55.189467	16.746551	55.323656	18.088444	53.081954	16.818020	50.798989	17.046316	50.671946	17.054569	50.149483	16.830398	50.015293	15.488505	52.256996	12.876187	52.215733	12.872061	52.476965	12.643764	52.604007	13.914189	54.886972	16.526507	54.928235
204	#ffffff	#000000	#00000000	#00000000		53.498549	54.701979	17.054569	50.149483	17.282865	50.022440	16.012441	47.739475	13.400123	47.698213	13.404249	47.436981	12.955908	47.168602	12.727612	47.295645	13.998036	49.578610	12.656143	51.820312	12.880313	51.954501	12.876187	52.215733	15.488505	52.256996	16.830398	50.015293
205	#66ccff	#000000	#00000000	#00000000		53.498549	54.701979	12.955908	47.168602	12.960035	46.907370	10.347717	46.866108	9.005824	49.107810	8.781653	48.973621	8.325060	49.227706	8.320934	49.488938	10.933252	49.530200	12.203676	51.813165	12.431973	51.686123	12.656143	51.820312	13.998036	49.578610	12.727612	47.295645
206	#006699	#000000	#00000000	#00000000		53.498549	54.701979	8.316808	49.750170	8.320934	49.488938	10.933252	49.530200	12.203676	51.813165	12.431973	51.686123	12.880313	51.954502	12.876187	52.215734	10.263869	52.174471	8.921976	54.416173	8.697805	54.281984	8.469509	54.409026	7.199084	52.126061	8.540978	49.884359
207	#66ccff	#000000	#00000000	#00000000		53.498549	54.701979	12.872061	52.476965	12.876187	52.215733	10.263869	52.174470	8.921976	54.416173	8.697806	54.281983	8.241213	54.536068	8.237086	54.797300	10.849404	54.838563	12.119829	57.121528	12.348125	56.994486	12.572295	57.128675	13.914189	54.886973	12.643764	52.604007
208	#66ccff	#000000	#00000000	#00000000		53.498549	54.701979	4.142552	51.555188	3.914256	51.682231	5.184680	53.965196	7.796998	54.006458	7.792872	54.267690	8.241212	54.536069	8.469509	54.409026	7.199084	52.126061	8.540978	49.884359	8.316808	49.750170	8.320934	49.488938	5.708616	49.447675	4.366723	51.689378
209	#A0A0A0	#000000	#00000000	#00000000		53.498549	54.701979	4.674741	46.515204	4.450570	46.381015	3.108677	48.622717	4.379101	50.905682	4.150805	51.032725	4.142552	51.555188	4.366723	51.689377	5.708616	49.447675	8.320934	49.488938	8.325060	49.227706	8.553357	49.100664	7.282932	46.817699	4.670614	46.776436
210	#ffffff	#000000	#00000000	#00000000		53.498549	54.701979	3.618617	56.072709	3.842787	56.206898	5.184680	53.965196	3.914256	51.682231	4.142552	51.555188	4.150805	51.032725	3.926635	50.898535	2.584741	53.140238	-0.027577	53.098975	-0.031703	53.360207	-0.259999	53.487249	1.010425	55.770214	3.622743	55.811477
211	#66ccff	#000000	#00000000	#00000000		53.498549	54.701979	4.150805	51.032725	4.379101	50.905682	3.108677	48.622717	0.496359	48.581455	0.500485	48.320223	0.052145	48.051844	-0.176152	48.178886	1.094273	50.461851	-0.247620	52.703554	-0.023450	52.837743	-0.027577	53.098975	2.584741	53.140238	3.926635	50.898535
212	#ffffff	#000000	#00000000	#00000000		53.498549	54.701979	-3.598178	45.339335	-3.826475	45.466378	-2.556051	47.749343	0.056267	47.790606	0.052141	48.051838	0.500481	48.320217	0.728778	48.193174	-0.541646	45.910209	0.800248	43.668507	0.576077	43.534318	0.580204	43.273086	-2.032114	43.231823	-3.374008	45.473525
213	#66ccff	#000000	#00000000	#00000000		53.498549	54.701979	0.576077	43.534318	0.800248	43.668507	2.142142	41.426805	0.871718	39.143840	1.100014	39.016798	1.108267	38.494334	0.884097	38.360145	-0.457797	40.601847	-3.070115	40.560583	-3.074242	40.821815	-3.302538	40.948858	-2.032114	43.231823	0.580204	43.273086
214	#006699	#000000	#00000000	#00000000		53.498549	54.701979	1.615104	1.815247	1.390934	1.681058	2.732828	-0.560644	5.345146	-0.519381	5.349272	-0.780613	5.805865	-1.034697	6.030036	-0.900508	4.688142	1.341194	5.958565	3.624159	5.730269	3.751202	5.726143	4.012434	3.113825	3.971170	1.843401	1.688205
215	#66ccff	#000000	#00000000	#00000000		53.498549	54.701979	6.254211	-0.766318	6.030041	-0.900507	4.688145	1.341193	5.958567	3.624160	5.730270	3.751202	5.722017	4.273666	5.946187	4.407855	7.288083	2.166154	9.900401	2.207420	9.904528	1.946188	10.132824	1.819146	8.862402	-0.463820	6.250085	-0.505086
216	#A0A0A0	#000000	#00000000	#00000000		53.498549	54.701979	10.428467	-2.571332	10.204297	-2.705522	8.862401	-0.463821	10.132823	1.819146	9.904527	1.946188	9.896273	2.468652	10.120444	2.602841	11.462339	0.361140	14.074657	0.402405	14.078784	0.141173	14.307081	0.014131	13.036658	-2.268835	10.424340	-2.310100
217	#ffffff	#000000	#00000000	#00000000		53.498549	54.701979	44.441562	1.101482	44.669858	0.974440	43.399434	-1.308525	40.787116	-1.349788	40.791243	-1.611020	40.342902	-1.879399	40.114606	-1.752356	41.385030	0.530609	40.043136	2.772311	40.267306	2.906500	40.263180	3.167732	42.875498	3.208995	44.217392	0.967293
218	#66ccff	#000000	#00000000	#00000000		53.498549	54.701979	44.965497	-3.416038	44.741326	-3.550227	43.399433	-1.308525	44.669858	0.974440	44.441561	1.101483	44.433309	1.623946	44.657479	1.758135	45.999372	-0.483567	48.611690	-0.442304	48.615816	-0.703536	48.844113	-0.830578	47.573688	-3.113543	44.961370	-3.154806
219	#66ccff	#000000	#00000000	#00000000		53.498549	54.701979	53.171070	2.023260	53.399366	1.896218	52.128942	-0.386747	49.516624	-0.428010	49.520751	-0.689242	49.072410	-0.957621	48.844114	-0.830579	50.114538	1.452387	48.772644	3.694089	48.996815	3.828278	48.992688	4.089510	51.605006	4.130773	52.946899	1.889071
220	#66ccff	#000000	#00000000	#00000000		53.498549	54.701979	40.342906	-1.879396	40.347033	-2.140628	37.734715	-2.181892	36.392820	0.059809	36.168650	-0.074380	35.712056	0.179704	35.707930	0.440936	38.320248	0.482201	39.590671	2.765167	39.818967	2.638124	40.043137	2.772314	41.385032	0.530613	40.114610	-1.752353
221	#66ccff	#000000	#00000000	#00000000		53.498549	54.701979	14.535377	-0.112911	14.307080	0.014131	15.577503	2.297097	18.189821	2.338362	18.185694	2.599594	18.634034	2.867973	18.862331	2.740931	17.591909	0.457965	18.933805	-1.783736	18.709634	-1.917926	18.713761	-2.179158	16.101443	-2.220423	14.759547	0.021278
222	#66ccff	#000000	#00000000	#00000000		53.498549	54.701979	1.698954	-3.493116	1.474784	-3.627305	0.132890	-1.385603	1.403313	0.897362	1.175017	1.024404	1.166764	1.546868	1.390934	1.681057	2.732828	-0.560645	5.345146	-0.519381	5.349272	-0.780613	5.577569	-0.907655	4.307145	-3.190620	1.694828	-3.231884
223	#66ccff	#000000	#00000000	#00000000		53.498549	54.701979	22.808290	1.062958	22.804164	1.324190	25.416482	1.365454	26.758377	-0.876247	26.982547	-0.742057	27.439140	-0.996142	27.443267	-1.257374	24.830949	-1.298638	23.560526	-3.581604	23.332229	-3.454562	23.108059	-3.588751	21.766164	-1.347050	23.036587	0.935916
224	#ffffff	#000000	#00000000	#00000000		53.498549	54.701979	56.746388	42.728153	56.750514	42.466921	54.138196	42.425659	52.796303	44.667361	52.572133	44.533172	52.115539	44.787257	52.111413	45.048488	54.723731	45.089751	55.994156	47.372716	56.222452	47.245674	56.446622	47.379863	57.788516	45.138160	56.518091	42.855195
225	#006699	#000000	#00000000	#00000000		53.498549	54.701979	55.765859	47.499758	55.994156	47.372716	57.264580	49.655681	55.922687	51.897383	56.146857	52.031572	56.138604	52.554036	55.910308	52.681078	54.639883	50.398113	52.027566	50.356851	52.031692	50.095619	51.807522	49.961429	53.149415	47.719727	55.761733	47.760990
226	#ffffff	#000000	#00000000	#00000000		53.498549	54.701979	53.628256	34.975667	53.404086	34.841478	52.062193	37.083180	53.332617	39.366145	53.104321	39.493187	53.096068	40.015651	53.320239	40.149840	54.662132	37.908138	57.274450	37.949400	57.278576	37.688169	57.506873	37.561126	56.236448	35.278161	53.624130	35.236899
227	#006699	#000000	#00000000	#00000000		53.498549	54.701979	53.703851	30.189768	53.707978	29.928536	56.320296	29.969799	57.590720	32.252764	57.819016	32.125722	58.267357	32.394100	58.263230	32.655332	55.650913	32.614069	54.309019	34.855772	54.084849	34.721582	53.856552	34.848625	52.586128	32.565660	53.928022	30.323957
228	#66ccff	#000000	#00000000	#00000000		53.498549	54.701979	58.342953	27.608201	58.347079	27.346970	55.734761	27.305707	54.392867	29.547409	54.168697	29.413220	53.712104	29.667304	53.707978	29.928536	56.320296	29.969799	57.590720	32.252764	57.819016	32.125722	58.043186	32.259911	59.385080	30.018209	58.114656	27.735244
229	#A0A0A0	#000000	#00000000	#00000000		53.498549	54.701979	56.813136	5.258226	57.037307	5.392416	58.379200	3.150713	57.108776	0.867748	57.337073	0.740706	57.345325	0.218242	57.121155	0.084053	55.779261	2.325755	53.166943	2.284492	53.162817	2.545724	52.934521	2.672766	54.204945	4.955731	56.817263	4.996994
230	#66ccff	#000000	#00000000	#00000000		53.498549	54.701979	53.096068	40.015651	52.867772	40.142693	54.138195	42.425659	56.750513	42.466922	56.746387	42.728154	57.194728	42.996533	57.423024	42.869491	56.152600	40.586525	57.494494	38.344823	57.270324	38.210634	57.274450	37.949402	54.662132	37.908139	53.320238	40.149840
231	#006699	#000000	#00000000	#00000000		53.498549	54.701979	-0.023450	52.837743	-0.027577	53.098975	-2.639894	53.057712	-3.910318	50.774747	-4.138615	50.901789	-4.586955	50.633410	-4.582829	50.372178	-1.970511	50.413441	-0.628617	48.171739	-0.404447	48.305928	-0.176151	48.178886	1.094273	50.461851	-0.247620	52.703554
232	#ffffff	#000000	#00000000	#00000000		53.498549	54.701979	-1.012231	58.131812	-1.016358	58.393044	1.595960	58.434307	2.937853	56.192604	3.162024	56.326794	3.618617	56.072709	3.622743	55.811477	1.010425	55.770214	-0.259999	53.487249	-0.488296	53.614292	-0.712466	53.480102	-2.054359	55.721805	-0.783935	58.004770
233	#66ccff	#000000	#00000000	#00000000		53.498549	54.701979	-4.662551	55.419310	-4.666678	55.680542	-2.054360	55.721805	-0.712466	53.480102	-0.488296	53.614292	-0.031703	53.360207	-0.027577	53.098975	-2.639894	53.057712	-3.910318	50.774747	-4.138615	50.901789	-4.362785	50.767600	-5.704679	53.009302	-4.434255	55.292267
234	#66ccff	#000000	#00000000	#00000000		53.498549	54.701979	7.792872	54.267690	7.796998	54.006458	5.184680	53.965196	3.842787	56.206898	3.618617	56.072709	3.162024	56.326794	3.157898	56.588026	5.770215	56.629288	7.040640	58.912253	7.268937	58.785211	7.493107	58.919400	8.835000	56.677698	7.564575	54.394733
235	#ffffff	#000000	#00000000	#00000000		53.498549	54.701979	11.891532	57.248569	12.119829	57.121527	10.849404	54.838562	8.237086	54.797300	8.241212	54.536069	7.792872	54.267690	7.564575	54.394732	8.835000	56.677697	7.493107	58.919400	7.717278	59.053589	7.713151	59.314821	10.325469	59.356083	11.667362	57.114380
236	#ffffff	#000000	#00000000	#00000000		53.498549	54.701979	20.621040	58.170348	20.616914	58.431579	23.229232	58.472842	24.571125	56.231140	24.795296	56.365329	25.251889	56.111244	25.256015	55.850012	22.643697	55.808749	21.373273	53.525785	21.144976	53.652827	20.920806	53.518638	19.578912	55.760340	20.849337	58.043305
237	#A0A0A0	#000000	#00000000	#00000000		53.498549	54.701979	33.524804	57.287105	33.753101	57.160062	32.482676	54.877098	29.870358	54.835836	29.874484	54.574604	29.426144	54.306226	29.197847	54.433268	30.468272	56.716233	29.126379	58.957935	29.350549	59.092125	29.346423	59.353356	31.958741	59.394618	33.300634	57.152915
238	#66ccff	#000000	#00000000	#00000000		53.498549	54.701979	29.426144	54.306226	29.430270	54.044994	26.817952	54.003731	25.476058	56.245433	25.251888	56.111244	24.795295	56.365328	24.791169	56.626560	27.403487	56.667823	28.673911	58.950788	28.902207	58.823746	29.126378	58.957935	30.468271	56.716233	29.197847	54.433268
239	#66ccff	#000000	#00000000	#00000000		53.498549	54.701979	42.329902	53.422984	42.334028	53.161752	39.721711	53.120489	38.379817	55.362191	38.155646	55.228002	37.699053	55.482087	37.694927	55.743319	40.307245	55.784582	41.577669	58.067547	41.805966	57.940504	42.030136	58.074694	43.372030	55.832992	42.101606	53.550026
240	#ffffff	#000000	#00000000	#00000000		53.498549	54.701979	46.428562	56.403865	46.656858	56.276823	45.386434	53.993858	42.774116	53.952594	42.778243	53.691363	42.329902	53.422984	42.101606	53.550026	43.372029	55.832991	42.030135	58.074693	42.254306	58.208883	42.250179	58.470115	44.862497	58.511378	46.204391	56.269676
241	#66ccff	#000000	#00000000	#00000000		53.498549	54.701979	51.059416	54.344761	51.063542	54.083530	48.451224	54.042267	47.109331	56.283969	46.885160	56.149780	46.428567	56.403865	46.424441	56.665096	49.036759	56.706359	50.307183	58.989324	50.535480	58.862282	50.759650	58.996471	52.101543	56.754769	50.831119	54.471804
242	#A0A0A0	#000000	#00000000	#00000000		53.498549	54.701979	55.158075	57.325643	55.386371	57.198601	54.115947	54.915636	51.503630	54.874372	51.507756	54.613140	51.059415	54.344762	50.831119	54.471804	52.101543	56.754769	50.759649	58.996471	50.983819	59.130660	50.979693	59.391892	53.592011	59.433156	54.933905	57.191454
243	#66ccff	#000000	#00000000	#00000000		53.498549	54.701979	16.522380	55.189467	16.526507	54.928235	13.914189	54.886972	12.572295	57.128674	12.348125	56.994485	11.891532	57.248570	11.887405	57.509802	14.499723	57.551065	15.770147	59.834030	15.998444	59.706987	16.222614	59.841177	17.564508	57.599475	16.294084	55.316509
244	#A0A0A0	#000000	#00000000	#00000000		53.498549	54.701979	-4.595809	17.949374	-4.599936	18.210606	-1.987618	18.251869	-0.645724	16.010167	-0.421553	16.144357	0.035040	15.890272	0.039166	15.629040	-2.573152	15.587777	-3.843576	13.304811	-4.071872	13.431854	-4.296043	13.297664	-5.637937	15.539366	-4.367513	17.822331
245	#006699	#000000	#00000000	#00000000		53.498549	54.701979	0.118890	10.581909	0.343060	10.716098	-0.998834	12.957800	-3.611152	12.916536	-3.615278	13.177768	-4.071871	13.431853	-4.296042	13.297663	-2.954147	11.055962	-4.224571	8.772996	-3.996274	8.645954	-3.992148	8.384722	-1.379830	8.425985	-0.109407	10.708951
246	#66ccff	#000000	#00000000	#00000000		53.498549	54.701979	0.642827	6.064388	0.646953	5.803157	-1.965364	5.761893	-3.307259	8.003595	-3.531429	7.869405	-3.988022	8.123490	-3.992148	8.384722	-1.379830	8.425985	-0.109407	10.708951	0.118890	10.581909	0.343060	10.716098	1.684954	8.474396	0.414531	6.191431
247	#A0A0A0	#000000	#00000000	#00000000		53.498549	54.701979	-2.475302	-1.688099	-2.699472	-1.822288	-4.041366	0.419413	-2.770943	2.702379	-2.999239	2.829421	-3.007492	3.351885	-2.783322	3.486074	-1.441428	1.244372	1.170890	1.285636	1.175017	1.024404	1.403313	0.897362	0.132890	-1.385603	-2.479428	-1.426867
248	#66ccff	#000000	#00000000	#00000000		53.498549	54.701979	56.205352	15.084110	56.429522	15.218299	57.771415	12.976597	56.500991	10.693631	56.729288	10.566589	56.737540	10.044126	56.513370	9.909936	55.171476	12.151639	52.559159	12.110375	52.555032	12.371607	52.326736	12.498650	53.597160	14.781615	56.209478	14.822878
249	#A0A0A0	#000000	#00000000	#00000000		53.498549	54.701979	53.171070	2.023260	53.166943	2.284492	55.779261	2.325755	57.121155	0.084053	57.345325	0.218242	57.801918	-0.035843	57.806045	-0.297074	55.193727	-0.338337	53.923302	-2.621303	53.695006	-2.494260	53.470836	-2.628450	52.128942	-0.386747	53.399366	1.896218
250	#A0A0A0	#000000	#00000000	#00000000		53.498549	54.701979	-1.477681	25.701861	-1.253511	25.836050	0.088383	23.594348	-1.182040	21.311383	-0.953743	21.184341	-0.945491	20.661877	-1.169661	20.527687	-2.511555	22.769389	-5.123873	22.728125	-5.127999	22.989357	-5.356296	23.116399	-4.085873	25.399365	-1.473555	25.440629
251	#A0A0A0	#000000	#00000000	#00000000		53.498549	54.701979	20.621040	58.170348	20.849337	58.043305	19.578912	55.760340	16.966595	55.719077	16.970721	55.457846	16.522380	55.189467	16.294084	55.316509	17.564508	57.599474	16.222615	59.841177	16.446785	59.975366	16.442659	60.236598	19.054977	60.277861	20.396870	58.036158
252	#66ccff	#000000	#00000000	#00000000		53.498549	54.701979	60.321112	50.226554	60.549409	50.099511	59.278984	47.816546	56.666666	47.775284	56.670793	47.514052	56.222452	47.245673	55.994156	47.372716	57.264580	49.655681	55.922687	51.897383	56.146857	52.031572	56.142731	52.292804	58.755049	52.334067	60.096942	50.092364
