seq_id	start_fill_color	start_stroke_color	done_fill_color	done_stroke_color	footnote	img_width	img_height	px_0	py_0	px_1	py_1	px_2	py_2	px_3	py_3	px_4	py_4	px_5	py_5	px_6	py_6	px_7	py_7	px_8	py_8	px_9	py_9	px_10	py_10	px_11	py_11	px_12	py_12
0	#66ccff	#000000	#00000000	#00000000	Starting tile pattern based on a Tile(4, 1) tiling in a <a href="https://cs.uwaterloo.ca/~csk/hat/examples/animation.gif">looping animated GIF</a> by David Smith, Joseph Samuel Myers, Craig S. Kaplan, and Chaim Goodman-Strauss, used under <a href="http://creativecommons.org/licenses/by/4.0/">CC BY 4.0</a> / This is a recreation of the original rather than a screenshot, and the cropping, colors, and vertical orientation differ slightly from the original.	53.498549	54.701979	19.944161	19.680074	20.645654	18.036450	20.234748	17.861077	19.877417	18.129245	18.804743	16.699922	15.256409	17.128525	14.554916	18.772149	14.965822	18.947522	15.019397	19.391064	16.793565	19.176763	17.866238	20.606086	18.223569	20.337918	18.169994	19.894376
1	#A0A0A0	#000000	#00000000	#00000000		53.498549	54.701979	21.955339	17.203233	20.181172	17.417535	20.234747	17.861077	20.645653	18.036450	19.944161	19.680074	22.089508	22.538720	23.863675	22.324418	23.810100	21.880877	24.167431	21.612708	23.094757	20.183385	23.796250	18.539761	23.385344	18.364388	23.028013	18.632556
2	#ffffff	#000000	#00000000	#00000000		53.498549	54.701979	18.804742	16.699923	19.877416	18.129246	20.234747	17.861077	20.181172	17.417535	21.955339	17.203233	23.358324	13.915985	22.285650	12.486662	21.928319	12.754830	21.517413	12.579457	20.815920	14.223081	19.041754	14.437383	19.095329	14.880925	19.506235	15.056298
3	#ffffff	#000000	#00000000	#00000000		53.498549	54.701979	14.116991	14.148373	13.415498	15.791998	13.826404	15.967371	14.183735	15.699202	15.256409	17.128525	18.804743	16.699922	19.506236	15.056298	19.095330	14.880925	19.041754	14.437383	17.267588	14.651685	16.194913	13.222362	15.837583	13.490530	15.891158	13.934072
4	#66ccff	#000000	#00000000	#00000000		53.498549	54.701979	10.702827	19.912463	11.775501	21.341786	12.132832	21.073618	12.079257	20.630076	13.853424	20.415774	15.256409	17.128526	14.183735	15.699202	13.826404	15.967371	13.415498	15.791998	12.714005	17.435622	10.939838	17.649924	10.993414	18.093466	11.404320	18.268839
5	#006699	#000000	#00000000	#00000000		53.498549	54.701979	16.793565	19.176763	17.866239	20.606086	17.508908	20.874255	17.098002	20.698882	16.396509	22.342506	12.848175	22.771109	11.775501	21.341786	12.132832	21.073618	12.079257	20.630076	13.853424	20.415774	14.554916	18.772150	14.965822	18.947523	15.019398	19.391065
6	#A0A0A0	#000000	#00000000	#00000000		53.498549	54.701979	26.508921	14.419295	25.436247	12.989972	25.078916	13.258141	25.132491	13.701683	23.358324	13.915984	21.955338	17.203233	23.028013	18.632556	23.385344	18.364388	23.796250	18.539761	24.497743	16.896136	26.271909	16.681835	26.218334	16.238293	25.807428	16.062920
7	#66ccff	#000000	#00000000	#00000000		53.498549	54.701979	23.358324	13.915984	25.132491	13.701683	25.078916	13.258141	24.668010	13.082768	25.369503	11.439143	23.224155	8.580497	21.449988	8.794798	21.503563	9.238340	21.146233	9.506509	22.218906	10.935832	21.517413	12.579456	21.928319	12.754829	22.285650	12.486661
8	#006699	#000000	#00000000	#00000000		53.498549	54.701979	19.675821	9.009100	21.449988	8.794798	21.503563	9.238340	21.146233	9.506509	22.218906	10.935832	20.815920	14.223080	19.041752	14.437381	18.988177	13.993840	18.577271	13.818467	19.278764	12.174842	18.206091	10.745519	18.563422	10.477351	18.974328	10.652724
9	#66ccff	#000000	#00000000	#00000000		53.498549	54.701979	17.267587	14.651685	19.041754	14.437384	18.988178	13.993843	18.577272	13.818469	19.278766	12.174845	17.133419	9.316198	15.359252	9.530498	15.412828	9.974040	15.055497	10.242209	16.128170	11.671532	15.426676	13.315156	15.837582	13.490530	16.194913	13.222362
10	#66ccff	#000000	#00000000	#00000000		53.498549	54.701979	14.116991	14.148372	15.891158	13.934071	15.837582	13.490530	15.426676	13.315156	16.128170	11.671532	13.982823	8.812886	12.208656	9.027186	12.262231	9.470728	11.904900	9.738896	12.977574	11.168220	12.276080	12.811844	12.686986	12.987217	13.044317	12.719049
11	#A0A0A0	#000000	#00000000	#00000000		53.498549	54.701979	9.563407	16.932308	10.636080	18.361631	10.993411	18.093463	10.939835	17.649921	12.714003	17.435620	14.116990	14.148372	13.044317	12.719049	12.686986	12.987217	12.276080	12.811844	11.574586	14.455468	9.800419	14.669768	9.853994	15.113310	10.264900	15.288684
12	#ffffff	#000000	#00000000	#00000000		53.498549	54.701979	9.563407	16.932308	7.789240	17.146608	7.842815	17.590150	8.253721	17.765524	7.552227	19.409148	9.697574	22.267795	11.471741	22.053494	11.418166	21.609952	11.775496	21.341784	10.702823	19.912461	11.404317	18.268837	10.993411	18.093463	10.636080	18.361631
13	#ffffff	#000000	#00000000	#00000000		53.498549	54.701979	9.697574	22.267795	8.996080	23.911419	9.406986	24.086793	9.764317	23.818624	10.836990	25.247948	14.385324	24.819346	15.086818	23.175722	14.675912	23.000349	14.622337	22.556807	12.848169	22.771108	11.775496	21.341784	11.418165	21.609953	11.471740	22.053494
14	#66ccff	#000000	#00000000	#00000000		53.498549	54.701979	14.385324	24.819346	15.457997	26.248670	15.815328	25.980501	15.761753	25.536959	17.535920	25.322659	18.938908	22.035411	17.866234	20.606087	17.508904	20.874256	17.097998	20.698882	16.396504	22.342506	14.622337	22.556807	14.675912	23.000349	15.086818	23.175722
15	#A0A0A0	#000000	#00000000	#00000000		53.498549	54.701979	15.524741	27.799499	16.597415	29.228822	16.954746	28.960653	16.901170	28.517112	18.675338	28.302810	20.078324	25.015562	19.005650	23.586239	18.648319	23.854407	18.237413	23.679034	17.535920	25.322658	15.761753	25.536960	15.815328	25.980501	16.226235	26.155874
16	#A0A0A0	#000000	#00000000	#00000000		53.498549	54.701979	20.078323	25.015562	21.852490	24.801262	21.798915	24.357720	21.388009	24.182346	22.089503	22.538722	19.944156	19.680075	18.169989	19.894376	18.223564	20.337918	17.866233	20.606086	18.938907	22.035409	18.237413	23.679033	18.648319	23.854407	19.005650	23.586239
17	#66ccff	#000000	#00000000	#00000000		53.498549	54.701979	22.089503	22.538722	21.388009	24.182346	21.798914	24.357720	22.156245	24.089552	23.228919	25.518875	26.777253	25.090274	27.478747	23.446650	27.067841	23.271276	27.014266	22.827734	25.240099	23.042035	24.167426	21.612712	23.810095	21.880880	23.863670	22.324422
18	#ffffff	#000000	#00000000	#00000000		53.498549	54.701979	20.078323	25.015562	19.376829	26.659186	19.787735	26.834560	20.145066	26.566391	21.217740	27.995715	24.766074	27.567114	25.467567	25.923490	25.056661	25.748116	25.003086	25.304574	23.228919	25.518875	22.156246	24.089551	21.798914	24.357720	21.852490	24.801262
19	#ffffff	#000000	#00000000	#00000000		53.498549	54.701979	24.766074	27.567114	25.838747	28.996437	26.196078	28.728269	26.142502	28.284727	27.916669	28.070426	29.319657	24.783178	28.246984	23.353855	27.889653	23.622023	27.478747	23.446649	26.777253	25.090273	25.003086	25.304574	25.056662	25.748116	25.467567	25.923490
20	#66ccff	#000000	#00000000	#00000000		53.498549	54.701979	27.916669	28.070426	26.142502	28.284727	26.196077	28.728269	26.606984	28.903642	25.905490	30.547266	28.050836	33.405913	29.825003	33.191612	29.771428	32.748070	30.128759	32.479902	29.056086	31.050579	29.757580	29.406955	29.346673	29.231581	28.989342	29.499749
21	#66ccff	#000000	#00000000	#00000000		53.498549	54.701979	29.319657	24.783178	31.093824	24.568877	31.040249	24.125336	30.629342	23.949962	31.330836	22.306338	29.185490	19.447691	27.411323	19.661992	27.464898	20.105533	27.107567	20.373702	28.180240	21.803025	27.478746	23.446649	27.889653	23.622023	28.246984	23.353855
22	#A0A0A0	#000000	#00000000	#00000000		53.498549	54.701979	32.470253	25.286490	31.397580	23.857167	31.040249	24.125335	31.093824	24.568877	29.319657	24.783178	27.916669	28.070426	28.989342	29.499749	29.346673	29.231581	29.757580	29.406955	30.459074	27.763331	32.233241	27.549030	32.179666	27.105488	31.768759	26.930114
23	#66ccff	#000000	#00000000	#00000000		53.498549	54.701979	25.905489	30.547266	26.606984	28.903642	26.196078	28.728269	25.838747	28.996437	24.766074	27.567114	21.217739	27.995714	20.516245	29.639338	20.927151	29.814712	20.980727	30.258254	22.754893	30.043953	23.827567	31.473277	24.184898	31.205108	24.131322	30.761567
24	#006699	#000000	#00000000	#00000000		53.498549	54.701979	22.754894	30.043953	23.827567	31.473276	23.470236	31.741444	23.059330	31.566071	22.357837	33.209696	18.809503	33.638298	17.736829	32.208975	18.094160	31.940807	18.040585	31.497265	19.814752	31.282964	20.516245	29.639339	20.927151	29.814713	20.980727	30.258254
25	#66ccff	#000000	#00000000	#00000000		53.498549	54.701979	16.664156	30.779651	17.736829	32.208974	18.094160	31.940805	18.040584	31.497264	19.814752	31.282963	21.217739	27.995715	20.145066	26.566391	19.787735	26.834560	19.376829	26.659186	18.675335	28.302810	16.901168	28.517111	16.954743	28.960653	17.365649	29.136026
26	#A0A0A0	#000000	#00000000	#00000000		53.498549	54.701979	15.524739	27.799498	13.750572	28.013799	13.804147	28.457341	14.215053	28.632714	13.513559	30.276338	15.658906	33.134985	17.433073	32.920684	17.379498	32.477142	17.736829	32.208974	16.664156	30.779651	17.365649	29.136026	16.954743	28.960653	16.597412	29.228821
27	#A0A0A0	#000000	#00000000	#00000000		53.498549	54.701979	15.524739	27.799498	16.226233	26.155874	15.815326	25.980501	15.457995	26.248669	14.385322	24.819346	10.836988	25.247947	10.135495	26.891571	10.546401	27.066944	10.599976	27.510486	12.374143	27.296185	13.446817	28.725509	13.804148	28.457340	13.750572	28.013799
28	#66ccff	#000000	#00000000	#00000000		53.498549	54.701979	12.374143	27.296186	10.599976	27.510486	10.653551	27.954028	11.064457	28.129402	10.362964	29.773026	12.508310	32.631672	14.282478	32.417372	14.228902	31.973830	14.586233	31.705661	13.513560	30.276338	14.215053	28.632714	13.804147	28.457341	13.446816	28.725509
29	#006699	#000000	#00000000	#00000000		53.498549	54.701979	9.965906	32.938768	8.191739	33.153068	8.138164	32.709526	8.495495	32.441358	7.422821	31.012035	8.825809	27.724786	10.599976	27.510486	10.653551	27.954028	11.064457	28.129402	10.362964	29.773026	11.435637	31.202349	11.078306	31.470517	10.667400	31.295144
30	#A0A0A0	#000000	#00000000	#00000000		53.498549	54.701979	10.836988	25.247947	9.764314	23.818624	9.406983	24.086792	9.460559	24.530334	7.686392	24.744635	6.283405	28.031884	7.356079	29.461207	7.713410	29.193038	8.124316	29.368411	8.825809	27.724787	10.599977	27.510486	10.546401	27.066944	10.135495	26.891571
31	#66ccff	#000000	#00000000	#00000000		53.498549	54.701979	7.686391	24.744635	9.460558	24.530334	9.406983	24.086792	8.996077	23.911419	9.697571	22.267795	7.552223	19.409149	5.778056	19.623450	5.831631	20.066992	5.474300	20.335160	6.546974	21.764483	5.845481	23.408107	6.256387	23.583480	6.613718	23.315312
32	#66ccff	#000000	#00000000	#00000000		53.498549	54.701979	6.283405	28.031885	4.509238	28.246187	4.562813	28.689729	4.973720	28.865102	4.272227	30.508726	6.417576	33.367371	8.191743	33.153069	8.138167	32.709527	8.495498	32.441359	7.422824	31.012036	8.124316	29.368412	7.713410	29.193038	7.356079	29.461207
33	#A0A0A0	#000000	#00000000	#00000000		53.498549	54.701979	3.132809	27.528572	4.205482	28.957895	4.562813	28.689727	4.509238	28.246185	6.283405	28.031884	7.686392	24.744635	6.613718	23.315312	6.256387	23.583480	5.845481	23.408107	5.143988	25.051732	3.369821	25.266033	3.423396	25.709575	3.834302	25.884948
34	#ffffff	#000000	#00000000	#00000000		53.498549	54.701979	3.132808	27.528575	1.358642	27.742877	1.412217	28.186419	1.823123	28.361792	1.121631	30.005416	3.266980	32.864061	5.041146	32.649759	4.987571	32.206218	5.344902	31.938049	4.272227	30.508726	4.973720	28.865102	4.562813	28.689729	4.205483	28.957897
35	#66ccff	#000000	#00000000	#00000000		53.498549	54.701979	-3.566122	27.453869	-4.267614	29.097493	-3.856708	29.272866	-3.499377	29.004698	-2.426703	30.434020	1.121631	30.005416	1.823123	28.361792	1.412217	28.186419	1.358642	27.742877	-0.415525	27.957179	-1.488200	26.527856	-1.845530	26.796025	-1.791955	27.239567
36	#006699	#000000	#00000000	#00000000		53.498549	54.701979	0.116383	32.360751	-0.585109	34.004375	-0.996015	33.829002	-1.049591	33.385461	-2.823758	33.599763	-4.969107	30.741117	-4.267614	29.097493	-3.856708	29.272866	-3.499377	29.004697	-2.426703	30.434020	-0.652536	30.219718	-0.598960	30.663260	-0.956291	30.931429
37	#66ccff	#000000	#00000000	#00000000		53.498549	54.701979	1.255802	35.340902	3.029968	35.126600	2.976393	34.683059	2.565487	34.507685	3.266979	32.864061	1.121631	30.005416	-0.652536	30.219718	-0.598961	30.663260	-0.956292	30.931429	0.116383	32.360751	-0.585110	34.004376	-0.174203	34.179749	0.183127	33.911580
38	#A0A0A0	#000000	#00000000	#00000000		53.498549	54.701979	-1.554944	24.977027	-2.256436	26.620651	-1.845530	26.796025	-1.488200	26.527856	-0.415525	27.957179	3.132809	27.528574	3.834301	25.884949	3.423395	25.709576	3.369819	25.266035	1.595652	25.480337	0.522978	24.051014	0.165647	24.319183	0.219223	24.762725
39	#66ccff	#000000	#00000000	#00000000		53.498549	54.701979	0.456233	22.500185	-0.245259	24.143809	0.165647	24.319182	0.522978	24.051014	1.595652	25.480337	5.143986	25.051732	5.845478	23.408107	5.434572	23.232734	5.380996	22.789193	3.606830	23.003495	2.534155	21.574172	2.176824	21.842341	2.230400	22.285883
40	#006699	#000000	#00000000	#00000000		53.498549	54.701979	6.546970	21.764482	5.845478	23.408107	5.434572	23.232734	5.380996	22.789193	3.606829	23.003495	1.461479	20.144851	2.162971	18.501226	2.573877	18.676599	2.931207	18.408431	4.003882	19.837753	5.778049	19.623450	5.831625	20.066992	5.474295	20.335160
41	#A0A0A0	#000000	#00000000	#00000000		53.498549	54.701979	0.322062	17.164698	-1.452105	17.379000	-1.398529	17.822542	-0.987623	17.997915	-1.689115	19.641540	0.456234	22.500184	2.230401	22.285882	2.176825	21.842341	2.534155	21.574172	1.461481	20.144850	2.162973	18.501225	1.752067	18.325852	1.394736	18.594021
42	#A0A0A0	#000000	#00000000	#00000000		53.498549	54.701979	4.875643	14.380759	3.802969	12.951437	3.445638	13.219605	3.499213	13.663147	1.725047	13.877449	0.322062	17.164699	1.394736	18.594021	1.752067	18.325852	2.162973	18.501225	2.864465	16.857600	4.638632	16.643298	4.585057	16.199757	4.174151	16.024384
43	#66ccff	#000000	#00000000	#00000000		53.498549	54.701979	2.864465	16.857600	2.162972	18.501224	2.573878	18.676597	2.931209	18.408429	4.003882	19.837752	7.552216	19.409149	8.253710	17.765525	7.842804	17.590152	7.789228	17.146610	6.015061	17.360911	4.942388	15.931588	4.585057	16.199756	4.638632	16.643298
44	#A0A0A0	#000000	#00000000	#00000000		53.498549	54.701979	4.875645	14.380759	4.174151	16.024383	4.585057	16.199756	4.942388	15.931588	6.015061	17.360911	9.563395	16.932310	10.264889	15.288686	9.853983	15.113312	9.800407	14.669770	8.026240	14.884071	6.953567	13.454748	6.596236	13.722916	6.649812	14.166458
45	#A0A0A0	#000000	#00000000	#00000000		53.498549	54.701979	4.875644	14.380759	6.649811	14.166458	6.596236	13.722916	6.185330	13.547543	6.886823	11.903919	4.741476	9.045273	2.967309	9.259574	3.020884	9.703116	2.663553	9.971284	3.736227	11.400607	3.034733	13.044231	3.445639	13.219604	3.802970	12.951436
46	#66ccff	#000000	#00000000	#00000000		53.498549	54.701979	6.886823	11.903919	6.185330	13.547543	6.596236	13.722916	6.953567	13.454748	8.026241	14.884071	11.574575	14.455469	12.276068	12.811844	11.865162	12.636471	11.811587	12.192929	10.037420	12.407231	8.964746	10.977907	8.607415	11.246076	8.660991	11.689618
47	#66ccff	#000000	#00000000	#00000000		53.498549	54.701979	1.725048	13.877448	3.499215	13.663146	3.445639	13.219604	3.034733	13.044231	3.736226	11.400607	1.590877	8.541962	-0.183290	8.756264	-0.129715	9.199806	-0.487045	9.467974	0.585629	10.897297	-0.115863	12.540921	0.295043	12.716294	0.652374	12.448125
48	#A0A0A0	#000000	#00000000	#00000000		53.498549	54.701979	4.741475	9.045273	5.442969	7.401649	5.032063	7.226276	4.674732	7.494444	3.602059	6.065121	0.053725	6.493722	-0.647769	8.137346	-0.236863	8.312719	-0.183287	8.756261	1.590879	8.541961	2.663553	9.971284	3.020884	9.703116	2.967309	9.259574
49	#A0A0A0	#000000	#00000000	#00000000		53.498549	54.701979	-1.085692	3.513570	-1.787186	5.157194	-1.376280	5.332567	-1.018949	5.064399	0.053724	6.493722	3.602059	6.065121	4.303553	4.421497	3.892647	4.246123	3.839071	3.802581	2.064904	4.016882	0.992231	2.587559	0.634900	2.855727	0.688475	3.299269
50	#66ccff	#000000	#00000000	#00000000		53.498549	54.701979	3.602059	6.065121	4.674732	7.494444	5.032063	7.226276	4.978488	6.782734	6.752655	6.568433	8.155642	3.281185	7.082969	1.851862	6.725638	2.120030	6.314732	1.944656	5.613238	3.588280	3.839072	3.802581	3.892647	4.246123	4.303553	4.421497
51	#ffffff	#000000	#00000000	#00000000		53.498549	54.701979	6.752655	6.568433	4.978487	6.782734	5.032063	7.226276	5.442969	7.401649	4.741475	9.045273	6.886822	11.903920	8.660989	11.689619	8.607413	11.246077	8.964744	10.977909	7.892071	9.548586	8.593565	7.904962	8.182659	7.729588	7.825328	7.997756
52	#ffffff	#000000	#00000000	#00000000		53.498549	54.701979	11.306239	3.784497	10.233565	2.355174	9.876234	2.623342	9.929810	3.066884	8.155642	3.281185	6.752655	6.568433	7.825328	7.997756	8.182659	7.729588	8.593565	7.904962	9.295059	6.261338	11.069226	6.047037	11.015651	5.603495	10.604745	5.428121
53	#006699	#000000	#00000000	#00000000		53.498549	54.701979	12.977561	11.168220	12.276068	12.811844	11.865162	12.636471	11.811587	12.192929	10.037420	12.407231	7.892072	9.548584	8.593565	7.904960	9.004472	8.080333	9.361802	7.812165	10.434476	9.241488	12.208643	9.027187	12.262219	9.470729	11.904888	9.738897
54	#66ccff	#000000	#00000000	#00000000		53.498549	54.701979	9.295060	6.261338	8.593565	7.904962	9.004471	8.080335	9.361802	7.812167	10.434475	9.241490	13.982809	8.812889	14.684303	7.169265	14.273397	6.993892	14.219822	6.550350	12.445655	6.764650	11.372982	5.335327	11.015651	5.603495	11.069226	6.047037
55	#66ccff	#000000	#00000000	#00000000		53.498549	54.701979	11.306239	3.784498	10.604745	5.428122	11.015651	5.603495	11.372982	5.335327	12.445655	6.764650	15.993989	6.336049	16.695483	4.692425	16.284577	4.517052	16.231002	4.073510	14.456835	4.287810	13.384162	2.858487	13.026831	3.126655	13.080406	3.570197
56	#006699	#000000	#00000000	#00000000		53.498549	54.701979	17.396977	3.048801	16.695483	4.692425	16.284577	4.517052	16.231002	4.073510	14.456834	4.287810	12.311488	1.429164	13.012981	-0.214460	13.423888	-0.039087	13.781219	-0.307255	14.853892	1.122068	16.628059	0.907768	16.681634	1.351310	16.324303	1.619478
57	#ffffff	#000000	#00000000	#00000000		53.498549	54.701979	13.982810	8.812889	15.055483	10.242213	15.412814	9.974044	15.359239	9.530502	17.133405	9.316202	18.536393	6.028954	17.463720	4.599630	17.106389	4.867799	16.695483	4.692425	15.993989	6.336049	14.219822	6.550350	14.273398	6.993892	14.684304	7.169265
58	#66ccff	#000000	#00000000	#00000000		53.498549	54.701979	18.536393	6.028955	20.310560	5.814655	20.256985	5.371114	19.846079	5.195740	20.547574	3.552117	18.402229	0.693468	16.628062	0.907768	16.681637	1.351310	16.324306	1.619478	17.396978	3.048802	16.695484	4.692425	17.106389	4.867799	17.463720	4.599631
59	#66ccff	#000000	#00000000	#00000000		53.498549	54.701979	21.686989	6.532266	20.614316	5.102943	20.256985	5.371111	20.310560	5.814653	18.536393	6.028954	17.133405	9.316202	18.206079	10.745525	18.563410	10.477357	18.974315	10.652730	19.675809	9.009106	21.449976	8.794806	21.396401	8.351264	20.985495	8.175890
60	#ffffff	#000000	#00000000	#00000000		53.498549	54.701979	20.547574	3.552117	19.846079	5.195740	20.256985	5.371114	20.614316	5.102946	21.686989	6.532270	25.235323	6.103671	25.936818	4.460047	25.525912	4.284674	25.472337	3.841132	23.698170	4.055432	22.625498	2.626108	22.268166	2.894276	22.321741	3.337817
61	#66ccff	#000000	#00000000	#00000000		53.498549	54.701979	25.235323	6.103671	26.307995	7.532995	26.665326	7.264827	26.611751	6.821285	28.385919	6.606986	29.788909	3.319740	28.716237	1.890415	28.358906	2.158583	27.948000	1.983210	27.246505	3.626833	25.472337	3.841132	25.525912	4.284674	25.936818	4.460047
62	#ffffff	#000000	#00000000	#00000000		53.498549	54.701979	20.413410	-1.783370	18.639243	-1.569071	18.692818	-1.125529	19.103723	-0.950155	18.402229	0.693469	20.547574	3.552117	22.321741	3.337817	22.268166	2.894275	22.625497	2.626107	21.552825	1.196783	22.254319	-0.446841	21.843413	-0.622215	21.486082	-0.354046
63	#006699	#000000	#00000000	#00000000		53.498549	54.701979	27.643564	0.461091	28.716237	1.890415	28.358905	2.158583	27.948000	1.983210	27.246505	3.626833	23.698171	4.055432	22.625498	2.626108	22.982829	2.357940	22.929254	1.914398	24.703422	1.700099	25.404916	0.056475	25.815822	0.231849	25.869397	0.675391
64	#A0A0A0	#000000	#00000000	#00000000		53.498549	54.701979	26.374737	9.083824	27.076232	7.440201	26.665326	7.264827	26.307995	7.532995	25.235323	6.103671	21.686988	6.532269	20.985493	8.175893	21.396399	8.351267	21.449974	8.794808	23.224141	8.580509	24.296813	10.009833	24.654144	9.741665	24.600570	9.298124
65	#A0A0A0	#000000	#00000000	#00000000		53.498549	54.701979	26.508899	14.419311	28.283067	14.205011	28.229492	13.761470	27.818586	13.586096	28.520081	11.942473	26.374737	9.083824	24.600570	9.298124	24.654144	9.741665	24.296813	10.009833	25.369485	11.439157	24.667990	13.082781	25.078896	13.258155	25.436227	12.989987
66	#A0A0A0	#000000	#00000000	#00000000		53.498549	54.701979	26.508899	14.419311	25.807404	16.062934	26.218310	16.238308	26.575641	15.970140	27.648313	17.399464	31.196648	16.970866	31.898143	15.327242	31.487237	15.151868	31.433662	14.708327	29.659495	14.922626	28.586823	13.493302	28.229492	13.761470	28.283067	14.205011
67	#66ccff	#000000	#00000000	#00000000		53.498549	54.701979	24.497717	16.896148	23.796222	18.539772	24.207128	18.715145	24.564459	18.446977	25.637131	19.876302	29.185465	19.447704	29.886961	17.804081	29.476055	17.628707	29.422480	17.185166	27.648313	17.399465	26.575641	15.970140	26.218310	16.238308	26.271885	16.681850
68	#006699	#000000	#00000000	#00000000		53.498549	54.701979	28.180214	21.803037	27.478718	23.446660	27.067813	23.271286	27.014238	22.827745	25.240070	23.042043	23.094727	20.183394	23.796222	18.539771	24.207128	18.715145	24.564459	18.446977	25.637131	19.876302	27.411298	19.662003	27.464873	20.105544	27.107542	20.373712
69	#ffffff	#000000	#00000000	#00000000		53.498549	54.701979	31.330837	22.306338	30.629342	23.949962	31.040248	24.125336	31.397579	23.857167	32.470252	25.286491	36.018587	24.857890	36.720080	23.214266	36.309175	23.038892	36.255599	22.595350	34.481433	22.809651	33.408759	21.380328	33.051428	21.648496	33.105004	22.092038
70	#ffffff	#000000	#00000000	#00000000		53.498549	54.701979	31.196670	16.970852	29.422503	17.185152	29.476078	17.628694	29.886984	17.804068	29.185490	19.447692	31.330837	22.306338	33.105004	22.092038	33.051429	21.648496	33.408760	21.380327	32.336086	19.951004	33.037580	18.307380	32.626674	18.132007	32.269343	18.400175
71	#A0A0A0	#000000	#00000000	#00000000		53.498549	54.701979	31.196669	16.970852	32.269343	18.400175	32.626674	18.132007	32.573099	17.688465	34.347266	17.474164	35.750253	14.186916	34.677580	12.757593	34.320249	13.025761	33.909343	12.850388	33.207849	14.494012	31.433682	14.708312	31.487257	15.151854	31.898163	15.327228
72	#006699	#000000	#00000000	#00000000		53.498549	54.701979	32.067752	9.280031	33.841919	9.065730	33.895494	9.509272	33.538163	9.777440	34.610836	11.206764	33.207849	14.494012	31.433681	14.708312	31.380106	14.264771	30.969200	14.089397	31.670694	12.445773	30.598020	11.016450	30.955351	10.748281	31.366258	10.923655
73	#66ccff	#000000	#00000000	#00000000		53.498549	54.701979	29.659514	14.922614	31.433681	14.708313	31.380106	14.264771	30.969200	14.089397	31.670693	12.445773	29.525346	9.587127	27.751178	9.801428	27.804754	10.244970	27.447423	10.513138	28.520097	11.942462	27.818603	13.586086	28.229509	13.761459	28.586840	13.493291
74	#ffffff	#000000	#00000000	#00000000		53.498549	54.701979	26.374749	9.083815	27.447422	10.513139	27.804754	10.244970	27.751178	9.801428	29.525345	9.587128	30.928333	6.299880	29.855659	4.870556	29.498328	5.138725	29.087422	4.963351	28.385928	6.606975	26.611762	6.821276	26.665337	7.264818	27.076243	7.440191
75	#ffffff	#000000	#00000000	#00000000		53.498549	54.701979	30.928333	6.299880	32.702500	6.085579	32.648924	5.642037	32.238018	5.466664	32.939512	3.823040	30.794165	0.964393	29.019998	1.178693	29.073574	1.622235	28.716243	1.890403	29.788916	3.319727	29.087422	4.963351	29.498328	5.138724	29.855659	4.870556
76	#66ccff	#000000	#00000000	#00000000		53.498549	54.701979	30.794165	0.964393	31.495659	-0.679231	31.084753	-0.854605	30.727422	-0.586436	29.654749	-2.015760	26.106415	-1.587159	25.404921	0.056465	25.815827	0.231839	25.869402	0.675381	27.643569	0.461080	28.716242	1.890404	29.073574	1.622235	29.019998	1.178693
77	#A0A0A0	#000000	#00000000	#00000000		53.498549	54.701979	32.805345	-1.512447	31.031178	-1.298147	31.084753	-0.854605	31.495659	-0.679231	30.794165	0.964393	32.939512	3.823039	34.713679	3.608739	34.660104	3.165197	35.017435	2.897028	33.944761	1.467705	34.646255	-0.175919	34.235349	-0.351292	33.878018	-0.083124
78	#66ccff	#000000	#00000000	#00000000		53.498549	54.701979	32.939512	3.823039	32.238018	5.466663	32.648924	5.642037	33.006255	5.373868	34.078929	6.803192	37.627263	6.374590	38.328756	4.730967	37.917850	4.555593	37.864275	4.112051	36.090107	4.326352	35.017434	2.897029	34.660103	3.165197	34.713679	3.608739
79	#006699	#000000	#00000000	#00000000		53.498549	54.701979	36.090108	4.326352	35.017434	2.897029	35.374765	2.628861	35.785671	2.804234	36.487164	1.160610	40.035498	0.732007	41.108172	2.161330	40.750841	2.429498	40.804416	2.873040	39.030249	3.087341	38.328756	4.730966	37.917850	4.555593	37.864275	4.112051
80	#66ccff	#000000	#00000000	#00000000		53.498549	54.701979	34.078929	6.803192	33.006256	5.373869	32.648925	5.642037	32.702500	6.085579	30.928333	6.299880	29.525345	9.587128	30.598019	11.016451	30.955349	10.748283	31.366256	10.923656	32.067750	9.280032	33.841917	9.065731	33.788342	8.622189	33.377435	8.446816
81	#ffffff	#000000	#00000000	#00000000		53.498549	54.701979	38.766679	9.354743	39.468173	7.711119	39.057267	7.535746	38.699936	7.803914	37.627263	6.374591	34.078929	6.803192	33.377435	8.446816	33.788341	8.622190	33.841916	9.065732	35.616083	8.851431	36.688757	10.280754	37.046087	10.012586	36.992512	9.569044
82	#66ccff	#000000	#00000000	#00000000		53.498549	54.701979	42.180847	3.590655	41.108174	2.161332	40.750843	2.429500	40.804418	2.873042	39.030251	3.087343	37.627263	6.374591	38.699936	7.803914	39.057267	7.535746	39.468173	7.711119	40.169667	6.067495	41.943834	5.853195	41.890259	5.409653	41.479353	5.234279
83	#ffffff	#000000	#00000000	#00000000		53.498549	54.701979	43.320263	6.570808	45.094431	6.356507	45.040855	5.912965	44.629949	5.737592	45.331442	4.093968	43.186096	1.235321	41.411929	1.449622	41.465504	1.893164	41.108173	2.161332	42.180846	3.590655	41.479353	5.234279	41.890259	5.409653	42.247590	5.141484
84	#66ccff	#000000	#00000000	#00000000		53.498549	54.701979	43.320264	6.570807	42.247590	5.141484	41.890259	5.409653	41.943834	5.853195	40.169668	6.067495	38.766680	9.354743	39.839353	10.784066	40.196684	10.515898	40.607591	10.691271	41.309085	9.047647	43.083251	8.833347	43.029676	8.389805	42.618770	8.214432
85	#006699	#000000	#00000000	#00000000		53.498549	54.701979	41.309084	9.047648	43.083251	8.833347	43.136827	9.276889	42.779496	9.545057	43.852169	10.974380	42.449182	14.261629	40.675015	14.475929	40.621439	14.032388	40.210533	13.857014	40.912026	12.213390	39.839353	10.784067	40.196684	10.515899	40.607591	10.691271
86	#66ccff	#000000	#00000000	#00000000		53.498549	54.701979	38.900846	14.690230	40.675013	14.475930	40.621438	14.032388	40.210532	13.857014	40.912025	12.213390	38.766679	9.354743	36.992512	9.569044	37.046087	10.012585	36.688757	10.280754	37.761430	11.710078	37.059936	13.353702	37.470842	13.529075	37.828173	13.260907
87	#66ccff	#000000	#00000000	#00000000		53.498549	54.701979	35.750250	14.186918	37.524417	13.972617	37.470842	13.529075	37.059936	13.353702	37.761429	11.710078	35.616083	8.851431	33.841916	9.065732	33.895491	9.509274	33.538160	9.777442	34.610833	11.206765	33.909340	12.850389	34.320246	13.025763	34.677577	12.757594
88	#ffffff	#000000	#00000000	#00000000		53.498549	54.701979	35.750251	14.186918	35.048757	15.830542	35.459663	16.005915	35.816994	15.737747	36.889667	17.167070	40.438001	16.738469	41.139495	15.094845	40.728589	14.919471	40.675014	14.475929	38.900847	14.690230	37.828173	13.260907	37.470842	13.529075	37.524417	13.972617
89	#66ccff	#000000	#00000000	#00000000		53.498549	54.701979	32.336083	19.951006	33.408756	21.380329	33.766087	21.112161	33.712512	20.668619	35.486679	20.454318	36.889667	17.167070	35.816994	15.737747	35.459663	16.005915	35.048757	15.830542	34.347263	17.474166	32.573096	17.688466	32.626671	18.132008	33.037577	18.307382
90	#006699	#000000	#00000000	#00000000		53.498549	54.701979	38.426821	19.215307	39.499495	20.644630	39.142164	20.912799	38.731258	20.737426	38.029764	22.381050	34.481430	22.809653	33.408757	21.380329	33.766088	21.112161	33.712512	20.668619	35.486679	20.454318	36.188172	18.810693	36.599079	18.986067	36.652654	19.429608
91	#66ccff	#000000	#00000000	#00000000		53.498549	54.701979	36.018587	24.857890	37.091261	26.287213	37.448592	26.019044	37.395017	25.575502	39.169184	25.361201	40.572170	22.073953	39.499496	20.644630	39.142165	20.912798	38.731259	20.737425	38.029766	22.381049	36.255599	22.595350	36.309175	23.038892	36.720081	23.214265
92	#A0A0A0	#000000	#00000000	#00000000		53.498549	54.701979	37.158004	27.838042	37.859498	26.194418	37.448592	26.019045	37.091261	26.287213	36.018588	24.857889	32.470254	25.286491	31.768760	26.930115	32.179666	27.105488	32.233241	27.549030	34.007408	27.334730	35.080081	28.764053	35.437412	28.495884	35.383837	28.052343
93	#66ccff	#000000	#00000000	#00000000		53.498549	54.701979	35.146824	30.314882	35.848318	28.671258	35.437412	28.495885	35.080081	28.764053	34.007408	27.334730	30.459074	27.763331	29.757580	29.406955	30.168487	29.582328	30.222062	30.025870	31.996229	29.811570	33.068902	31.240893	33.426233	30.972725	33.372658	30.529183
94	#006699	#000000	#00000000	#00000000		53.498549	54.701979	29.056087	31.050579	29.757581	29.406955	30.168487	29.582328	30.222062	30.025870	31.996229	29.811569	34.141577	32.670215	33.440083	34.313840	33.029177	34.138466	32.671846	34.406635	31.599173	32.977312	29.825006	33.191613	29.771430	32.748071	30.128761	32.479903
95	#ffffff	#000000	#00000000	#00000000		53.498549	54.701979	35.280992	35.650369	37.055159	35.436068	37.001583	34.992526	36.590677	34.817153	37.292171	33.173529	35.146824	30.314882	33.372657	30.529182	33.426233	30.972724	33.068902	31.240893	34.141575	32.670216	33.440081	34.313840	33.850987	34.489214	34.208318	34.221045
96	#A0A0A0	#000000	#00000000	#00000000		53.498549	54.701979	37.158004	27.838042	35.383837	28.052342	35.437412	28.495884	35.848318	28.671258	35.146824	30.314882	37.292171	33.173528	39.066338	32.959228	39.012763	32.515686	39.370094	32.247517	38.297420	30.818194	38.998914	29.174570	38.588008	28.999197	38.230677	29.267365
97	#A0A0A0	#000000	#00000000	#00000000		53.498549	54.701979	37.158003	27.838042	38.230677	29.267365	38.588008	28.999197	38.534433	28.555655	40.308599	28.341354	41.711587	25.054106	40.638914	23.624783	40.281583	23.892951	39.870676	23.717578	39.169182	25.361202	37.395016	25.575502	37.448591	26.019044	37.859497	26.194418
98	#A0A0A0	#000000	#00000000	#00000000		53.498549	54.701979	41.711587	25.054106	43.485754	24.839806	43.432178	24.396264	43.021272	24.220890	43.722766	22.577266	41.577419	19.718619	39.803253	19.932920	39.856828	20.376462	39.499497	20.644630	40.572170	22.073953	39.870676	23.717577	40.281583	23.892951	40.638914	23.624783
99	#66ccff	#000000	#00000000	#00000000		53.498549	54.701979	41.577419	19.718619	42.278913	18.074995	41.868007	17.899622	41.510676	18.167790	40.438003	16.738467	36.889669	17.167068	36.188175	18.810692	36.599081	18.986066	36.652656	19.429607	38.426823	19.215307	39.499496	20.644630	39.856828	20.376462	39.803253	19.932920
100	#ffffff	#000000	#00000000	#00000000		53.498549	54.701979	40.438002	16.738467	41.510676	18.167790	41.868007	17.899622	41.814432	17.456080	43.588598	17.241779	44.991586	13.954531	43.918913	12.525208	43.561582	12.793376	43.150675	12.618003	42.449182	14.261627	40.675015	14.475927	40.728590	14.919469	41.139496	15.094843
101	#66ccff	#000000	#00000000	#00000000		53.498549	54.701979	44.991586	13.954531	46.765753	13.740231	46.712177	13.296689	46.301271	13.121315	47.002765	11.477691	44.857418	8.619044	43.083252	8.833345	43.136827	9.276887	42.779496	9.545055	43.852169	10.974378	43.150675	12.618002	43.561582	12.793376	43.918913	12.525208
102	#A0A0A0	#000000	#00000000	#00000000		53.498549	54.701979	48.008015	9.122358	48.709508	7.478733	48.298602	7.303360	47.941271	7.571529	46.868597	6.142205	43.320263	6.570808	42.618770	8.214432	43.029676	8.389805	43.083251	8.833347	44.857418	8.619046	45.930092	10.048369	46.287423	9.780201	46.233848	9.336659
103	#66ccff	#000000	#00000000	#00000000		53.498549	54.701979	50.019194	6.645518	50.720687	5.001894	50.309781	4.826520	49.952450	5.094689	48.879777	3.665365	45.331443	4.093967	44.629949	5.737591	45.040855	5.912964	45.094431	6.356506	46.868597	6.142205	47.941271	7.571529	48.298602	7.303360	48.245027	6.859818
104	#006699	#000000	#00000000	#00000000		53.498549	54.701979	46.336693	1.738632	47.038186	0.095008	47.449093	0.270382	47.502668	0.713924	49.276835	0.499623	51.422182	3.358270	50.720688	5.001894	50.309781	4.826521	49.952450	5.094689	48.879777	3.665365	47.105610	3.879666	47.052035	3.436124	47.409366	3.167956
105	#ffffff	#000000	#00000000	#00000000		53.498549	54.701979	48.008016	9.122358	49.080690	10.551680	49.438021	10.283511	49.384446	9.839969	51.158612	9.625667	52.561597	6.338418	51.488923	4.909096	51.131592	5.177264	50.720686	5.001891	50.019194	6.645516	48.245027	6.859818	48.298602	7.303360	48.709508	7.478733
106	#ffffff	#000000	#00000000	#00000000		53.498549	54.701979	52.561597	6.338418	54.335764	6.124116	54.282188	5.680574	53.871282	5.505201	54.572774	3.861577	52.427425	1.002932	50.653259	1.217234	50.706834	1.660776	50.349504	1.928944	51.422178	3.358267	50.720686	5.001892	51.131592	5.177265	51.488923	4.909096
107	#66ccff	#000000	#00000000	#00000000		53.498549	54.701979	51.292784	14.961154	53.066950	14.746852	53.013375	14.303310	52.602468	14.127937	53.303961	12.484313	51.158612	9.625668	49.384445	9.839970	49.438021	10.283511	49.080690	10.551680	50.153365	11.981003	49.451872	13.624627	49.862778	13.800000	50.220109	13.531832
108	#A0A0A0	#000000	#00000000	#00000000		53.498549	54.701979	48.142187	14.457844	49.916354	14.243542	49.862778	13.800000	49.451872	13.624627	50.153365	11.981003	48.008016	9.122358	46.233849	9.336660	46.287424	9.780202	45.930094	10.048370	47.002768	11.477693	46.301276	13.121317	46.712182	13.296690	47.069512	13.028521
109	#006699	#000000	#00000000	#00000000		53.498549	54.701979	53.701016	9.318570	55.475182	9.104268	55.528758	9.547810	55.171427	9.815979	56.244101	11.245302	54.841116	14.532551	53.066950	14.746853	53.013374	14.303311	52.602468	14.127937	53.303961	12.484313	52.231286	11.054990	52.588617	10.786822	52.999523	10.962195
110	#66ccff	#000000	#00000000	#00000000		53.498549	54.701979	55.712193	6.841728	54.639518	5.412406	54.282188	5.680575	54.335763	6.124116	52.561597	6.338418	51.158612	9.625668	52.231286	11.054990	52.588617	10.786822	52.999523	10.962195	53.701016	9.318570	55.475182	9.104268	55.421607	8.660726	55.010700	8.485353
111	#A0A0A0	#000000	#00000000	#00000000		53.498549	54.701979	48.142187	14.457843	47.440693	16.101467	47.851599	16.276840	48.208930	16.008672	49.281604	17.437995	52.829938	17.009393	53.531431	15.365768	53.120525	15.190395	53.066950	14.746853	51.292783	14.961154	50.220109	13.531831	49.862778	13.800000	49.916354	14.243542
112	#A0A0A0	#000000	#00000000	#00000000		53.498549	54.701979	48.142186	14.457843	47.069511	13.028520	46.712180	13.296689	46.765756	13.740231	44.991589	13.954533	43.588604	17.241782	44.661278	18.671105	45.018609	18.402936	45.429515	18.578309	46.131008	16.934685	47.905174	16.720383	47.851599	16.276841	47.440693	16.101467
113	#A0A0A0	#000000	#00000000	#00000000		53.498549	54.701979	43.588604	17.241782	41.814437	17.456084	41.868013	17.899626	42.278919	18.074999	41.577427	19.718624	43.722776	22.577269	45.496943	22.362967	45.443367	21.919425	45.800698	21.651256	44.728023	20.221934	45.429516	18.578309	45.018610	18.402936	44.661278	18.671105
114	#66ccff	#000000	#00000000	#00000000		53.498549	54.701979	49.281604	17.437996	48.208930	16.008672	47.851599	16.276841	47.905174	16.720383	46.131007	16.934684	44.728021	20.221932	45.800695	21.651256	46.158026	21.383087	46.568932	21.558460	47.270425	19.914836	49.044592	19.700535	48.991017	19.256993	48.580111	19.081620
115	#A0A0A0	#000000	#00000000	#00000000		53.498549	54.701979	53.969356	19.989544	54.670849	18.345920	54.259943	18.170547	53.902612	18.438715	52.829938	17.009392	49.281604	17.437995	48.580111	19.081619	48.991017	19.256992	49.044592	19.700534	50.818759	19.486233	51.891433	20.915556	52.248764	20.647387	52.195189	20.203846
116	#A0A0A0	#000000	#00000000	#00000000		53.498549	54.701979	52.829939	17.009393	53.902613	18.438715	54.259944	18.170546	54.206369	17.727004	55.980535	17.512702	57.383520	14.225453	56.310846	12.796131	55.953515	13.064299	55.542609	12.888926	54.841117	14.532551	53.066950	14.746853	53.120525	15.190395	53.531431	15.365768
117	#006699	#000000	#00000000	#00000000		53.498549	54.701979	46.873368	23.080579	45.800695	21.651255	46.158026	21.383087	46.568932	21.558461	47.270426	19.914837	50.818760	19.486235	51.891433	20.915559	51.534102	21.183727	51.587677	21.627269	49.813511	21.841570	49.112017	23.485194	48.701110	23.309820	48.647535	22.866278
118	#66ccff	#000000	#00000000	#00000000		53.498549	54.701979	43.722776	22.577269	43.021284	24.220894	43.432190	24.396267	43.789521	24.128098	44.862195	25.557420	48.410529	25.128816	49.112021	23.485191	48.701115	23.309818	48.647539	22.866276	46.873372	23.080578	45.800698	21.651256	45.443367	21.919425	45.496943	22.362967
119	#66ccff	#000000	#00000000	#00000000		53.498549	54.701979	52.964107	22.344882	51.891434	20.915559	51.534102	21.183727	51.587677	21.627269	49.813511	21.841570	48.410523	25.128817	49.483196	26.558141	49.840527	26.289972	50.251434	26.465346	50.952928	24.821722	52.727094	24.607421	52.673519	24.163879	52.262613	23.988506
120	#A0A0A0	#000000	#00000000	#00000000		53.498549	54.701979	54.103523	25.325034	55.877691	25.110734	55.824115	24.667192	55.413209	24.491818	56.114702	22.848194	53.969356	19.989548	52.195189	20.203848	52.248764	20.647390	51.891433	20.915559	52.964106	22.344882	52.262613	23.988506	52.673519	24.163879	53.030850	23.895711
121	#A0A0A0	#000000	#00000000	#00000000		53.498549	54.701979	54.103524	25.325034	53.030850	23.895711	52.673520	24.163879	52.727094	24.607421	50.952927	24.821722	49.549941	28.108971	50.622615	29.538294	50.979946	29.270126	51.390852	29.445499	52.092345	27.801874	53.866512	27.587573	53.812937	27.144031	53.402031	26.968658
122	#A0A0A0	#000000	#00000000	#00000000		53.498549	54.701979	49.549941	28.108972	47.775774	28.323274	47.829349	28.766816	48.240255	28.942189	47.538763	30.585813	49.684112	33.444459	51.458278	33.230157	51.404703	32.786615	51.762034	32.518446	50.689360	31.089124	51.390852	29.445499	50.979946	29.270126	50.622615	29.538294
123	#ffffff	#000000	#00000000	#00000000		53.498549	54.701979	49.549941	28.108973	50.251434	26.465349	49.840528	26.289975	49.483197	26.558144	48.410523	25.128821	44.862190	25.557423	44.160696	27.201048	44.571602	27.376421	44.625178	27.819963	46.399345	27.605661	47.472018	29.034985	47.829349	28.766816	47.775774	28.323274
124	#ffffff	#000000	#00000000	#00000000		53.498549	54.701979	44.862189	25.557423	43.789514	24.128101	43.432183	24.396270	43.485759	24.839811	41.711592	25.054113	40.308607	28.341363	41.381281	29.770685	41.738612	29.502516	42.149518	29.677890	42.851011	28.034265	44.625177	27.819963	44.571602	27.376421	44.160696	27.201048
125	#66ccff	#000000	#00000000	#00000000		53.498549	54.701979	40.308607	28.341363	38.534440	28.555665	38.588016	28.999206	38.998922	29.174580	38.297430	30.818204	40.442779	33.676849	42.216946	33.462547	42.163370	33.019005	42.520701	32.750837	41.448026	31.321514	42.149519	29.677889	41.738613	29.502516	41.381281	29.770685
126	#66ccff	#000000	#00000000	#00000000		53.498549	54.701979	46.399345	27.605661	44.625178	27.819962	44.678754	28.263504	45.089660	28.438877	44.388166	30.082501	46.533513	32.941148	48.307679	32.726848	48.254104	32.283306	48.611435	32.015138	47.538762	30.585814	48.240256	28.942190	47.829349	28.766817	47.472018	29.034985
127	#006699	#000000	#00000000	#00000000		53.498549	54.701979	43.991109	33.248243	42.216942	33.462544	42.163366	33.019002	42.520697	32.750834	41.448024	31.321510	42.851011	28.034262	44.625179	27.819961	44.678754	28.263503	45.089660	28.438877	44.388166	30.082501	45.460840	31.511824	45.103509	31.779993	44.692602	31.604619
128	#66ccff	#000000	#00000000	#00000000		53.498549	54.701979	41.979929	35.725083	43.052603	37.154407	43.409934	36.886238	43.356358	36.442696	45.130525	36.228396	46.533512	32.941148	45.460839	31.511825	45.103509	31.779993	44.692602	31.604619	43.991108	33.248243	42.216942	33.462544	42.270517	33.906086	42.681423	34.081459
129	#A0A0A0	#000000	#00000000	#00000000		53.498549	54.701979	37.292178	33.173533	36.590685	34.817157	37.001591	34.992531	37.358922	34.724362	38.431596	36.153685	41.979930	35.725083	42.681423	34.081458	42.270517	33.906085	42.216942	33.462544	40.442775	33.676845	39.370101	32.247522	39.012770	32.515690	39.066345	32.959232
130	#66ccff	#000000	#00000000	#00000000		53.498549	54.701979	38.431596	36.153685	37.358922	34.724362	37.001591	34.992531	37.055166	35.436072	35.281000	35.650373	33.878012	38.937621	34.950685	40.366944	35.308016	40.098776	35.718923	40.274149	36.420416	38.630525	38.194583	38.416225	38.141008	37.972683	37.730102	37.797309
131	#ffffff	#000000	#00000000	#00000000		53.498549	54.701979	30.727416	38.434309	31.800089	39.863632	32.157420	39.595464	32.103844	39.151922	33.878012	38.937621	35.281000	35.650373	34.208326	34.221050	33.850995	34.489218	33.440089	34.313845	32.738595	35.957469	30.964428	36.171769	31.018003	36.615311	31.428909	36.790685
132	#66ccff	#000000	#00000000	#00000000		53.498549	54.701979	32.738595	35.957468	33.440088	34.313844	33.029182	34.138471	32.671851	34.406639	31.599178	32.977316	28.050844	33.405919	27.349350	35.049543	27.760256	35.224916	27.813832	35.668458	29.587999	35.454157	30.660672	36.883480	31.018003	36.615312	30.964428	36.171769
133	#ffffff	#000000	#00000000	#00000000		53.498549	54.701979	26.039665	35.882759	27.813832	35.668457	27.760256	35.224916	27.349350	35.049543	28.050843	33.405919	25.905494	30.547273	24.131327	30.761575	24.184902	31.205117	23.827572	31.473286	24.900246	32.902608	24.198754	34.546233	24.609660	34.721606	24.966990	34.453437
134	#66ccff	#000000	#00000000	#00000000		53.498549	54.701979	20.346665	35.686547	21.419339	37.115870	21.776670	36.847701	21.723094	36.404159	23.497261	36.189857	24.900246	32.902608	23.827572	31.473286	23.470241	31.741455	23.059335	31.566082	22.357842	33.209706	20.583676	33.424008	20.637251	33.867550	21.048157	34.042923
135	#A0A0A0	#000000	#00000000	#00000000		53.498549	54.701979	15.658912	33.135002	14.957420	34.778627	15.368327	34.954000	15.725657	34.685832	16.798332	36.115154	20.346666	35.686548	21.048157	34.042923	20.637251	33.867550	20.583676	33.424008	18.809509	33.638311	17.736834	32.208989	17.379503	32.477157	17.433079	32.920699
136	#ffffff	#000000	#00000000	#00000000		53.498549	54.701979	15.658912	33.135002	14.586237	31.705680	14.228907	31.973849	14.282482	32.417390	12.508315	32.631693	11.105332	35.918943	12.178007	37.348265	12.535338	37.080097	12.946244	37.255470	13.647735	35.611845	15.421902	35.397542	15.368327	34.954000	14.957420	34.778627
137	#66ccff	#000000	#00000000	#00000000		53.498549	54.701979	7.954736	35.415635	9.027411	36.844957	9.384741	36.576788	9.331165	36.133246	11.105332	35.918943	12.508315	32.631693	11.435640	31.202371	11.078310	31.470540	10.667404	31.295167	9.965912	32.938792	8.191745	33.153095	8.245321	33.596636	8.656227	33.772009
138	#ffffff	#000000	#00000000	#00000000		53.498549	54.701979	3.266982	32.864089	2.565490	34.507714	2.976396	34.683087	3.333727	34.414918	4.406402	35.844240	7.954736	35.415635	8.656227	33.772009	8.245321	33.596636	8.191745	33.153095	6.417578	33.367398	5.344903	31.938076	4.987573	32.206244	5.041149	32.649786
139	#ffffff	#000000	#00000000	#00000000		53.498549	54.701979	-3.297779	38.124841	-2.225105	39.554164	-1.867774	39.285995	-1.921350	38.842453	-0.147183	38.628151	1.255802	35.340902	0.183127	33.911580	-0.174203	34.179749	-0.585110	34.004376	-1.286602	35.648000	-3.060769	35.862302	-3.007193	36.305844	-2.596287	36.481217
140	#66ccff	#000000	#00000000	#00000000		53.498549	54.701979	4.406402	35.844241	3.333727	34.414919	2.976396	34.683087	3.029972	35.126629	1.255805	35.340932	-0.147178	38.628181	0.925497	40.057503	1.282827	39.789335	1.693733	39.964708	2.395225	38.321083	4.169392	38.106780	4.115816	37.663239	3.704910	37.487866
141	#A0A0A0	#000000	#00000000	#00000000		53.498549	54.701979	9.094156	38.395786	9.795647	36.752161	9.384741	36.576788	9.027411	36.844957	7.954736	35.415635	4.406402	35.844240	3.704910	37.487866	4.115816	37.663239	4.169392	38.106780	5.943559	37.892477	7.016234	39.321799	7.373564	39.053631	7.319989	38.610089
142	#ffffff	#000000	#00000000	#00000000		53.498549	54.701979	11.105333	35.918945	9.331166	36.133247	9.384741	36.576788	9.795647	36.752161	9.094155	38.395786	11.239504	41.254431	13.013670	41.040129	12.960095	40.596587	13.317426	40.328418	12.244752	38.899096	12.946244	37.255471	12.535338	37.080098	12.178007	37.348267
143	#66ccff	#000000	#00000000	#00000000		53.498549	54.701979	13.647735	35.611845	12.946244	37.255470	13.357150	37.430843	13.714480	37.162674	14.787155	38.591997	18.335489	38.163391	19.036981	36.519766	18.626075	36.344392	18.572499	35.900851	16.798332	36.115154	15.725657	34.685832	15.368327	34.954000	15.421902	35.397542
144	#006699	#000000	#00000000	#00000000		53.498549	54.701979	17.330243	40.518726	16.628751	42.162351	16.217845	41.986978	16.164269	41.543436	14.390102	41.757739	12.244752	38.899094	12.946244	37.255470	13.357150	37.430843	13.714480	37.162674	14.787155	38.591997	16.561322	38.377694	16.614898	38.821235	16.257568	39.089404
145	#ffffff	#000000	#00000000	#00000000		53.498549	54.701979	20.346666	35.686548	18.572499	35.900851	18.626075	36.344392	19.036981	36.519766	18.335489	38.163391	20.480840	41.022035	22.255006	40.807732	22.201431	40.364190	22.558761	40.096022	21.486086	38.666699	22.187577	37.023074	21.776671	36.847701	21.419341	37.115870
146	#66ccff	#000000	#00000000	#00000000		53.498549	54.701979	21.486085	38.666699	22.558759	40.096021	22.916090	39.827852	22.862515	39.384311	24.636682	39.170009	26.039667	35.882759	24.966992	34.453437	24.609661	34.721606	24.198755	34.546232	23.497263	36.189857	21.723096	36.404159	21.776672	36.847701	22.187577	37.023074
147	#006699	#000000	#00000000	#00000000		53.498549	54.701979	27.576824	37.930999	28.649497	39.360322	28.292167	39.628490	27.881260	39.453117	27.179767	41.096742	23.631433	41.525344	22.558759	40.096021	22.916090	39.827853	22.862515	39.384311	24.636682	39.170009	25.338175	37.526385	25.749081	37.701758	25.802657	38.145300
148	#66ccff	#000000	#00000000	#00000000		53.498549	54.701979	30.727415	38.434309	31.428909	36.790685	31.018003	36.615312	30.660672	36.883480	29.587999	35.454157	26.039665	35.882758	25.338171	37.526382	25.749077	37.701755	25.802653	38.145297	27.576820	37.930997	28.649493	39.360320	29.006824	39.092152	28.953248	38.648610
149	#A0A0A0	#000000	#00000000	#00000000		53.498549	54.701979	30.861583	43.769796	32.635749	43.555495	32.582174	43.111953	32.171268	42.936580	32.872762	41.292956	30.727415	38.434309	28.953248	38.648609	29.006824	39.092151	28.649493	39.360320	29.722166	40.789643	29.020672	42.433267	29.431578	42.608641	29.788909	42.340473
150	#66ccff	#000000	#00000000	#00000000		53.498549	54.701979	34.012178	44.273108	35.786346	44.058808	35.732770	43.615266	35.321864	43.439892	36.023358	41.796268	33.878011	38.937622	32.103844	39.151923	32.157419	39.595464	31.800088	39.863633	32.872761	41.292956	32.171268	42.936580	32.582174	43.111953	32.939505	42.843785
151	#006699	#000000	#00000000	#00000000		53.498549	54.701979	36.420415	38.630526	38.194582	38.416226	38.248157	38.859768	37.890827	39.127936	38.963500	40.557259	37.560513	43.844508	35.786345	44.058808	35.732770	43.615266	35.321864	43.439892	36.023358	41.796268	34.950684	40.366945	35.308015	40.098777	35.718921	40.274150
152	#66ccff	#000000	#00000000	#00000000		53.498549	54.701979	40.102916	43.537412	41.877083	43.323111	41.823508	42.879569	41.412602	42.704196	42.114096	41.060572	39.968749	38.201925	38.194582	38.416225	38.248157	38.859767	37.890827	39.127936	38.963500	40.557259	38.262006	42.200883	38.672912	42.376257	39.030243	42.108088
153	#A0A0A0	#000000	#00000000	#00000000		53.498549	54.701979	43.119347	38.705235	43.820840	37.061611	43.409934	36.886238	43.052603	37.154406	41.979929	35.725083	38.431595	36.153686	37.730102	37.797310	38.141008	37.972683	38.194583	38.416225	39.968750	38.201924	41.041424	39.631247	41.398755	39.363078	41.345180	38.919537
154	#ffffff	#000000	#00000000	#00000000		53.498549	54.701979	45.130526	36.228395	43.356359	36.442697	43.409934	36.886238	43.820840	37.061611	43.119348	38.705236	45.264697	41.563881	47.038863	41.349579	46.985288	40.906037	47.342619	40.637868	46.269944	39.208546	46.971437	37.564921	46.560531	37.389548	46.203200	37.657717
155	#ffffff	#000000	#00000000	#00000000		53.498549	54.701979	49.684106	33.444455	48.611432	32.015133	48.254101	32.283301	48.307677	32.726843	46.533510	32.941145	45.130525	36.228394	46.203200	37.657717	46.560531	37.389548	46.971437	37.564921	47.672929	35.921297	49.447096	35.706995	49.393520	35.263453	48.982614	35.088080
156	#66ccff	#000000	#00000000	#00000000		53.498549	54.701979	49.684107	33.444455	48.982614	35.088080	49.393520	35.263453	49.750851	34.995284	50.823525	36.424607	54.371859	35.996002	55.073351	34.352378	54.662445	34.177005	54.608870	33.733463	52.834703	33.947765	51.762029	32.518443	51.404698	32.786611	51.458273	33.230153
157	#66ccff	#000000	#00000000	#00000000		53.498549	54.701979	47.672929	35.921298	46.971437	37.564923	47.382343	37.740296	47.739674	37.472127	48.812349	38.901449	52.360683	38.472843	53.062174	36.829218	52.651268	36.653845	52.597692	36.210303	50.823526	36.424606	49.750850	34.995284	49.393520	35.263453	49.447096	35.706995
158	#006699	#000000	#00000000	#00000000		53.498549	54.701979	51.355434	40.828180	50.653942	42.471805	50.243036	42.296432	50.189460	41.852890	48.415294	42.067192	46.269945	39.208547	46.971437	37.564922	47.382343	37.740296	47.739674	37.472127	48.812348	38.901449	50.586515	38.687147	50.640091	39.130689	50.282760	39.398858
159	#66ccff	#000000	#00000000	#00000000		53.498549	54.701979	52.494853	43.808332	54.269020	43.594030	54.215444	43.150488	53.804538	42.975115	54.506030	41.331490	52.360681	38.472846	50.586514	38.687148	50.640090	39.130689	50.282760	39.398858	51.355434	40.828180	50.653942	42.471805	51.064848	42.647178	51.422179	42.379010
160	#A0A0A0	#000000	#00000000	#00000000		53.498549	54.701979	47.941272	46.592271	49.013946	48.021593	49.371277	47.753425	49.317702	47.309883	51.091868	47.095581	52.494853	43.808331	51.422179	42.379009	51.064848	42.647178	50.653942	42.471805	49.952450	44.115430	48.178283	44.329732	48.231858	44.773274	48.642764	44.948647
161	#66ccff	#000000	#00000000	#00000000		53.498549	54.701979	51.091869	47.095582	49.317702	47.309883	49.371277	47.753425	49.782183	47.928798	49.080690	49.572422	51.226038	52.431068	53.000205	52.216767	52.946629	51.773225	53.303960	51.505057	52.231287	50.075734	52.932780	48.432109	52.521874	48.256736	52.164543	48.524905
162	#ffffff	#000000	#00000000	#00000000		53.498549	54.701979	49.214859	54.907909	50.989026	54.693607	50.935450	54.250066	50.524544	54.074693	51.226037	52.431068	49.080690	49.572422	47.306523	49.786723	47.360098	50.230265	47.002767	50.498433	48.075441	51.927757	47.373948	53.571381	47.784854	53.746754	48.142185	53.478585
163	#ffffff	#000000	#00000000	#00000000		53.498549	54.701979	49.080691	49.572423	49.782183	47.928798	49.371277	47.753425	49.013946	48.021593	47.941272	46.592271	44.392938	47.020876	43.691446	48.664500	44.102352	48.839873	44.155928	49.283415	45.930095	49.069113	47.002769	50.498436	47.360100	50.230267	47.306524	49.786725
164	#A0A0A0	#000000	#00000000	#00000000		53.498549	54.701979	43.253519	44.040724	42.552027	45.684349	42.962933	45.859722	43.320264	45.591554	44.392939	47.020876	47.941272	46.592271	48.642764	44.948646	48.231858	44.773273	48.178282	44.329731	46.404116	44.544034	45.331441	43.114712	44.974110	43.382880	45.027686	43.826422
165	#66ccff	#000000	#00000000	#00000000		53.498549	54.701979	45.264696	41.563882	44.563204	43.207507	44.974110	43.382880	45.331441	43.114712	46.404115	44.544034	49.952449	44.115429	50.653941	42.471805	50.243035	42.296432	50.189459	41.852890	48.415293	42.067192	47.342618	40.637869	46.985287	40.906038	47.038863	41.349580
166	#A0A0A0	#000000	#00000000	#00000000		53.498549	54.701979	43.253520	44.040724	45.027687	43.826421	44.974111	43.382880	44.563205	43.207506	45.264696	41.563882	43.119347	38.705237	41.345181	38.919540	41.398756	39.363081	41.041426	39.631250	42.114100	41.060572	41.412608	42.704197	41.823514	42.879570	42.180845	42.611401
167	#A0A0A0	#000000	#00000000	#00000000		53.498549	54.701979	43.253519	44.040723	42.180845	42.611401	41.823514	42.879570	41.877090	43.323112	40.102923	43.537414	38.699939	46.824663	39.772613	48.253985	40.129944	47.985817	40.540850	48.161190	41.242342	46.517565	43.016509	46.303263	42.962933	45.859721	42.552027	45.684348
168	#66ccff	#000000	#00000000	#00000000		53.498549	54.701979	44.392939	47.020875	43.320264	45.591553	42.962933	45.859721	43.016509	46.303263	41.242342	46.517566	39.839359	49.804816	40.912034	51.234138	41.269364	50.965970	41.680271	51.141343	42.381762	49.497718	44.155929	49.283415	44.102353	48.839873	43.691447	48.664500
169	#006699	#000000	#00000000	#00000000		53.498549	54.701979	41.984708	52.663461	40.912034	51.234138	41.269365	50.965969	41.680271	51.141343	42.381763	49.497718	45.930097	49.069114	47.002771	50.498437	46.645440	50.766605	46.699016	51.210147	44.924849	51.424449	44.223357	53.068074	43.812451	52.892701	43.758875	52.449159
170	#66ccff	#000000	#00000000	#00000000		53.498549	54.701979	48.075440	51.927756	47.002766	50.498434	46.645435	50.766603	46.699010	51.210145	44.924844	51.424446	43.521859	54.711696	44.594533	56.141018	44.951864	55.872849	45.362770	56.048223	46.064262	54.404598	47.838429	54.190296	47.784854	53.746754	47.373948	53.571381
171	#66ccff	#000000	#00000000	#00000000		53.498549	54.701979	38.834112	52.160148	38.132618	53.803772	38.543525	53.979145	38.900855	53.710977	39.973529	55.140300	43.521863	54.711697	44.223356	53.068073	43.812450	52.892700	43.758875	52.449159	41.984708	52.663460	40.912034	51.234137	40.554704	51.502305	40.608279	51.945847
172	#A0A0A0	#000000	#00000000	#00000000		53.498549	54.701979	38.699945	46.824661	36.925778	47.038961	36.979353	47.482503	37.390259	47.657877	36.688765	49.301501	38.834112	52.160148	40.608279	51.945847	40.554704	51.502305	40.912034	51.234137	39.839361	49.804813	40.540855	48.161189	40.129949	47.985816	39.772618	48.253984
173	#ffffff	#000000	#00000000	#00000000		53.498549	54.701979	35.549348	46.321349	36.622022	47.750672	36.979353	47.482503	36.925778	47.038961	38.699945	46.824660	40.102931	43.537412	39.030258	42.108089	38.672927	42.376257	38.262020	42.200884	37.560527	43.844508	35.786360	44.058809	35.839935	44.502351	36.250841	44.677724
174	#ffffff	#000000	#00000000	#00000000		53.498549	54.701979	30.861597	43.769799	30.160103	45.413423	30.571009	45.588796	30.928340	45.320628	32.001014	46.749951	35.549348	46.321348	36.250841	44.677724	35.839935	44.502351	35.786360	44.058809	34.012193	44.273110	32.939519	42.843787	32.582188	43.111956	32.635764	43.555498
175	#A0A0A0	#000000	#00000000	#00000000		53.498549	54.701979	26.308000	46.553731	27.380673	47.983055	27.738004	47.714886	27.684428	47.271344	29.458596	47.057044	30.861583	43.769795	29.788910	42.340472	29.431579	42.608640	29.020672	42.433267	28.319179	44.076891	26.545011	44.291192	26.598587	44.734734	27.009493	44.910107
176	#66ccff	#000000	#00000000	#00000000		53.498549	54.701979	25.168582	43.573579	26.241255	45.002902	26.598586	44.734734	26.545011	44.291192	28.319179	44.076891	29.722165	40.789642	28.649491	39.360319	28.292160	39.628488	27.881254	39.453115	27.179761	41.096739	25.405594	41.311040	25.459169	41.754582	25.870075	41.929955
177	#ffffff	#000000	#00000000	#00000000		53.498549	54.701979	20.480830	41.022029	19.779337	42.665654	20.190243	42.841027	20.547574	42.572858	21.620248	44.002181	25.168582	43.573579	25.870075	41.929954	25.459169	41.754581	25.405594	41.311040	23.631427	41.525341	22.558753	40.096018	22.201422	40.364186	22.254997	40.807728
178	#66ccff	#000000	#00000000	#00000000		53.498549	54.701979	18.469651	43.498870	20.243818	43.284568	20.190243	42.841026	19.779337	42.665654	20.480829	41.022029	18.335480	38.163384	16.561314	38.377686	16.614889	38.821228	16.257558	39.089397	17.330233	40.518719	16.628740	42.162343	17.039646	42.337716	17.396977	42.069548
179	#66ccff	#000000	#00000000	#00000000		53.498549	54.701979	11.239504	41.254431	10.538012	42.898055	10.948918	43.073429	11.306249	42.805260	12.378923	44.234582	15.927257	43.805978	16.628749	42.162353	16.217843	41.986980	16.164267	41.543438	14.390101	41.757740	13.317426	40.328418	12.960095	40.596587	13.013671	41.040129
180	#A0A0A0	#000000	#00000000	#00000000		53.498549	54.701979	9.228326	43.731272	11.002493	43.516970	10.948918	43.073428	10.538012	42.898055	11.239504	41.254431	9.094155	38.395786	7.319989	38.610088	7.373564	39.053630	7.016233	39.321798	8.088908	40.751121	7.387415	42.394745	7.798321	42.570118	8.155652	42.301950
181	#66ccff	#000000	#00000000	#00000000		53.498549	54.701979	6.077730	43.227962	7.851896	43.013660	7.798321	42.570118	7.387415	42.394745	8.088908	40.751121	5.943559	37.892476	4.169392	38.106777	4.222967	38.550319	3.865636	38.818488	4.938311	40.247811	4.236818	41.891435	4.647725	42.066808	5.005055	41.798639
182	#006699	#000000	#00000000	#00000000		53.498549	54.701979	2.395225	38.321079	4.169391	38.106777	4.222967	38.550319	3.865636	38.818488	4.938311	40.247811	3.535326	43.535060	1.761160	43.749362	1.707584	43.305820	1.296678	43.130447	1.998170	41.486822	0.925496	40.057500	1.282826	39.789331	1.693732	39.964704
183	#ffffff	#000000	#00000000	#00000000		53.498549	54.701979	1.524148	46.011901	2.596823	47.441223	2.954154	47.173054	2.900578	46.729512	4.674745	46.515210	6.077730	43.227961	5.005056	41.798639	4.647725	42.066807	4.236818	41.891435	3.535326	43.535059	1.761159	43.749361	1.814735	44.192903	2.225641	44.368276
184	#A0A0A0	#000000	#00000000	#00000000		53.498549	54.701979	9.228326	43.731272	8.155652	42.301949	7.798321	42.570118	7.851897	43.013660	6.077730	43.227962	4.674746	46.515211	5.747420	47.944534	6.104751	47.676365	6.515657	47.851738	7.217149	46.208113	8.991316	45.993811	8.937740	45.550269	8.526834	45.374896
185	#A0A0A0	#000000	#00000000	#00000000		53.498549	54.701979	9.228327	43.731272	8.526834	45.374896	8.937740	45.550269	9.295071	45.282101	10.367745	46.711423	13.916079	46.282819	14.617572	44.639195	14.206665	44.463821	14.153090	44.020280	12.378923	44.234582	11.306249	42.805259	10.948918	43.073428	11.002494	43.516970
186	#A0A0A0	#000000	#00000000	#00000000		53.498549	54.701979	13.916078	46.282819	14.988752	47.712142	15.346083	47.443974	15.292508	47.000432	17.066675	46.786131	18.469661	43.498882	17.396987	42.069559	17.039656	42.337727	16.628750	42.162354	15.927257	43.805979	14.153090	44.020280	14.206665	44.463821	14.617572	44.639195
187	#A0A0A0	#000000	#00000000	#00000000		53.498549	54.701979	21.620258	44.002194	20.547584	42.572871	20.190253	42.841039	20.243828	43.284581	18.469661	43.498882	17.066675	46.786131	18.139348	48.215454	18.496679	47.947285	18.907585	48.122659	19.609079	46.479034	21.383246	46.264733	21.329670	45.821191	20.918764	45.645818
188	#A0A0A0	#000000	#00000000	#00000000		53.498549	54.701979	26.308009	46.553741	27.009501	44.910117	26.598595	44.734744	26.241264	45.002912	25.168590	43.573590	21.620256	44.002194	20.918764	45.645818	21.329670	45.821191	21.383246	46.264733	23.157412	46.050431	24.230087	47.479754	24.587418	47.211585	24.533842	46.768043
189	#A0A0A0	#000000	#00000000	#00000000		53.498549	54.701979	26.308000	46.553731	24.533833	46.768032	24.587408	47.211574	24.998314	47.386947	24.296820	49.030571	26.442167	51.889218	28.216334	51.674918	28.162759	51.231376	28.520089	50.963207	27.447416	49.533884	28.148910	47.890260	27.738004	47.714887	27.380673	47.983055
190	#66ccff	#000000	#00000000	#00000000		53.498549	54.701979	27.447417	49.533884	28.520090	50.963207	28.877421	50.695039	28.823846	50.251497	30.598013	50.037196	32.001000	46.749948	30.928327	45.320625	30.570996	45.588793	30.160090	45.413420	29.458596	47.057043	27.684429	47.271344	27.738004	47.714886	28.148910	47.890260
191	#66ccff	#000000	#00000000	#00000000		53.498549	54.701979	36.688766	49.301500	37.390259	47.657875	36.979353	47.482502	36.622022	47.750671	35.549348	46.321348	32.001014	46.749951	31.299521	48.393575	31.710427	48.568948	31.764002	49.012490	33.538169	48.798188	34.610843	50.227511	34.968174	49.959343	34.914599	49.515801
192	#006699	#000000	#00000000	#00000000		53.498549	54.701979	33.538170	48.798189	34.610843	50.227512	34.253512	50.495680	33.842606	50.320307	33.141113	51.963932	29.592779	52.392534	28.520105	50.963211	28.877436	50.695043	28.823861	50.251501	30.598028	50.037200	31.299521	48.393575	31.710427	48.568948	31.764002	49.012490
193	#A0A0A0	#000000	#00000000	#00000000		53.498549	54.701979	26.442167	51.889218	25.740673	53.532842	26.151579	53.708216	26.508910	53.440047	27.581584	54.869371	31.129918	54.440769	31.831412	52.797145	31.420505	52.621772	31.366930	52.178230	29.592763	52.392531	28.520090	50.963207	28.162759	51.231376	28.216334	51.674918
194	#66ccff	#000000	#00000000	#00000000		53.498549	54.701979	31.129918	54.440769	32.202592	55.870092	32.559923	55.601924	32.506347	55.158382	34.280514	54.944081	35.683501	51.656833	34.610827	50.227510	34.253496	50.495678	33.842590	50.320305	33.141097	51.963929	31.366930	52.178230	31.420505	52.621772	31.831411	52.797145
195	#ffffff	#000000	#00000000	#00000000		53.498549	54.701979	36.822933	54.636987	38.597100	54.422687	38.543525	53.979145	38.132619	53.803771	38.834112	52.160147	36.688766	49.301500	34.914599	49.515801	34.968174	49.959343	34.610843	50.227511	35.683517	51.656835	34.982023	53.300459	35.392929	53.475832	35.750260	53.207664
196	#ffffff	#000000	#00000000	#00000000		53.498549	54.701979	32.269335	57.420922	33.342009	58.850245	33.699340	58.582076	33.645765	58.138534	35.419932	57.924233	36.822918	54.636985	35.750244	53.207662	35.392913	53.475830	34.982007	53.300457	34.280514	54.944081	32.506347	55.158382	32.559923	55.601924	32.970829	55.777297
197	#66ccff	#000000	#00000000	#00000000		53.498549	54.701979	55.913789	54.982615	56.615281	53.338991	56.204375	53.163618	55.847044	53.431787	54.774370	52.002464	51.226036	52.431068	50.524544	54.074693	50.935450	54.250066	50.989026	54.693607	52.763192	54.479305	53.835867	55.908628	54.193197	55.640459	54.139622	55.196917
198	#ffffff	#000000	#00000000	#00000000		53.498549	54.701979	24.430988	54.366058	26.205155	54.151758	26.151579	53.708216	25.740673	53.532842	26.442167	51.889218	24.296820	49.030572	22.522653	49.244872	22.576228	49.688414	22.218897	49.956583	23.291571	51.385906	22.590077	53.029530	23.000983	53.204903	23.358314	52.936735
199	#66ccff	#000000	#00000000	#00000000		53.498549	54.701979	24.296821	49.030571	24.998315	47.386947	24.587408	47.211574	24.230077	47.479742	23.157404	46.050419	19.609070	46.479020	18.907576	48.122644	19.318483	48.298017	19.372058	48.741559	21.146225	48.527258	22.218898	49.956582	22.576229	49.688413	22.522654	49.244872
200	#006699	#000000	#00000000	#00000000		53.498549	54.701979	18.206084	49.766268	18.907577	48.122644	19.318483	48.298017	19.372058	48.741559	21.146225	48.527258	23.291573	51.385904	22.590079	53.029529	22.179173	52.854155	21.821842	53.122324	20.749169	51.693001	18.975002	51.907302	18.921426	51.463760	19.278757	51.195592
201	#66ccff	#000000	#00000000	#00000000		53.498549	54.701979	17.066674	46.786132	15.292507	47.000434	15.346083	47.443976	15.756989	47.619349	15.055496	49.262973	17.200845	52.121618	18.975012	51.907316	18.921437	51.463775	19.278767	51.195606	18.206093	49.766283	18.907585	48.122659	18.496679	47.947285	18.139348	48.215454
202	#66ccff	#000000	#00000000	#00000000		53.498549	54.701979	21.888585	54.673153	22.590079	53.029529	22.179173	52.854156	21.821842	53.122324	20.749169	51.693000	17.200835	52.121602	16.499341	53.765226	16.910247	53.940599	16.963823	54.384141	18.737990	54.169841	19.810663	55.599164	20.167994	55.330996	20.114418	54.887454
203	#ffffff	#000000	#00000000	#00000000		53.498549	54.701979	15.189655	54.598442	16.963823	54.384141	16.910247	53.940599	16.499341	53.765226	17.200835	52.121602	15.055488	49.262955	13.281321	49.477256	13.334896	49.920798	12.977565	50.188966	14.050239	51.618290	13.348745	53.261913	13.759651	53.437287	14.116982	53.169119
204	#ffffff	#000000	#00000000	#00000000		53.498549	54.701979	15.055488	49.262955	15.756981	47.619331	15.346075	47.443957	14.988744	47.712126	13.916071	46.282803	10.367737	46.711405	9.666243	48.355030	10.077149	48.530403	10.130725	48.973945	11.904892	48.759643	12.977565	50.188967	13.334896	49.920798	13.281321	49.477256
205	#66ccff	#000000	#00000000	#00000000		53.498549	54.701979	10.367736	46.711405	9.295061	45.282083	8.937730	45.550252	8.991306	45.993793	7.217139	46.208095	5.814154	49.495345	6.886828	50.924667	7.244159	50.656498	7.655065	50.831872	8.356558	49.188247	10.130724	48.973945	10.077149	48.530403	9.666243	48.355030
206	#006699	#000000	#00000000	#00000000		53.498549	54.701979	7.959503	52.353989	6.886829	50.924667	7.244160	50.656498	7.655065	50.831872	8.356558	49.188247	11.904892	48.759643	12.977566	50.188965	12.620235	50.457134	12.673810	50.900676	10.899644	51.114978	10.198151	52.758602	9.787245	52.583229	9.733670	52.139688
207	#66ccff	#000000	#00000000	#00000000		53.498549	54.701979	14.050239	51.618290	12.977565	50.188966	12.620234	50.457135	12.673810	50.900676	10.899642	51.114977	9.496655	54.402225	10.569328	55.831549	10.926659	55.563380	11.337566	55.738754	12.039059	54.095130	13.813226	53.880829	13.759651	53.437287	13.348745	53.261913
208	#66ccff	#000000	#00000000	#00000000		53.498549	54.701979	4.808907	51.850677	4.107413	53.494301	4.518319	53.669674	4.875650	53.401506	5.948324	54.830829	9.496658	54.402226	10.198151	52.758602	9.787245	52.583229	9.733670	52.139688	7.959503	52.353989	6.886829	50.924665	6.529498	51.192834	6.583074	51.636376
209	#A0A0A0	#000000	#00000000	#00000000		53.498549	54.701979	4.674739	46.515190	2.900573	46.729490	2.954148	47.173032	3.365054	47.348406	2.663560	48.992030	4.808907	51.850677	6.583074	51.636376	6.529498	51.192834	6.886829	50.924665	5.814156	49.495342	6.515650	47.851718	6.104744	47.676345	5.747413	47.944513
210	#ffffff	#000000	#00000000	#00000000		53.498549	54.701979	2.797727	54.327517	4.571895	54.113216	4.518319	53.669674	4.107413	53.494301	4.808907	51.850677	2.663560	48.992030	0.889393	49.206331	0.942969	49.649873	0.585638	49.918041	1.658311	51.347364	0.956817	52.990988	1.367723	53.166362	1.725054	52.898193
211	#66ccff	#000000	#00000000	#00000000		53.498549	54.701979	2.663561	48.992029	3.365055	47.348405	2.954148	47.173032	2.596817	47.441200	1.524144	46.011877	-2.024190	46.440478	-2.725684	48.084102	-2.314778	48.259476	-2.261202	48.703018	-0.487035	48.488717	0.585638	49.918040	0.942969	49.649872	0.889394	49.206330
212	#ffffff	#000000	#00000000	#00000000		53.498549	54.701979	-3.163604	43.460353	-3.865096	45.103978	-3.454190	45.279351	-3.096859	45.011182	-2.024185	46.440505	1.524149	46.011900	2.225641	44.368276	1.814735	44.192903	1.761159	43.749361	-0.013007	43.963663	-1.085682	42.534341	-1.443013	42.802510	-1.389437	43.246051
213	#66ccff	#000000	#00000000	#00000000		53.498549	54.701979	-0.013007	43.963663	1.761159	43.749361	1.707584	43.305820	1.296678	43.130447	1.998170	41.486822	-0.147179	38.628177	-1.921346	38.842479	-1.867770	39.286021	-2.225101	39.554189	-1.152427	40.983512	-1.853919	42.627137	-1.443013	42.802510	-1.085682	42.534341
214	#006699	#000000	#00000000	#00000000		53.498549	54.701979	5.613238	3.588280	3.839071	3.802580	3.785496	3.359038	4.142827	3.090870	3.070154	1.661546	4.473144	-1.625701	6.247311	-1.840001	6.300886	-1.396459	6.711792	-1.221086	6.010297	0.422538	7.082970	1.851862	6.725639	2.120030	6.314732	1.944656
215	#66ccff	#000000	#00000000	#00000000		53.498549	54.701979	8.021475	-2.054302	6.247309	-1.840001	6.300884	-1.396459	6.711790	-1.221086	6.010296	0.422538	8.155643	3.281185	9.929810	3.066885	9.876235	2.623343	10.233565	2.355174	9.160892	0.925851	9.862386	-0.717773	9.451480	-0.893147	9.094149	-0.624978
216	#A0A0A0	#000000	#00000000	#00000000		53.498549	54.701979	11.172072	-1.550989	9.397905	-1.336688	9.451480	-0.893146	9.862387	-0.717773	9.160893	0.925851	11.306239	3.784498	13.080406	3.570198	13.026831	3.126656	13.384162	2.858487	12.311488	1.429164	13.012982	-0.214460	12.602076	-0.389834	12.244745	-0.121666
217	#ffffff	#000000	#00000000	#00000000		53.498549	54.701979	43.186096	1.235321	43.887589	-0.408304	43.476683	-0.583677	43.119352	-0.315508	42.046678	-1.744832	38.498344	-1.316229	37.796851	0.327395	38.207757	0.502768	38.261333	0.946310	40.035500	0.732009	41.108173	2.161332	41.465504	1.893164	41.411929	1.449622
218	#66ccff	#000000	#00000000	#00000000		53.498549	54.701979	45.197276	-1.241520	43.423109	-1.027220	43.476685	-0.583678	43.887591	-0.408304	43.186097	1.235320	45.331444	4.093967	47.105610	3.879666	47.052035	3.436124	47.409366	3.167956	46.336693	1.738632	47.038186	0.095008	46.627280	-0.080365	46.269949	0.187803
219	#66ccff	#000000	#00000000	#00000000		53.498549	54.701979	52.427425	1.002932	53.128918	-0.640693	52.718011	-0.816066	52.360681	-0.547897	51.288006	-1.977220	47.739673	-1.548615	47.038180	0.095010	47.449086	0.270383	47.502662	0.713924	49.276829	0.499622	50.349503	1.928945	50.706834	1.660776	50.653259	1.217234
220	#66ccff	#000000	#00000000	#00000000		53.498549	54.701979	38.498341	-1.316232	37.425667	-2.745554	37.068336	-2.477385	37.121911	-2.033844	35.347744	-1.819542	33.944759	1.467708	35.017434	2.897030	35.374765	2.628861	35.785671	2.804234	36.487163	1.160609	38.261330	0.946308	38.207755	0.502766	37.796849	0.327393
221	#66ccff	#000000	#00000000	#00000000		53.498549	54.701979	13.714476	-1.858084	13.012982	-0.214460	13.423888	-0.039087	13.781219	-0.307255	14.853892	1.122068	18.402226	0.693467	19.103720	-0.950157	18.692814	-1.125530	18.639238	-1.569072	16.865071	-1.354772	15.792398	-2.784095	15.435067	-2.515927	15.488643	-2.072385
222	#66ccff	#000000	#00000000	#00000000		53.498549	54.701979	1.930742	-1.318608	0.156574	-1.104309	0.210149	-0.660767	0.621055	-0.485393	-0.080440	1.158230	2.064903	4.016879	3.839071	3.802580	3.785496	3.359038	4.142827	3.090870	3.070155	1.661546	3.771650	0.017922	3.360745	-0.157451	3.003414	0.110717
223	#66ccff	#000000	#00000000	#00000000		53.498549	54.701979	21.552824	1.196782	22.625497	2.626106	22.982828	2.357938	22.929253	1.914397	24.703421	1.700097	26.106410	-1.587150	25.033738	-3.016474	24.676406	-2.748306	24.265501	-2.923680	23.564006	-1.280057	21.789839	-1.065757	21.843414	-0.622215	22.254319	-0.446841
224	#ffffff	#000000	#00000000	#00000000		53.498549	54.701979	55.645453	44.311646	54.572780	42.882322	54.215449	43.150491	54.269024	43.594033	52.494857	43.808333	51.091870	47.095581	52.164543	48.524905	52.521874	48.256736	52.932780	48.432110	53.634274	46.788486	55.408441	46.574185	55.354865	46.130643	54.943959	45.955270
225	#006699	#000000	#00000000	#00000000		53.498549	54.701979	52.231287	50.075734	52.932781	48.432109	53.343687	48.607483	53.397262	49.051025	55.171429	48.836724	57.316776	51.695371	56.615282	53.338995	56.204376	53.163622	55.847045	53.431790	54.774372	52.002467	53.000205	52.216767	52.946629	51.773226	53.303960	51.505057
226	#ffffff	#000000	#00000000	#00000000		53.498549	54.701979	54.371859	35.996000	52.597692	36.210303	52.651268	36.653845	53.062174	36.829218	52.360683	38.472843	54.506033	41.331488	56.280200	41.117185	56.226624	40.673643	56.583954	40.405474	55.511279	38.976152	56.212771	37.332527	55.801865	37.157154	55.444534	37.425323
227	#006699	#000000	#00000000	#00000000		53.498549	54.701979	52.834704	33.947765	51.762029	32.518443	52.119360	32.250274	52.530266	32.425647	53.231758	30.782023	56.780092	30.353418	57.852766	31.782741	57.495436	32.050910	57.549011	32.494451	55.774845	32.708753	55.073352	34.352378	54.662446	34.177005	54.608870	33.733463
228	#66ccff	#000000	#00000000	#00000000		53.498549	54.701979	55.242940	28.305185	54.170266	26.875862	53.812935	27.144031	53.866511	27.587573	52.092344	27.801875	50.689360	31.089124	51.762034	32.518446	52.119365	32.250277	52.530271	32.425650	53.231763	30.782026	55.005930	30.567724	54.952354	30.124182	54.541448	29.948809
229	#A0A0A0	#000000	#00000000	#00000000		53.498549	54.701979	55.712193	6.841728	57.486360	6.627426	57.432785	6.183884	57.021879	6.008511	57.723371	4.364887	55.578022	1.506242	53.803856	1.720543	53.857431	2.164085	53.500100	2.432254	54.572774	3.861577	53.871282	5.505201	54.282188	5.680574	54.639519	5.412406
230	#66ccff	#000000	#00000000	#00000000		53.498549	54.701979	54.506031	41.331491	53.804538	42.975115	54.215444	43.150488	54.572775	42.882320	55.645450	44.311642	59.193783	43.883037	59.895276	42.239413	59.484370	42.064039	59.430794	41.620498	57.656627	41.834800	56.583952	40.405478	56.226622	40.673647	56.280197	41.117188
231	#006699	#000000	#00000000	#00000000		53.498549	54.701979	-0.487035	48.488717	0.585638	49.918040	0.228307	50.186209	-0.182599	50.010835	-0.884093	51.654459	-4.432427	52.083060	-5.505100	50.653737	-5.147769	50.385569	-5.201345	49.942027	-3.427177	49.727726	-2.725683	48.084102	-2.314777	48.259476	-2.261202	48.703017
232	#ffffff	#000000	#00000000	#00000000		53.498549	54.701979	-1.755856	57.111452	-0.683182	58.540775	-0.325852	58.272607	-0.379427	57.829065	1.394740	57.614765	2.797728	54.327516	1.725054	52.898193	1.367723	53.166361	0.956817	52.990988	0.255323	54.634612	-1.518844	54.848913	-1.465268	55.292455	-1.054362	55.467828
233	#66ccff	#000000	#00000000	#00000000		53.498549	54.701979	-2.895272	54.131299	-1.822598	55.560622	-1.465267	55.292454	-1.518843	54.848912	0.255324	54.634611	1.658312	51.347363	0.585639	49.918040	0.228308	50.186208	-0.182599	50.010835	-0.884092	51.654459	-2.658260	51.868760	-2.604684	52.312302	-2.193778	52.487675
234	#66ccff	#000000	#00000000	#00000000		53.498549	54.701979	5.948324	54.830829	4.875650	53.401506	4.518319	53.669674	4.571895	54.113216	2.797728	54.327517	1.394741	57.614766	2.467415	59.044089	2.824745	58.775921	3.235652	58.951294	3.937145	57.307669	5.711312	57.093368	5.657737	56.649826	5.246831	56.474453
235	#ffffff	#000000	#00000000	#00000000		53.498549	54.701979	10.636076	57.382378	11.337569	55.738754	10.926663	55.563381	10.569332	55.831549	9.496658	54.402226	5.948324	54.830829	5.246831	56.474453	5.657737	56.649826	5.711312	57.093368	7.485479	56.879067	8.558153	58.308390	8.915484	58.040221	8.861909	57.596679
236	#ffffff	#000000	#00000000	#00000000		53.498549	54.701979	19.877404	57.149994	20.950078	58.579317	21.307409	58.311149	21.253833	57.867607	23.028000	57.653306	24.430988	54.366058	23.358314	52.936734	23.000984	53.204903	22.590077	53.029530	21.888584	54.673154	20.114416	54.887454	20.167992	55.330996	20.578898	55.506370
237	#A0A0A0	#000000	#00000000	#00000000		53.498549	54.701979	32.269335	57.420922	32.970829	55.777298	32.559922	55.601924	32.202591	55.870093	31.129918	54.440769	27.581584	54.869371	26.880090	56.512995	27.290996	56.688368	27.344571	57.131910	29.118738	56.917609	30.191412	58.346933	30.548743	58.078764	30.495167	57.635223
238	#66ccff	#000000	#00000000	#00000000		53.498549	54.701979	27.581584	54.869371	26.508910	53.440047	26.151579	53.708216	26.205155	54.151758	24.430988	54.366058	23.028000	57.653306	24.100673	59.082630	24.458004	58.814461	24.868911	58.989835	25.570404	57.346211	27.344572	57.131910	27.290996	56.688368	26.880090	56.512995
239	#66ccff	#000000	#00000000	#00000000		53.498549	54.701979	39.973529	55.140300	38.900855	53.710977	38.543525	53.979145	38.597100	54.422687	36.822933	54.636988	35.419946	57.924237	36.492620	59.353560	36.849951	59.085392	37.260857	59.260765	37.962350	57.617141	39.736517	57.402839	39.682942	56.959298	39.272036	56.783924
240	#ffffff	#000000	#00000000	#00000000		53.498549	54.701979	44.661281	57.691849	45.362774	56.048225	44.951868	55.872852	44.594537	56.141020	43.521863	54.711697	39.973529	55.140300	39.272036	56.783924	39.682942	56.959297	39.736518	57.402839	41.510685	57.188538	42.583359	58.617861	42.940690	58.349692	42.887114	57.906150
241	#66ccff	#000000	#00000000	#00000000		53.498549	54.701979	49.214859	54.907909	48.142185	53.478586	47.784854	53.746754	47.838429	54.190296	46.064262	54.404597	44.661276	57.691846	45.733949	59.121169	46.091280	58.853001	46.502186	59.028374	47.203680	57.384749	48.977847	57.170448	48.924271	56.726906	48.513365	56.551533
242	#A0A0A0	#000000	#00000000	#00000000		53.498549	54.701979	53.902610	57.459459	54.604104	55.815835	54.193197	55.640462	53.835867	55.908630	52.763193	54.479307	49.214859	54.907909	48.513365	56.551533	48.924271	56.726906	48.977847	57.170448	50.752014	56.956147	51.824688	58.385470	52.182018	58.117302	52.128443	57.673760
243	#66ccff	#000000	#00000000	#00000000		53.498549	54.701979	15.189656	54.598442	14.116982	53.169119	13.759651	53.437287	13.813227	53.880829	12.039059	54.095129	10.636072	57.382377	11.708745	58.811701	12.066076	58.543532	12.476982	58.718906	13.178476	57.075282	14.952644	56.860981	14.899068	56.417439	14.488162	56.242066
244	#A0A0A0	#000000	#00000000	#00000000		53.498549	54.701979	-2.828535	16.661388	-1.755860	18.090711	-1.398530	17.822542	-1.452105	17.379000	0.322062	17.164698	1.725047	13.877449	0.652372	12.448127	0.295041	12.716296	-0.115865	12.540923	-0.817357	14.184547	-2.591524	14.398849	-2.537948	14.842391	-2.127042	15.017764
245	#006699	#000000	#00000000	#00000000		53.498549	54.701979	-1.957457	8.970565	-0.183290	8.756263	-0.129715	9.199805	-0.487045	9.467974	0.585629	10.897297	-0.817356	14.184546	-2.591522	14.398848	-2.645098	13.955306	-3.056004	13.779933	-2.354512	12.136308	-3.427186	10.706986	-3.069856	10.438817	-2.658949	10.614190
246	#66ccff	#000000	#00000000	#00000000		53.498549	54.701979	0.053724	6.493722	-1.018949	5.064399	-1.376280	5.332567	-1.322704	5.776109	-3.096872	5.990410	-4.499859	9.277658	-3.427186	10.706981	-3.069855	10.438813	-2.658948	10.614186	-1.957455	8.970563	-0.183288	8.756262	-0.236863	8.312720	-0.647769	8.137346
247	#A0A0A0	#000000	#00000000	#00000000		53.498549	54.701979	-1.219855	-1.821923	-2.994022	-1.607624	-2.940447	-1.164082	-2.529541	-0.988708	-3.231036	0.654915	-1.085691	3.513563	0.688476	3.299264	0.634901	2.855722	0.992232	2.587554	-0.080440	1.158230	0.621054	-0.485393	0.210149	-0.660767	-0.147182	-0.392599
248	#66ccff	#000000	#00000000	#00000000		53.498549	54.701979	57.383520	14.225453	59.157687	14.011151	59.104111	13.567609	58.693205	13.392236	59.394698	11.748611	57.249348	8.889967	55.475182	9.104269	55.528757	9.547810	55.171427	9.815979	56.244101	11.245302	55.542609	12.888926	55.953515	13.064299	56.310846	12.796131
249	#A0A0A0	#000000	#00000000	#00000000		53.498549	54.701979	52.427426	1.002931	53.500100	2.432254	53.857430	2.164086	53.803856	1.720543	55.578023	1.506242	56.981009	-1.781006	55.908335	-3.210329	55.551004	-2.942161	55.140098	-3.117534	54.438605	-1.473910	52.664438	-1.259609	52.718013	-0.816067	53.128919	-0.640694
250	#A0A0A0	#000000	#00000000	#00000000		53.498549	54.701979	-1.554943	24.977026	0.219224	24.762724	0.165648	24.319182	-0.245258	24.143809	0.456234	22.500184	-1.689115	19.641540	-3.463282	19.855842	-3.409706	20.299384	-3.767037	20.567553	-2.694362	21.996875	-3.395854	23.640500	-2.984948	23.815873	-2.627617	23.547704
251	#A0A0A0	#000000	#00000000	#00000000		53.498549	54.701979	19.877405	57.149994	20.578898	55.506370	20.167992	55.330996	19.810661	55.599165	18.737987	54.169841	15.189653	54.598443	14.488160	56.242067	14.899066	56.417440	14.952641	56.860982	16.726809	56.646681	17.799482	58.076005	18.156813	57.807836	18.103238	57.364294
252	#66ccff	#000000	#00000000	#00000000		53.498549	54.701979	58.322026	49.340036	59.023519	47.696411	58.612613	47.521038	58.255282	47.789207	57.182609	46.359883	53.634275	46.788486	52.932781	48.432110	53.343687	48.607483	53.397262	49.051025	55.171430	48.836724	56.244103	50.266047	56.601434	49.997879	56.547859	49.554337
