seq_id	start_fill_color	start_stroke_color	done_fill_color	done_stroke_color	footnote	img_width	img_height	px_0	py_0	px_1	py_1	px_2	py_2	px_3	py_3	px_4	py_4	px_5	py_5	px_6	py_6	px_7	py_7	px_8	py_8	px_9	py_9	px_10	py_10	px_11	py_11	px_12	py_12
0	#66ccff	#000000	#00000000	#00000000	Starting tile pattern based on a Tile(1, 4) tiling in a <a href="https://cs.uwaterloo.ca/~csk/hat/examples/animation.gif">looping animated GIF</a> by David Smith, Joseph Samuel Myers, Craig S. Kaplan, and Chaim Goodman-Strauss, used under <a href="http://creativecommons.org/licenses/by/4.0/">CC BY 4.0</a> / This is a recreation of the original rather than a screenshot, and the cropping, colors, and vertical orientation differ slightly from the original.	53.498549	54.701979	20.665397	20.453961	21.125897	20.119470	19.787935	18.277467	17.523731	18.515175	17.464305	17.949124	16.424449	17.486003	15.963948	17.820494	17.301911	19.662498	16.375670	21.742209	16.895598	21.973769	16.955025	22.539820	19.219228	22.302113	20.145469	20.222401
1	#A0A0A0	#000000	#00000000	#00000000		53.498549	54.701979	21.234101	16.429315	20.714173	16.197755	19.787934	18.277467	21.125897	20.119470	20.665397	20.453961	20.784251	21.586063	21.304179	21.817623	22.230419	19.737911	24.494622	19.500202	24.435194	18.934151	24.895695	18.599660	23.557732	16.757657	21.293529	16.995366
2	#ffffff	#000000	#00000000	#00000000		53.498549	54.701979	17.464303	17.949123	17.523730	18.515174	19.787933	18.277467	20.714174	16.197755	21.234101	16.429315	22.155103	15.760334	22.095677	15.194283	19.831473	15.431990	18.493510	13.589986	18.033010	13.924477	17.513082	13.692917	16.586841	15.772629	17.924804	17.614633
3	#ffffff	#000000	#00000000	#00000000		53.498549	54.701979	13.223356	14.981165	12.762856	15.315656	14.100818	17.157660	16.365022	16.919952	16.424448	17.486003	17.464305	17.949124	17.924805	17.614633	16.586843	15.772629	17.513083	13.692917	16.993155	13.461357	16.933729	12.895306	14.669525	13.133014	13.743284	15.212725
4	#66ccff	#000000	#00000000	#00000000		53.498549	54.701979	11.733646	19.674792	11.793073	20.240843	14.057277	20.003136	14.983518	17.923425	15.503446	18.154985	16.424448	17.486004	16.365022	16.919952	14.100818	17.157659	12.762856	15.315655	12.302355	15.650146	11.782427	15.418586	10.856186	17.498297	12.194148	19.340301
5	#006699	#000000	#00000000	#00000000		53.498549	54.701979	16.895596	21.973770	16.955023	22.539821	14.690820	22.777528	13.352857	20.935524	12.892356	21.270015	11.852501	20.806895	11.793074	20.240844	14.057278	20.003136	14.983518	17.923425	15.503446	18.154985	15.963947	17.820494	17.301909	19.662498	16.375668	21.742210
6	#A0A0A0	#000000	#00000000	#00000000		53.498549	54.701979	25.924901	14.240524	25.865474	13.674472	23.601271	13.912181	22.675031	15.991893	22.155103	15.760334	21.234101	16.429315	21.293529	16.995366	23.557732	16.757657	24.895696	18.599660	25.356196	18.265170	25.876125	18.496729	26.802364	16.417017	25.464400	14.575014
7	#66ccff	#000000	#00000000	#00000000		53.498549	54.701979	22.155103	15.760334	22.675031	15.991894	23.601271	13.912181	22.263307	12.070178	22.723808	11.735688	22.604954	10.603586	22.085026	10.372026	21.158786	12.451738	18.894583	12.689447	18.954010	13.255498	18.493510	13.589989	19.831473	15.431991	22.095676	15.194283
8	#006699	#000000	#00000000	#00000000		53.498549	54.701979	21.565098	10.140466	22.085026	10.372026	21.158786	12.451738	18.894583	12.689447	18.954010	13.255498	18.033009	13.924479	17.513081	13.692920	18.439320	11.613208	17.101356	9.771205	17.561857	9.436714	17.502430	8.870663	19.766633	8.632954	21.104597	10.474957
9	#66ccff	#000000	#00000000	#00000000		53.498549	54.701979	16.993155	13.461357	17.513083	13.692917	18.439324	11.613206	17.101362	9.771202	17.561862	9.436711	17.443009	8.304609	16.923081	8.073049	15.996840	10.152761	13.732636	10.390469	13.792063	10.956520	13.331562	11.291010	14.669525	13.133014	16.933729	12.895306
10	#66ccff	#000000	#00000000	#00000000		53.498549	54.701979	13.223356	14.981166	13.743284	15.212727	14.669525	13.133015	13.331562	11.291010	13.792063	10.956520	13.673209	9.824418	13.153281	9.592858	12.227041	11.672570	9.962837	11.910277	10.022264	12.476328	9.561763	12.810819	10.899726	14.652823	13.163929	14.415115
11	#A0A0A0	#000000	#00000000	#00000000		53.498549	54.701979	8.532554	17.169955	8.591981	17.736006	10.856184	17.498299	11.782425	15.418588	12.302354	15.650148	13.223355	14.981167	13.163929	14.415115	10.899726	14.652823	9.561764	12.810818	9.101263	13.145309	8.581335	12.913749	7.655093	14.993460	8.993055	16.835464
12	#ffffff	#000000	#00000000	#00000000		53.498549	54.701979	8.532554	17.169955	8.012626	16.938395	7.086385	19.018106	8.424347	20.860110	7.963845	21.194601	8.082699	22.326703	8.602627	22.558263	9.528868	20.478552	11.793072	20.240845	11.733645	19.674794	12.194146	19.340303	10.856184	17.498299	8.591981	17.736006
13	#ffffff	#000000	#00000000	#00000000		53.498549	54.701979	8.082699	22.326703	7.622198	22.661194	8.960161	24.503198	11.224364	24.265490	11.283791	24.831541	12.323647	25.294662	12.784147	24.960171	11.446185	23.118167	12.372425	21.038455	11.852497	20.806895	11.793071	20.240844	9.528867	20.478552	8.602626	22.558263
14	#66ccff	#000000	#00000000	#00000000		53.498549	54.701979	12.323647	25.294662	12.383074	25.860713	14.647277	25.623004	15.573517	23.543292	16.093445	23.774852	17.014446	23.105870	16.955019	22.539819	14.690816	22.777528	13.352852	20.935525	12.892352	21.270016	12.372424	21.038456	11.446184	23.118168	12.784147	24.960171
15	#A0A0A0	#000000	#00000000	#00000000		53.498549	54.701979	15.524740	27.799498	15.584167	28.365549	17.848370	28.127840	18.774610	26.048128	19.294538	26.279688	20.215539	25.610706	20.156112	25.044655	17.891909	25.282364	16.553945	23.440361	16.093445	23.774852	15.573517	23.543292	14.647277	25.623004	15.985240	27.465007
16	#A0A0A0	#000000	#00000000	#00000000		53.498549	54.701979	20.215539	25.610706	20.735467	25.842266	21.661707	23.762554	20.323744	21.920551	20.784244	21.586060	20.665390	20.453959	20.145462	20.222399	19.219222	22.302111	16.955019	22.539820	17.014446	23.105871	16.553945	23.440362	17.891909	25.282365	20.156112	25.044655
17	#66ccff	#000000	#00000000	#00000000		53.498549	54.701979	20.784245	21.586060	20.323744	21.920551	21.661707	23.762554	23.925910	23.524845	23.985338	24.090896	25.025194	24.554016	25.485694	24.219525	24.147731	22.377523	25.073971	20.297811	24.554043	20.066250	24.494615	19.500199	22.230412	19.737908	21.304173	21.817620
18	#ffffff	#000000	#00000000	#00000000		53.498549	54.701979	20.215539	25.610706	19.755039	25.945197	21.093002	27.787200	23.357205	27.549491	23.416632	28.115542	24.456489	28.578662	24.916989	28.244171	23.579026	26.402168	24.505266	24.322457	23.985337	24.090897	23.925910	23.524846	21.661707	23.762554	20.735467	25.842266
19	#ffffff	#000000	#00000000	#00000000		53.498549	54.701979	24.456489	28.578662	24.515916	29.144713	26.780119	28.907004	27.706359	26.827293	28.226287	27.058853	29.147288	26.389871	29.087861	25.823820	26.823658	26.061529	25.485694	24.219526	25.025194	24.554017	24.505266	24.322457	23.579026	26.402168	24.916989	28.244171
20	#66ccff	#000000	#00000000	#00000000		53.498549	54.701979	28.226287	27.058852	27.706359	26.827293	26.780118	28.907004	28.118081	30.749008	27.657580	31.083499	27.776434	32.215600	28.296362	32.447161	29.222603	30.367449	31.486806	30.129741	31.427380	29.563690	31.887880	29.229200	30.549918	27.387196	28.285714	27.624903
21	#66ccff	#000000	#00000000	#00000000		53.498549	54.701979	29.147288	26.389871	29.667216	26.621431	30.593456	24.541719	29.255493	22.699716	29.715993	22.365225	29.597139	21.233124	29.077210	21.001564	28.150971	23.081276	25.886768	23.318985	25.946195	23.885036	25.485694	24.219527	26.823658	26.061529	29.087861	25.823820
22	#A0A0A0	#000000	#00000000	#00000000		53.498549	54.701979	32.917086	24.870059	32.857659	24.304009	30.593455	24.541719	29.667217	26.621431	29.147288	26.389871	28.226287	27.058853	28.285715	27.624904	30.549918	27.387194	31.887883	29.229196	32.348383	28.894706	32.868311	29.126265	33.794550	27.046553	32.456585	25.204550
23	#66ccff	#000000	#00000000	#00000000		53.498549	54.701979	27.657580	31.083500	28.118081	30.749008	26.780117	28.907005	24.515914	29.144714	24.456487	28.578663	23.416630	28.115543	22.956130	28.450034	24.294093	30.292037	23.367853	32.371749	23.887782	32.603309	23.947209	33.169360	26.211412	32.931651	27.137652	30.851939
24	#006699	#000000	#00000000	#00000000		53.498549	54.701979	23.887782	32.603309	23.947209	33.169360	21.683006	33.407069	20.345042	31.565066	19.884542	31.899557	18.844685	31.436437	18.785258	30.870386	21.049461	30.632677	21.975701	28.552965	22.495629	28.784525	22.956130	28.450035	24.294093	30.292037	23.367853	32.371749
25	#66ccff	#000000	#00000000	#00000000		53.498549	54.701979	18.725833	30.304334	18.785260	30.870385	21.049463	30.632676	21.975703	28.552964	22.495631	28.784524	23.416632	28.115542	23.357205	27.549491	21.093002	27.787200	19.755038	25.945197	19.294537	26.279688	18.774609	26.048128	17.848369	28.127840	19.186333	29.969843
26	#A0A0A0	#000000	#00000000	#00000000		53.498549	54.701979	15.524739	27.799498	15.004811	27.567938	14.078571	29.647650	15.416535	31.489653	14.956034	31.824144	15.074889	32.956246	15.594817	33.187805	16.521057	31.108093	18.785260	30.870385	18.725833	30.304334	19.186333	29.969843	17.848369	28.127840	15.584166	28.365549
27	#A0A0A0	#000000	#00000000	#00000000		53.498549	54.701979	15.524739	27.799498	15.985240	27.465007	14.647275	25.623005	12.383072	25.860715	12.323644	25.294664	11.283788	24.831545	10.823287	25.166036	12.161252	27.008038	11.235013	29.087751	11.754941	29.319310	11.814369	29.885361	14.078572	29.647651	15.004811	27.567938
28	#66ccff	#000000	#00000000	#00000000		53.498549	54.701979	11.754941	29.319309	11.235013	29.087749	10.308773	31.167461	11.646737	33.009464	11.186237	33.343955	11.305091	34.476056	11.825020	34.707616	12.751259	32.627904	15.015462	32.390195	14.956035	31.824143	15.416535	31.489653	14.078571	29.647650	11.814368	29.885360
29	#006699	#000000	#00000000	#00000000		53.498549	54.701979	7.182996	32.640203	6.663068	32.408643	7.589307	30.328931	9.853510	30.091222	9.794083	29.525171	10.715084	28.856189	11.235013	29.087749	10.308773	31.167461	11.646737	33.009464	11.186237	33.343955	11.245664	33.910006	8.981461	34.147715	7.643497	32.305712
30	#A0A0A0	#000000	#00000000	#00000000		53.498549	54.701979	11.283788	24.831545	11.224361	24.265494	8.960157	24.503204	8.033919	26.582917	7.513991	26.351357	6.592990	27.020340	6.652417	27.586390	8.916620	27.348680	10.254585	29.190683	10.715086	28.856192	11.235014	29.087751	12.161252	27.008038	10.823287	25.166036
31	#66ccff	#000000	#00000000	#00000000		53.498549	54.701979	7.513990	26.351357	8.033918	26.582916	8.960157	24.503204	7.622193	22.661202	8.082693	22.326711	7.963838	21.194609	7.443910	20.963050	6.517671	23.042762	4.253468	23.280472	4.312895	23.846523	3.852395	24.181014	5.190359	26.023016	7.454563	25.785306
32	#66ccff	#000000	#00000000	#00000000		53.498549	54.701979	6.592990	27.020340	6.073061	26.788780	5.146823	28.868493	6.484787	30.710495	6.024287	31.044986	6.143142	32.177088	6.663070	32.408647	7.589309	30.328935	9.853512	30.091225	9.794085	29.525174	10.254585	29.190683	8.916620	27.348680	6.652417	27.586390
33	#A0A0A0	#000000	#00000000	#00000000		53.498549	54.701979	2.823192	28.540153	2.882619	29.106204	5.146823	28.868493	6.073061	26.788780	6.592989	27.020340	7.513991	26.351357	7.454563	25.785307	5.190360	26.023017	3.852395	24.181015	3.391894	24.515507	2.871966	24.283947	1.945728	26.363660	3.283693	28.205662
34	#ffffff	#000000	#00000000	#00000000		53.498549	54.701979	2.823192	28.540152	2.303264	28.308592	1.377025	30.388305	2.714990	32.230308	2.254489	32.564798	2.373344	33.696900	2.893273	33.928460	3.819511	31.848747	6.083715	31.611037	6.024287	31.044987	6.484788	30.710496	5.146823	28.868493	2.882619	29.106203
35	#66ccff	#000000	#00000000	#00000000		53.498549	54.701979	-1.986460	29.596842	-2.446961	29.931333	-1.108997	31.773336	1.155206	31.535627	1.214633	32.101678	2.254489	32.564798	2.714990	32.230308	1.377026	30.388305	2.303266	28.308593	1.783338	28.077033	1.723911	27.510981	-0.540292	27.748690	-1.466532	29.828402
36	#006699	#000000	#00000000	#00000000		53.498549	54.701979	-1.396454	35.216709	-1.856955	35.551200	-3.194919	33.709197	-2.268679	31.629485	-2.788607	31.397926	-2.907462	30.265824	-2.446961	29.931333	-1.108997	31.773336	1.155206	31.535627	1.214633	32.101678	1.734561	32.333238	0.808322	34.412949	-1.455882	34.650658
37	#66ccff	#000000	#00000000	#00000000		53.498549	54.701979	1.804642	37.721546	2.324570	37.953106	3.250808	35.873393	1.912843	34.031391	2.373344	33.696899	2.254489	32.564798	1.734561	32.333239	0.808323	34.412951	-1.455880	34.650662	-1.396453	35.216713	-1.856954	35.551204	-0.518989	37.393206	1.745214	37.155495
38	#A0A0A0	#000000	#00000000	#00000000		53.498549	54.701979	-1.417755	25.572197	-1.878256	25.906688	-0.540292	27.748691	1.723911	27.510981	1.783338	28.077033	2.823194	28.540152	3.283695	28.205662	1.945732	26.363659	2.871971	24.283947	2.352043	24.052387	2.292616	23.486336	0.028413	23.724045	-0.897827	25.803757
39	#66ccff	#000000	#00000000	#00000000		53.498549	54.701979	-0.849050	21.547552	-1.309551	21.882043	0.028413	23.724046	2.292616	23.486336	2.352043	24.052387	3.391899	24.515507	3.852400	24.181016	2.514437	22.339013	3.440676	20.259301	2.920748	20.027742	2.861321	19.461691	0.597118	19.699400	-0.329122	21.779111
40	#006699	#000000	#00000000	#00000000		53.498549	54.701979	4.312901	23.846526	3.852401	24.181017	2.514437	22.339014	3.440676	20.259301	2.920748	20.027741	2.801894	18.895640	3.262395	18.561149	4.600358	20.403152	6.864561	20.165443	6.923989	20.731494	7.443917	20.963054	6.517677	23.042766	4.253474	23.280475
41	#A0A0A0	#000000	#00000000	#00000000		53.498549	54.701979	-0.399200	16.390804	-0.919128	16.159244	-1.845367	18.238956	-0.507404	20.080959	-0.967905	20.415450	-0.849050	21.547551	-0.329122	21.779111	0.597118	19.699399	2.861321	19.461691	2.801894	18.895640	3.262394	18.561149	1.924431	16.719146	-0.339772	16.956855
42	#A0A0A0	#000000	#00000000	#00000000		53.498549	54.701979	4.291600	14.202013	4.232173	13.635961	1.967970	13.873670	1.041730	15.953382	0.521802	15.721822	-0.399200	16.390804	-0.339772	16.956855	1.924431	16.719146	3.262394	18.561149	3.722895	18.226658	4.242823	18.458218	5.169063	16.378506	3.831099	14.536503
43	#66ccff	#000000	#00000000	#00000000		53.498549	54.701979	3.722895	18.226658	3.262394	18.561149	4.600358	20.403152	6.864561	20.165443	6.923988	20.731494	7.963844	21.194614	8.424345	20.860123	7.086382	19.018120	8.012621	16.938408	7.492693	16.706848	7.433266	16.140797	5.169063	16.378506	4.242823	18.458218
44	#A0A0A0	#000000	#00000000	#00000000		53.498549	54.701979	4.291600	14.202013	3.831099	14.536503	5.169063	16.378506	7.433266	16.140797	7.492693	16.706848	8.532549	17.169968	8.993050	16.835477	7.655087	14.993474	8.581326	12.913762	8.061398	12.682203	8.001971	12.116151	5.737768	12.353860	4.811528	14.433572
45	#A0A0A0	#000000	#00000000	#00000000		53.498549	54.701979	4.291601	14.202013	4.811529	14.433573	5.737768	12.353860	4.399804	10.511857	4.860305	10.177367	4.741451	9.045265	4.221523	8.813705	3.295283	10.893417	1.031080	11.131126	1.090508	11.697177	0.630007	12.031668	1.967970	13.873670	4.232173	13.635962
46	#66ccff	#000000	#00000000	#00000000		53.498549	54.701979	4.860305	10.177366	4.399804	10.511857	5.737768	12.353860	8.001971	12.116151	8.061398	12.682203	9.101255	13.145322	9.561755	12.810832	8.223792	10.968829	9.150032	8.889117	8.630103	8.657557	8.570676	8.091506	6.306473	8.329214	5.380233	10.408926
47	#66ccff	#000000	#00000000	#00000000		53.498549	54.701979	0.521803	15.721823	1.041731	15.953383	1.967971	13.873671	0.630007	12.031668	1.090508	11.697177	0.971653	10.565075	0.451725	10.333515	-0.474514	12.413227	-2.738717	12.650936	-2.679290	13.216987	-3.139791	13.551478	-1.801827	15.393481	0.462376	15.155772
48	#A0A0A0	#000000	#00000000	#00000000		53.498549	54.701979	4.741451	9.045265	5.201952	8.710774	3.863988	6.868771	1.599785	7.106480	1.540358	6.540429	0.500502	6.077309	0.040001	6.411800	1.377965	8.253803	0.451725	10.333514	0.971653	10.565074	1.031080	11.131125	3.295283	10.893417	4.221523	8.813705
49	#A0A0A0	#000000	#00000000	#00000000		53.498549	54.701979	-2.700591	3.572473	-3.161092	3.906964	-1.823129	5.748967	0.441074	5.511258	0.500502	6.077309	1.540358	6.540429	2.000859	6.205938	0.662895	4.363935	1.589135	2.284223	1.069207	2.052663	1.009780	1.486612	-1.254424	1.724321	-2.180663	3.804033
50	#66ccff	#000000	#00000000	#00000000		53.498549	54.701979	1.540358	6.540429	1.599785	7.106480	3.863988	6.868771	4.790228	4.789059	5.310156	5.020619	6.231158	4.351637	6.171730	3.785586	3.907527	4.023295	2.569564	2.181292	2.109063	2.515783	1.589135	2.284223	0.662895	4.363935	2.000859	6.205938
51	#ffffff	#000000	#00000000	#00000000		53.498549	54.701979	5.310157	5.020619	4.790228	4.789059	3.863987	6.868771	5.201950	8.710775	4.741449	9.045265	4.860303	10.177367	5.380231	10.408927	6.306472	8.329215	8.570676	8.091508	8.511249	7.525457	8.971750	7.190966	7.633787	5.348962	5.369584	5.586670
52	#ffffff	#000000	#00000000	#00000000		53.498549	54.701979	10.000959	2.831830	9.941532	2.265779	7.677329	2.503486	6.751087	4.583197	6.231159	4.351637	5.310157	5.020618	5.369584	5.586670	7.633787	5.348963	8.971749	7.190967	9.432250	6.856476	9.952178	7.088036	10.878420	5.008325	9.540458	3.166321
53	#006699	#000000	#00000000	#00000000		53.498549	54.701979	10.022256	12.476341	9.561756	12.810832	8.223792	10.968829	9.150032	8.889117	8.630103	8.657557	8.511249	7.525455	8.971750	7.190964	10.309713	9.032967	12.573917	8.795258	12.633344	9.361309	13.153272	9.592870	12.227032	11.672581	9.962829	11.910290
54	#66ccff	#000000	#00000000	#00000000		53.498549	54.701979	9.432250	6.856476	8.971749	7.190967	10.309711	9.032971	12.573914	8.795264	12.633341	9.361315	13.673197	9.824435	14.133698	9.489944	12.795736	7.647940	13.721977	5.568229	13.202049	5.336669	13.142622	4.770618	10.878419	5.008325	9.952178	7.088036
55	#66ccff	#000000	#00000000	#00000000		53.498549	54.701979	10.000958	2.831830	9.540457	3.166320	10.878419	5.008325	13.142622	4.770618	13.202049	5.336669	14.241905	5.799789	14.702406	5.465298	13.364444	3.623294	14.290685	1.543582	13.770757	1.312022	13.711331	0.745971	11.447127	0.983678	10.520886	3.063390
56	#006699	#000000	#00000000	#00000000		53.498549	54.701979	15.162907	5.130808	14.702406	5.465298	13.364444	3.623294	14.290685	1.543583	13.770757	1.312023	13.651904	0.179921	14.112405	-0.154570	15.450367	1.687435	17.714570	1.449728	17.773997	2.015779	18.293925	2.247339	17.367684	4.327050	15.103480	4.564757
57	#ffffff	#000000	#00000000	#00000000		53.498549	54.701979	13.673196	9.824435	13.732623	10.390486	15.996826	10.152779	16.923068	8.073067	17.442996	8.304627	18.363998	7.635646	18.304571	7.069595	16.040367	7.307303	14.702405	5.465299	14.241905	5.799789	13.721977	5.568229	12.795735	7.647940	14.133697	9.489944
58	#66ccff	#000000	#00000000	#00000000		53.498549	54.701979	18.363998	7.635646	18.883926	7.867207	19.810167	5.787495	18.472205	3.945491	18.932706	3.611000	18.813853	2.478899	18.293925	2.247338	17.367683	4.327050	15.103480	4.564757	15.162907	5.130808	14.702405	5.465299	16.040367	7.307303	18.304571	7.069595
59	#66ccff	#000000	#00000000	#00000000		53.498549	54.701979	22.133798	6.115838	22.074371	5.549787	19.810168	5.787495	18.883926	7.867206	18.363998	7.635646	17.442996	8.304627	17.502422	8.870678	19.766626	8.632971	21.104588	10.474975	21.565089	10.140484	22.085017	10.372045	23.011259	8.292333	21.673296	6.450329
60	#ffffff	#000000	#00000000	#00000000		53.498549	54.701979	18.932706	3.611000	18.472205	3.945491	19.810167	5.787495	22.074370	5.549788	22.133797	6.115839	23.173653	6.578959	23.634154	6.244469	22.296192	4.402465	23.222433	2.322753	22.702505	2.091193	22.643078	1.525142	20.378875	1.762849	19.452634	3.842561
61	#66ccff	#000000	#00000000	#00000000		53.498549	54.701979	23.173653	6.578959	23.233079	7.145010	25.497283	6.907303	26.423524	4.827592	26.943452	5.059152	27.864454	4.390171	27.805027	3.824120	25.540824	4.061827	24.202862	2.219823	23.742361	2.554314	23.222433	2.322754	22.296192	4.402465	23.634154	6.244469
62	#ffffff	#000000	#00000000	#00000000		53.498549	54.701979	19.382559	-1.545748	18.862631	-1.777308	17.936390	0.302404	19.274353	2.144408	18.813852	2.478898	18.932706	3.611000	19.452634	3.842561	20.378874	1.762849	22.643078	1.525141	22.583651	0.959090	23.044152	0.624599	21.706189	-1.217404	19.441986	-0.979697
63	#006699	#000000	#00000000	#00000000		53.498549	54.701979	27.745601	3.258069	27.805028	3.824120	25.540825	4.061827	24.202862	2.219823	23.742361	2.554314	22.702505	2.091193	22.643078	1.525142	24.907282	1.287435	25.833523	-0.792276	26.353451	-0.560716	26.813952	-0.895207	28.151914	0.946797	27.225673	3.026509
64	#A0A0A0	#000000	#00000000	#00000000		53.498549	54.701979	26.374744	9.083798	26.835245	8.749307	25.497283	6.907303	23.233080	7.145010	23.173653	6.578959	22.133797	6.115838	21.673296	6.450329	23.011258	8.292334	22.085017	10.372044	22.604945	10.603605	22.664371	11.169656	24.928575	10.931949	25.854816	8.852238
65	#A0A0A0	#000000	#00000000	#00000000		53.498549	54.701979	25.924891	14.240546	26.444819	14.472106	27.371060	12.392395	26.033097	10.550391	26.493598	10.215900	26.374743	9.083798	25.854816	8.852238	24.928575	10.931949	22.664372	11.169657	22.723799	11.735708	22.263298	12.070199	23.601261	13.912203	25.865464	13.674495
66	#A0A0A0	#000000	#00000000	#00000000		53.498549	54.701979	25.924891	14.240546	25.464390	14.575037	26.802353	16.417041	29.066556	16.179333	29.125983	16.745384	30.165838	17.208504	30.626339	16.874014	29.288376	15.032010	30.214617	12.952298	29.694689	12.720738	29.635262	12.154687	27.371059	12.392394	26.444818	14.472106
67	#66ccff	#000000	#00000000	#00000000		53.498549	54.701979	25.356184	18.265192	24.895683	18.599683	26.233646	20.441687	28.497849	20.203979	28.557276	20.770030	29.597131	21.233151	30.057632	20.898660	28.719670	19.056656	29.645910	16.976944	29.125982	16.745384	29.066556	16.179333	26.802353	16.417041	25.876112	18.496752
68	#006699	#000000	#00000000	#00000000		53.498549	54.701979	25.946186	23.885061	25.485686	24.219552	24.147723	22.377548	25.073964	20.297836	24.554036	20.066276	24.435182	18.934174	24.895683	18.599684	26.233646	20.441688	28.497849	20.203979	28.557276	20.770030	29.077204	21.001590	28.150963	23.081302	25.886760	23.319010
69	#ffffff	#000000	#00000000	#00000000		53.498549	54.701979	29.715993	22.365225	29.255493	22.699716	30.593456	24.541719	32.857659	24.304010	32.917086	24.870061	33.956943	25.333181	34.417443	24.998690	33.079480	23.156687	34.005720	21.076975	33.485792	20.845415	33.426364	20.279364	31.162161	20.517073	30.235921	22.596785
70	#ffffff	#000000	#00000000	#00000000		53.498549	54.701979	30.165847	17.208476	29.645919	16.976916	28.719678	19.056628	30.057641	20.898632	29.597140	21.233123	29.715994	22.365224	30.235921	22.596785	31.162162	20.517073	33.426366	20.279365	33.366939	19.713314	33.827440	19.378824	32.489477	17.536820	30.225274	17.774527
71	#A0A0A0	#000000	#00000000	#00000000		53.498549	54.701979	30.165847	17.208477	30.225274	17.774528	32.489477	17.536820	33.415718	15.457108	33.935646	15.688668	34.856648	15.019687	34.797221	14.453636	32.533018	14.691344	31.195055	12.849340	30.734554	13.183831	30.214626	12.952271	29.288385	15.031982	30.626348	16.873986
72	#006699	#000000	#00000000	#00000000		53.498549	54.701979	34.266645	9.399819	34.786573	9.631379	33.860332	11.711090	31.596129	11.948798	31.655556	12.514849	30.734554	13.183831	30.214626	12.952271	31.140867	10.872559	29.802904	9.030555	30.263405	8.696064	30.203978	8.130013	32.468182	7.892306	33.806144	9.734309
73	#66ccff	#000000	#00000000	#00000000		53.498549	54.701979	29.694697	12.720711	30.214626	12.952271	31.140867	10.872559	29.802904	9.030555	30.263405	8.696064	30.144551	7.563963	29.624623	7.332402	28.698382	9.412114	26.434179	9.649822	26.493605	10.215873	26.033105	10.550364	27.371067	12.392368	29.635271	12.154660
74	#ffffff	#000000	#00000000	#00000000		53.498549	54.701979	26.374752	9.083771	26.434179	9.649822	28.698382	9.412114	29.624623	7.332402	30.144551	7.563963	31.065553	6.894982	31.006126	6.328931	28.741923	6.566638	27.403960	4.724634	26.943459	5.059125	26.423531	4.827565	25.497290	6.907277	26.835253	8.749281
75	#ffffff	#000000	#00000000	#00000000		53.498549	54.701979	31.065553	6.894982	31.585481	7.126542	32.511722	5.046830	31.173759	3.204826	31.634260	2.870335	31.515406	1.738234	30.995478	1.506674	30.069237	3.586385	27.805034	3.824093	27.864461	4.390144	27.403960	4.724635	28.741922	6.566639	31.006126	6.328931
76	#66ccff	#000000	#00000000	#00000000		53.498549	54.701979	31.515406	1.738234	31.975907	1.403743	30.637944	-0.438261	28.373741	-0.200553	28.314314	-0.766604	27.274458	-1.229724	26.813958	-0.895234	28.151920	0.946770	27.225680	3.026482	27.745608	3.258042	27.805034	3.824093	30.069237	3.586385	30.995478	1.506674
77	#A0A0A0	#000000	#00000000	#00000000		53.498549	54.701979	32.084115	-2.286412	31.564187	-2.517972	30.637945	-0.438261	31.975907	1.403743	31.515406	1.738234	31.634260	2.870336	32.154188	3.101896	33.080429	1.022185	35.344632	0.784478	35.285206	0.218427	35.745707	-0.116064	34.407745	-1.958068	32.143541	-1.720361
78	#66ccff	#000000	#00000000	#00000000		53.498549	54.701979	31.634260	2.870336	31.173759	3.204827	32.511722	5.046831	34.775925	4.809123	34.835352	5.375174	35.875207	5.838294	36.335708	5.503804	34.997745	3.661800	35.923986	1.582088	35.404058	1.350528	35.344631	0.784477	33.080428	1.022185	32.154187	3.101896
79	#006699	#000000	#00000000	#00000000		53.498549	54.701979	35.404058	1.350528	35.344631	0.784477	37.608835	0.546769	38.946797	2.388773	39.407298	2.054282	40.447154	2.517403	40.506580	3.083454	38.242377	3.321161	37.316136	5.400873	36.796208	5.169313	36.335707	5.503803	34.997745	3.661800	35.923986	1.582088
80	#66ccff	#000000	#00000000	#00000000		53.498549	54.701979	34.835353	5.375174	34.775926	4.809123	32.511723	5.046830	31.585481	7.126541	31.065553	6.894981	30.144551	7.563963	30.203978	8.130014	32.468181	7.892307	33.806143	9.734310	34.266644	9.399820	34.786572	9.631380	35.712814	7.551668	34.374852	5.709664
81	#ffffff	#000000	#00000000	#00000000		53.498549	54.701979	39.076300	8.343133	39.536801	8.008642	38.198839	6.166638	35.934636	6.404345	35.875209	5.838294	34.835354	5.375174	34.374852	5.709664	35.712814	7.551668	34.786572	9.631380	35.306500	9.862940	35.365927	10.428991	37.630131	10.191284	38.556372	8.111572
82	#66ccff	#000000	#00000000	#00000000		53.498549	54.701979	40.566011	3.649506	40.506584	3.083455	38.242381	3.321162	37.316140	5.400873	36.796212	5.169313	35.875210	5.838294	35.934636	6.404345	38.198839	6.166638	39.536801	8.008642	39.997302	7.674152	40.517231	7.905712	41.443472	5.826001	40.105510	3.983997
83	#ffffff	#000000	#00000000	#00000000		53.498549	54.701979	43.767102	6.154345	44.287030	6.385905	45.213271	4.306194	43.875309	2.464190	44.335810	2.129699	44.216957	0.997597	43.697029	0.766037	42.770788	2.845748	40.506584	3.083455	40.566011	3.649506	40.105510	3.983997	41.443472	5.826001	43.707675	5.588294
84	#66ccff	#000000	#00000000	#00000000		53.498549	54.701979	43.767103	6.154344	43.707676	5.588293	41.443472	5.826001	40.517230	7.905712	39.997302	7.674152	39.076300	8.343133	39.135727	8.909184	41.399931	8.671477	42.737893	10.513482	43.198394	10.178991	43.718322	10.410551	44.644563	8.330839	43.306601	6.488835
85	#006699	#000000	#00000000	#00000000		53.498549	54.701979	43.198394	10.178991	43.718322	10.410552	42.792081	12.490263	40.527877	12.727970	40.587304	13.294021	39.666302	13.963002	39.146374	13.731441	40.072615	11.651730	38.734653	9.809726	39.195154	9.475236	39.135728	8.909185	41.399931	8.671478	42.737893	10.513482
86	#66ccff	#000000	#00000000	#00000000		53.498549	54.701979	38.626445	13.499881	39.146373	13.731441	40.072614	11.651730	38.734652	9.809725	39.195154	9.475235	39.076300	8.343133	38.556372	8.111572	37.630131	10.191284	35.365927	10.428991	35.425354	10.995042	34.964853	11.329533	36.302815	13.171537	38.567018	12.933830
87	#66ccff	#000000	#00000000	#00000000		53.498549	54.701979	34.856645	15.019688	35.376573	15.251248	36.302815	13.171537	34.964853	11.329533	35.425354	10.995043	35.306500	9.862941	34.786572	9.631380	33.860331	11.711091	31.596128	11.948799	31.655554	12.514850	31.195053	12.849340	32.533015	14.691344	34.797219	14.453637
88	#ffffff	#000000	#00000000	#00000000		53.498549	54.701979	34.856645	15.019689	34.396144	15.354179	35.734106	17.196184	37.998309	16.958477	38.057736	17.524528	39.097592	17.987648	39.558093	17.653157	38.220131	15.811153	39.146372	13.731441	38.626444	13.499881	38.567017	12.933830	36.302815	13.171537	35.376573	15.251249
89	#66ccff	#000000	#00000000	#00000000		53.498549	54.701979	33.366934	19.713316	33.426361	20.279367	35.690564	20.041660	36.616805	17.961949	37.136734	18.193509	38.057735	17.524528	37.998309	16.958477	35.734106	17.196184	34.396144	15.354179	33.935643	15.688670	33.415715	15.457110	32.489473	17.536821	33.827435	19.378825
90	#006699	#000000	#00000000	#00000000		53.498549	54.701979	38.528884	22.012294	38.588310	22.578345	36.324107	22.816052	34.986145	20.974048	34.525644	21.308538	33.485788	20.845417	33.426362	20.279366	35.690565	20.041659	36.616806	17.961948	37.136734	18.193508	37.597235	17.859018	38.935197	19.701022	38.008956	21.780734
91	#66ccff	#000000	#00000000	#00000000		53.498549	54.701979	33.956943	25.333181	34.016370	25.899232	36.280573	25.661523	37.206813	23.581811	37.726741	23.813371	38.647742	23.144390	38.588315	22.578339	36.324112	22.816048	34.986148	20.974045	34.525648	21.308536	34.005720	21.076975	33.079480	23.156687	34.417443	24.998690
92	#A0A0A0	#000000	#00000000	#00000000		53.498549	54.701979	37.158036	27.838016	37.618537	27.503525	36.280573	25.661523	34.016370	25.899232	33.956943	25.333181	32.917086	24.870061	32.456586	25.204552	33.794549	27.046555	32.868309	29.126267	33.388238	29.357826	33.447665	29.923877	35.711868	29.686168	36.638108	27.606457
93	#66ccff	#000000	#00000000	#00000000		53.498549	54.701979	36.589331	31.862662	37.049831	31.528171	35.711868	29.686168	33.447665	29.923877	33.388238	29.357826	32.348381	28.894706	31.887881	29.229197	33.225844	31.071200	32.299604	33.150912	32.819533	33.382472	32.878960	33.948523	35.143163	33.710814	36.069403	31.631102
94	#006699	#000000	#00000000	#00000000		53.498549	54.701979	31.427379	29.563687	31.887880	29.229197	33.225844	31.071200	32.299604	33.150912	32.819532	33.382472	32.938387	34.514574	32.477886	34.849065	31.139922	33.007062	28.875719	33.244771	28.816292	32.678720	28.296364	32.447159	29.222604	30.367447	31.486807	30.129739
95	#ffffff	#000000	#00000000	#00000000		53.498549	54.701979	36.139480	37.019410	36.659408	37.250969	37.585648	35.171258	36.247685	33.329255	36.708185	32.994764	36.589331	31.862662	36.069403	31.631103	35.143163	33.710814	32.878960	33.948523	32.938387	34.514574	32.477886	34.849065	33.815850	36.691068	36.080053	36.453359
96	#A0A0A0	#000000	#00000000	#00000000		53.498549	54.701979	37.158035	27.838015	36.638107	27.606455	35.711868	29.686168	37.049831	31.528171	36.589331	31.862662	36.708185	32.994764	37.228114	33.226324	38.154353	31.146611	40.418556	30.908902	40.359129	30.342850	40.819629	30.008360	39.481665	28.166357	37.217462	28.404066
97	#A0A0A0	#000000	#00000000	#00000000		53.498549	54.701979	37.158035	27.838014	37.217462	28.404066	39.481665	28.166357	40.407905	26.086644	40.927833	26.318204	41.848834	25.649221	41.789407	25.083170	39.525204	25.320880	38.187240	23.478877	37.726739	23.813368	37.206811	23.581808	36.280572	25.661521	37.618536	27.503524
98	#A0A0A0	#000000	#00000000	#00000000		53.498549	54.701979	41.848834	25.649221	42.368762	25.880781	43.295002	23.801069	41.957038	21.959066	42.417538	21.624575	42.298684	20.492473	41.778756	20.260914	40.852516	22.340626	38.588313	22.578336	38.647740	23.144387	38.187240	23.478877	39.525204	25.320880	41.789407	25.083170
99	#66ccff	#000000	#00000000	#00000000		53.498549	54.701979	42.298684	20.492473	42.759184	20.157982	41.421220	18.315979	39.157017	18.553689	39.097590	17.987638	38.057734	17.524518	37.597233	17.859009	38.935197	19.701012	38.008958	21.780725	38.528886	22.012284	38.588313	22.578336	40.852516	22.340626	41.778756	20.260914
100	#ffffff	#000000	#00000000	#00000000		53.498549	54.701979	39.097590	17.987637	39.157017	18.553688	41.421220	18.315979	42.347460	16.236267	42.867388	16.467827	43.788389	15.798844	43.728962	15.232793	41.464759	15.470503	40.126795	13.628500	39.666294	13.962990	39.146366	13.731431	38.220127	15.811143	39.558091	17.653146
101	#66ccff	#000000	#00000000	#00000000		53.498549	54.701979	43.788389	15.798844	44.308318	16.030404	45.234557	13.950691	43.896593	12.108688	44.357094	11.774198	44.238239	10.642096	43.718311	10.410536	42.792071	12.490249	40.527868	12.727958	40.587296	13.294009	40.126795	13.628500	41.464759	15.470503	43.728962	15.232793
102	#A0A0A0	#000000	#00000000	#00000000		53.498549	54.701979	48.008049	9.122304	48.468551	8.787813	47.130589	6.945809	44.866385	7.183516	44.806959	6.617465	43.767103	6.154345	43.306602	6.488836	44.644564	8.330840	43.718322	10.410551	44.238250	10.642111	44.297677	11.208162	46.561880	10.970455	47.488121	8.890744
103	#66ccff	#000000	#00000000	#00000000		53.498549	54.701979	48.576758	5.097658	49.037259	4.763167	47.699297	2.921163	45.435094	3.158870	45.375667	2.592819	44.335812	2.129699	43.875310	2.464189	45.213272	4.306194	44.287031	6.385905	44.806959	6.617465	44.866386	7.183516	47.130589	6.945809	48.056830	4.866098
104	#006699	#000000	#00000000	#00000000		53.498549	54.701979	47.986757	-0.522211	48.447258	-0.856702	49.785220	0.985303	48.858979	3.065014	49.378907	3.296574	49.497761	4.428676	49.037259	4.763167	47.699297	2.921163	45.435094	3.158870	45.375667	2.592819	44.855739	2.361259	45.781981	0.281547	48.046184	0.043840
105	#ffffff	#000000	#00000000	#00000000		53.498549	54.701979	48.008049	9.122304	48.067476	9.688355	50.331680	9.450648	51.257921	7.370936	51.777849	7.602496	52.698851	6.933515	52.639424	6.367464	50.375221	6.605171	49.037259	4.763168	48.576757	5.097658	48.056829	4.866098	47.130588	6.945810	48.468551	8.787813
106	#ffffff	#000000	#00000000	#00000000		53.498549	54.701979	52.698851	6.933515	53.218779	7.165075	54.145020	5.085364	52.807058	3.243360	53.267560	2.908869	53.148706	1.776767	52.628778	1.545207	51.702537	3.624918	49.438333	3.862625	49.497760	4.428676	49.037259	4.763167	50.375221	6.605171	52.639424	6.367464
107	#66ccff	#000000	#00000000	#00000000		53.498549	54.701979	51.327994	12.759245	51.847922	12.990805	52.774163	10.911093	51.436201	9.069089	51.896703	8.734598	51.777849	7.602496	51.257921	7.370936	50.331680	9.450648	48.067476	9.688355	48.126903	10.254406	47.666402	10.588896	49.004364	12.430901	51.268567	12.193194
108	#A0A0A0	#000000	#00000000	#00000000		53.498549	54.701979	47.558194	14.279052	48.078122	14.510612	49.004364	12.430901	47.666402	10.588896	48.126903	10.254406	48.008049	9.122304	47.488121	8.890744	46.561880	10.970455	44.297677	11.208162	44.357103	11.774213	43.896602	12.108703	45.234564	13.950708	47.498768	13.713001
109	#006699	#000000	#00000000	#00000000		53.498549	54.701979	55.899942	9.438355	56.419870	9.669915	55.493629	11.749626	53.229426	11.987333	53.288852	12.553384	52.367850	13.222365	51.847922	12.990805	52.774164	10.911094	51.436201	9.069089	51.896702	8.734599	51.837276	8.168548	54.101479	7.930841	55.439441	9.772845
110	#66ccff	#000000	#00000000	#00000000		53.498549	54.701979	56.468651	5.413708	56.409224	4.847657	54.145021	5.085364	53.218780	7.165076	52.698851	6.933515	51.777850	7.602496	51.837276	8.168547	54.101479	7.930841	55.439441	9.772845	55.899942	9.438354	56.419870	9.669915	57.346112	7.590203	56.008150	5.748199
111	#A0A0A0	#000000	#00000000	#00000000		53.498549	54.701979	47.558194	14.279052	47.097693	14.613543	48.435655	16.455547	50.699858	16.217840	50.759285	16.783891	51.799141	17.247012	52.259642	16.912521	50.921680	15.070517	51.847921	12.990805	51.327993	12.759245	51.268566	12.193194	49.004363	12.430901	48.078122	14.510612
112	#A0A0A0	#000000	#00000000	#00000000		53.498549	54.701979	47.558194	14.279053	47.498767	13.713002	45.234564	13.950709	44.308323	16.030420	43.788395	15.798860	42.867393	16.467841	42.926820	17.033892	45.191023	16.796185	46.528985	18.638189	46.989486	18.303699	47.509414	18.535259	48.435655	16.455548	47.097693	14.613543
113	#A0A0A0	#000000	#00000000	#00000000		53.498549	54.701979	42.867393	16.467841	42.347465	16.236280	41.421223	18.315992	42.759185	20.157996	42.298684	20.492487	42.417538	21.624589	42.937466	21.856149	43.863707	19.776438	46.127910	19.538731	46.068484	18.972680	46.528985	18.638189	45.191023	16.796185	42.926820	17.033892
114	#66ccff	#000000	#00000000	#00000000		53.498549	54.701979	50.759286	16.783891	50.699859	16.217840	48.435656	16.455548	47.509414	18.535260	46.989486	18.303699	46.068484	18.972680	46.127911	19.538731	48.392114	19.301024	49.730076	21.143029	50.190578	20.808538	50.710506	21.040098	51.636747	18.960387	50.298785	17.118382
115	#A0A0A0	#000000	#00000000	#00000000		53.498549	54.701979	55.000231	19.751852	55.460732	19.417361	54.122771	17.575357	51.858568	17.813064	51.799141	17.247013	50.759285	16.783891	50.298784	17.118381	51.636745	18.960386	50.710504	21.040097	51.230431	21.271657	51.289858	21.837708	53.554062	21.600002	54.480303	19.520291
116	#A0A0A0	#000000	#00000000	#00000000		53.498549	54.701979	51.799141	17.247012	51.858567	17.813063	54.122771	17.575355	55.049012	15.495644	55.568940	15.727205	56.489942	15.058224	56.430515	14.492173	54.166312	14.729880	52.828350	12.887875	52.367849	13.222366	51.847921	12.990805	50.921679	15.070516	52.259642	16.912521
117	#006699	#000000	#00000000	#00000000		53.498549	54.701979	46.187337	20.104782	46.127910	19.538731	48.392114	19.301024	49.730076	21.143029	50.190578	20.808538	51.230433	21.271658	51.289860	21.837709	49.025656	22.075416	48.099415	24.155128	47.579487	23.923568	47.118986	24.258058	45.781024	22.416054	46.707265	20.336342
118	#66ccff	#000000	#00000000	#00000000		53.498549	54.701979	42.417538	21.624589	41.957036	21.959080	43.294998	23.801084	45.559202	23.563377	45.618628	24.129428	46.658484	24.592548	47.118985	24.258058	45.781023	22.416053	46.707265	20.336342	46.187337	20.104782	46.127910	19.538731	43.863707	19.776438	42.937466	21.856149
119	#66ccff	#000000	#00000000	#00000000		53.498549	54.701979	51.349287	22.403760	51.289860	21.837709	49.025656	22.075416	48.099415	24.155128	47.579487	23.923568	46.658485	24.592549	46.717912	25.158600	48.982115	24.920893	50.320077	26.762897	50.780579	26.428406	51.300507	26.659966	52.226748	24.580255	50.888786	22.738250
120	#A0A0A0	#000000	#00000000	#00000000		53.498549	54.701979	54.550378	24.908599	55.070306	25.140159	55.996547	23.060448	54.658585	21.218444	55.119087	20.883953	55.000233	19.751851	54.480305	19.520291	53.554064	21.600002	51.289860	21.837709	51.349287	22.403760	50.888786	22.738250	52.226748	24.580255	54.490951	24.342548
121	#A0A0A0	#000000	#00000000	#00000000		53.498549	54.701979	54.550379	24.908598	54.490952	24.342547	52.226749	24.580254	51.300507	26.659966	50.780579	26.428406	49.859577	27.097387	49.919003	27.663438	52.183207	27.425731	53.521169	29.267735	53.981670	28.933244	54.501598	29.164804	55.427840	27.085093	54.089877	25.243089
122	#A0A0A0	#000000	#00000000	#00000000		53.498549	54.701979	49.859577	27.097387	49.339649	26.865827	48.413407	28.945539	49.751369	30.787542	49.290868	31.122033	49.409722	32.254135	49.929650	32.485695	50.855891	30.405984	53.120094	30.168277	53.060668	29.602226	53.521169	29.267735	52.183207	27.425731	49.919003	27.663438
123	#ffffff	#000000	#00000000	#00000000		53.498549	54.701979	49.859577	27.097387	50.320078	26.762896	48.982116	24.920893	46.717912	25.158600	46.658486	24.592549	45.618630	24.129428	45.158129	24.463919	46.496091	26.305923	45.569850	28.385635	46.089778	28.617195	46.149204	29.183246	48.413408	28.945539	49.339649	26.865827
124	#ffffff	#000000	#00000000	#00000000		53.498549	54.701979	45.618630	24.129428	45.559203	23.563377	43.295000	23.801085	42.368759	25.880796	41.848831	25.649236	40.927829	26.318217	40.987255	26.884268	43.251459	26.646561	44.589421	28.488565	45.049922	28.154074	45.569850	28.385634	46.496092	26.305923	45.158129	24.463919
125	#66ccff	#000000	#00000000	#00000000		53.498549	54.701979	40.927829	26.318217	40.407901	26.086657	39.481659	28.166368	40.819621	30.008373	40.359120	30.342863	40.477974	31.474965	40.997902	31.706526	41.924143	29.626814	44.188346	29.389107	44.128920	28.823056	44.589421	28.488565	43.251459	26.646561	40.987255	26.884268
126	#66ccff	#000000	#00000000	#00000000		53.498549	54.701979	46.089778	28.617195	45.569850	28.385635	44.643608	30.465346	45.981570	32.307350	45.521069	32.641841	45.639922	33.773943	46.159851	34.005503	47.086092	31.925792	49.350295	31.688085	49.290868	31.122034	49.751370	30.787543	48.413408	28.945539	46.149204	29.183246
127	#006699	#000000	#00000000	#00000000		53.498549	54.701979	41.517829	31.938085	40.997901	31.706524	41.924142	29.626813	44.188346	29.389106	44.128919	28.823055	45.049921	28.154074	45.569849	28.385634	44.643608	30.465345	45.981570	32.307350	45.521069	32.641841	45.580496	33.207892	43.316292	33.445599	41.978330	31.603594
128	#66ccff	#000000	#00000000	#00000000		53.498549	54.701979	40.949120	35.962732	41.008547	36.528783	43.272751	36.291075	44.198992	34.211364	44.718920	34.442924	45.639922	33.773943	45.580495	33.207892	43.316292	33.445599	41.978330	31.603594	41.517829	31.938085	40.997901	31.706525	40.071660	33.786236	41.409622	35.628241
129	#A0A0A0	#000000	#00000000	#00000000		53.498549	54.701979	36.708174	32.994772	36.247672	33.329263	37.585634	35.171267	39.849838	34.933560	39.909264	35.499611	40.949120	35.962731	41.409621	35.628240	40.071659	33.786236	40.997901	31.706525	40.477973	31.474965	40.418546	30.908914	38.154343	31.146621	37.228102	33.226332
130	#66ccff	#000000	#00000000	#00000000		53.498549	54.701979	39.909265	35.499610	39.849838	34.933559	37.585634	35.171267	36.659393	37.250978	36.139465	37.019418	35.218463	37.688399	35.277890	38.254450	37.542093	38.016743	38.880055	39.858747	39.340556	39.524257	39.860484	39.755817	40.786726	37.676105	39.448764	35.834101
131	#ffffff	#000000	#00000000	#00000000		53.498549	54.701979	31.448663	39.208207	31.508090	39.774258	33.772293	39.536551	34.698534	37.456839	35.218462	37.688400	36.139465	37.019418	36.080038	36.453367	33.815835	36.691074	32.477873	34.849070	32.017371	35.183561	31.497443	34.952001	30.571202	37.031712	31.909164	38.873716
132	#66ccff	#000000	#00000000	#00000000		53.498549	54.701979	32.017371	35.183561	32.477873	34.849070	31.139911	33.007067	28.875707	33.244774	28.816280	32.678723	27.776425	32.215602	27.315924	32.550093	28.653886	34.392097	27.727644	36.471808	28.247572	36.703369	28.306999	37.269420	30.571203	37.031713	31.497443	34.952001
133	#ffffff	#000000	#00000000	#00000000		53.498549	54.701979	27.207716	36.240248	27.727644	36.471808	28.653886	34.392097	27.315924	32.550093	27.776425	32.215602	27.657571	31.083500	27.137643	30.851940	26.211402	32.931652	23.947199	33.169359	24.006625	33.735410	23.546124	34.069901	24.884086	35.911904	27.148290	35.674197
134	#66ccff	#000000	#00000000	#00000000		53.498549	54.701979	19.315823	35.924198	19.375250	36.490249	21.639454	36.252542	22.565695	34.172831	23.085623	34.404391	24.006625	33.735410	23.947199	33.169359	21.682995	33.407066	20.345033	31.565062	19.884532	31.899552	19.364604	31.667992	18.438363	33.747703	19.776325	35.589707
135	#A0A0A0	#000000	#00000000	#00000000		53.498549	54.701979	15.074876	32.956239	14.614375	33.290730	15.952337	35.132734	18.216541	34.895027	18.275967	35.461078	19.315823	35.924199	19.776324	35.589708	18.438362	33.747704	19.364604	31.667992	18.844676	31.436431	18.785249	30.870380	16.521046	31.108087	15.594805	33.187799
136	#ffffff	#000000	#00000000	#00000000		53.498549	54.701979	15.074876	32.956239	15.015450	32.390188	12.751246	32.627895	11.825005	34.707606	11.305077	34.476046	10.384075	35.145027	10.443502	35.711078	12.707705	35.473371	14.045667	37.315375	14.506169	36.980884	15.026097	37.212444	15.952338	35.132733	14.614376	33.290729
137	#66ccff	#000000	#00000000	#00000000		53.498549	54.701979	6.614275	36.664835	6.673702	37.230886	8.937905	36.993179	9.864146	34.913468	10.384074	35.145028	11.305077	34.476046	11.245650	33.909995	8.981447	34.147702	7.643485	32.305699	7.182983	32.640189	6.663055	32.408629	5.736814	34.488341	7.074776	36.330344
138	#ffffff	#000000	#00000000	#00000000		53.498549	54.701979	2.373328	33.696876	1.912827	34.031367	3.250789	35.873371	5.514992	35.635664	5.574419	36.201715	6.614274	36.664835	7.074776	36.330344	5.736813	34.488341	6.663055	32.408629	6.143127	32.177069	6.083701	31.611018	3.819497	31.848725	2.893256	33.928437
139	#ffffff	#000000	#00000000	#00000000		53.498549	54.701979	-2.886157	39.910340	-2.826730	40.476391	-0.562527	40.238680	0.363712	38.158968	0.883640	38.390528	1.804642	37.721545	1.745214	37.155495	-0.518989	37.393205	-1.856953	35.551203	-2.317454	35.885694	-2.837382	35.654134	-3.763621	37.733847	-2.425657	39.575849
140	#66ccff	#000000	#00000000	#00000000		53.498549	54.701979	5.574419	36.201714	5.514993	35.635663	3.250789	35.873371	2.324547	37.953082	1.804619	37.721522	0.883617	38.390503	0.943044	38.956554	3.207247	38.718847	4.545209	40.560852	5.005711	40.226361	5.525639	40.457921	6.451880	38.378209	5.113918	36.536205
141	#A0A0A0	#000000	#00000000	#00000000		53.498549	54.701979	9.815367	39.169673	10.275868	38.835182	8.937905	36.993178	6.673702	37.230886	6.614275	36.664835	5.574419	36.201715	5.113918	36.536206	6.451881	38.378210	5.525640	40.457921	6.045568	40.689481	6.104995	41.255532	8.369198	41.017825	9.295439	38.938113
142	#ffffff	#000000	#00000000	#00000000		53.498549	54.701979	10.384074	35.145027	9.864146	34.913466	8.937905	36.993178	10.275868	38.835182	9.815367	39.169673	9.934221	40.301775	10.454149	40.533335	11.380389	38.453623	13.644593	38.215916	13.585166	37.649865	14.045667	37.315374	12.707704	35.473370	10.443501	35.711078
143	#66ccff	#000000	#00000000	#00000000		53.498549	54.701979	14.506169	36.980884	14.045667	37.315375	15.383629	39.157379	17.647833	38.919672	17.707259	39.485723	18.747115	39.948843	19.207616	39.614352	17.869654	37.772348	18.795896	35.692637	18.275968	35.461077	18.216541	34.895026	15.952337	35.132733	15.026097	37.212444
144	#006699	#000000	#00000000	#00000000		53.498549	54.701979	15.096170	42.600753	14.635668	42.935243	13.297706	41.093239	14.223948	39.013527	13.704020	38.781967	13.585166	37.649865	14.045667	37.315374	15.383629	39.157379	17.647833	38.919672	17.707259	39.485723	18.227188	39.717283	17.300946	41.796994	15.036743	42.034702
145	#ffffff	#000000	#00000000	#00000000		53.498549	54.701979	19.315824	35.924197	18.795896	35.692637	17.869654	37.772348	19.207616	39.614352	18.747115	39.948843	18.865969	41.080945	19.385897	41.312505	20.312138	39.232794	22.576341	38.995087	22.516915	38.429036	22.977416	38.094545	21.639454	36.252541	19.375250	36.490248
146	#66ccff	#000000	#00000000	#00000000		53.498549	54.701979	22.516915	38.429036	22.576341	38.995087	24.840545	38.757379	25.766786	36.677668	26.286714	36.909228	27.207716	36.240247	27.148289	35.674196	24.884086	35.911903	23.546124	34.069899	23.085622	34.404390	22.565694	34.172830	21.639453	36.252541	22.977416	38.094545
147	#006699	#000000	#00000000	#00000000		53.498549	54.701979	27.678864	40.728013	27.738291	41.294064	25.474088	41.531771	24.136125	39.689767	23.675624	40.024258	22.635769	39.561138	22.576342	38.995087	24.840545	38.757379	25.766786	36.677668	26.286714	36.909228	26.747215	36.574737	28.085177	38.416741	27.158936	40.496453
148	#66ccff	#000000	#00000000	#00000000		53.498549	54.701979	31.448664	39.208208	31.909165	38.873717	30.571203	37.031713	28.306999	37.269420	28.247572	36.703369	27.207717	36.240248	26.747216	36.574739	28.085178	38.416743	27.158936	40.496455	27.678864	40.728015	27.738291	41.294066	30.002494	41.056359	30.928736	38.976648
149	#A0A0A0	#000000	#00000000	#00000000		53.498549	54.701979	30.998809	44.364956	31.518737	44.596516	32.444978	42.516805	31.107016	40.674801	31.567517	40.340310	31.448664	39.208208	30.928736	38.976648	30.002494	41.056359	27.738291	41.294066	27.797718	41.860117	27.337217	42.194608	28.675179	44.036612	30.939382	43.798905
150	#66ccff	#000000	#00000000	#00000000		53.498549	54.701979	34.768608	42.845149	35.288536	43.076709	36.214777	40.996998	34.876815	39.154994	35.337317	38.820503	35.218463	37.688401	34.698535	37.456841	33.772294	39.536552	31.508090	39.774259	31.567517	40.340310	31.107016	40.674801	32.444978	42.516805	34.709181	42.279098
151	#006699	#000000	#00000000	#00000000		53.498549	54.701979	39.340556	39.524259	39.860485	39.755820	38.934243	41.835531	36.670040	42.073238	36.729467	42.639289	35.808465	43.308270	35.288537	43.076710	36.214778	40.996999	34.876815	39.154994	35.337317	38.820503	35.277890	38.254452	37.542093	38.016745	38.880055	39.858750
152	#66ccff	#000000	#00000000	#00000000		53.498549	54.701979	39.930557	45.144128	40.450486	45.375688	41.376727	43.295976	40.038765	41.453972	40.499266	41.119481	40.380413	39.987379	39.860485	39.755819	38.934243	41.835531	36.670040	42.073238	36.729467	42.639289	36.268965	42.973780	37.606927	44.815784	39.871131	44.578077
153	#A0A0A0	#000000	#00000000	#00000000		53.498549	54.701979	44.150212	38.467570	44.610713	38.133079	43.272751	36.291075	41.008548	36.528782	40.949121	35.962731	39.909266	35.499611	39.448764	35.834102	40.786726	37.676105	39.860484	39.755817	40.380412	39.987377	40.439839	40.553428	42.704043	40.315721	43.630284	38.236009
154	#ffffff	#000000	#00000000	#00000000		53.498549	54.701979	44.718921	34.442924	44.198993	34.211363	43.272751	36.291075	44.610713	38.133079	44.150212	38.467570	44.269066	39.599672	44.788994	39.831232	45.715235	37.751520	47.979438	37.513813	47.920012	36.947762	48.380513	36.613271	47.042551	34.771268	44.778347	35.008975
155	#ffffff	#000000	#00000000	#00000000		53.498549	54.701979	49.409723	32.254135	49.350296	31.688084	47.086093	31.925791	46.159851	34.005502	45.639923	33.773942	44.718921	34.442923	44.778348	35.008974	47.042551	34.771268	48.380513	36.613272	48.841014	36.278781	49.360942	36.510341	50.287183	34.430630	48.949221	32.588625
156	#66ccff	#000000	#00000000	#00000000		53.498549	54.701979	49.409722	32.254136	48.949221	32.588626	50.287183	34.430630	52.551387	34.192923	52.610814	34.758974	53.650669	35.222095	54.111170	34.887604	52.773208	33.045600	53.699449	30.965889	53.179521	30.734329	53.120095	30.168278	50.855891	30.405985	49.929650	32.485696
157	#66ccff	#000000	#00000000	#00000000		53.498549	54.701979	48.841014	36.278781	48.380513	36.613272	49.718475	38.455276	51.982678	38.217569	52.042105	38.783620	53.081960	39.246740	53.542462	38.912249	52.204500	37.070245	53.130741	34.990534	52.610813	34.758974	52.551386	34.192923	50.287183	34.430630	49.360942	36.510341
158	#006699	#000000	#00000000	#00000000		53.498549	54.701979	49.431015	41.898649	48.970514	42.233140	47.632552	40.391136	48.558793	38.311425	48.038865	38.079865	47.920011	36.947763	48.380513	36.613272	49.718475	38.455276	51.982678	38.217569	52.042105	38.783620	52.562033	39.015180	51.635792	41.094891	49.371588	41.332598
159	#66ccff	#000000	#00000000	#00000000		53.498549	54.701979	52.632106	44.403488	53.152034	44.635049	54.078275	42.555337	52.740313	40.713333	53.200815	40.378842	53.081961	39.246740	52.562033	39.015180	51.635792	41.094891	49.371588	41.332598	49.431015	41.898649	48.970514	42.233140	50.308476	44.075145	52.572679	43.837437
160	#A0A0A0	#000000	#00000000	#00000000		53.498549	54.701979	47.941304	46.592276	48.000731	47.158327	50.264934	46.920620	51.191175	44.840909	51.711103	45.072469	52.632105	44.403488	52.572679	43.837437	50.308475	44.075144	48.970514	42.233140	48.510013	42.567630	47.990085	42.336070	47.063843	44.415781	48.401805	46.257786
161	#66ccff	#000000	#00000000	#00000000		53.498549	54.701979	51.711103	45.072469	51.191175	44.840909	50.264934	46.920620	51.602896	48.762625	51.142395	49.097115	51.261248	50.229217	51.781176	50.460778	52.707418	48.381066	54.971621	48.143359	54.912194	47.577308	55.372696	47.242817	54.034734	45.400813	51.770530	45.638520
162	#ffffff	#000000	#00000000	#00000000		53.498549	54.701979	50.692540	54.253863	51.212468	54.485423	52.138709	52.405712	50.800747	50.563708	51.261248	50.229217	51.142395	49.097115	50.622467	48.865555	49.696225	50.945266	47.432022	51.182973	47.491449	51.749024	47.030948	52.083515	48.368910	53.925519	50.633113	53.687812
163	#ffffff	#000000	#00000000	#00000000		53.498549	54.701979	51.142395	49.097115	51.602897	48.762624	50.264935	46.920620	48.000731	47.158327	47.941304	46.592276	46.901449	46.129155	46.440947	46.463646	47.778909	48.305651	46.852668	50.385362	47.372596	50.616922	47.432023	51.182973	49.696226	50.945266	50.622467	48.865555
164	#A0A0A0	#000000	#00000000	#00000000		53.498549	54.701979	43.700356	43.624317	43.239855	43.958808	44.577818	45.800812	46.842021	45.563104	46.901448	46.129155	47.941304	46.592276	48.401805	46.257785	47.063842	44.415781	47.990083	42.336069	47.470155	42.104509	47.410728	41.538458	45.146525	41.776166	44.220284	43.855877
165	#66ccff	#000000	#00000000	#00000000		53.498549	54.701979	44.269062	39.599671	43.808561	39.934162	45.146524	41.776166	47.410728	41.538458	47.470155	42.104509	48.510010	42.567629	48.970511	42.233139	47.632548	40.391135	48.558789	38.311423	48.038861	38.079863	47.979434	37.513812	45.715231	37.751520	44.788990	39.831231
166	#A0A0A0	#000000	#00000000	#00000000		53.498549	54.701979	43.700358	43.624317	44.220286	43.855877	45.146525	41.776165	43.808562	39.934162	44.269062	39.599671	44.150208	38.467569	43.630280	38.236009	42.704040	40.315721	40.439837	40.553430	40.499264	41.119481	40.038764	41.453972	41.376727	43.295975	43.640930	43.058266
167	#A0A0A0	#000000	#00000000	#00000000		53.498549	54.701979	43.700358	43.624317	43.640930	43.058266	41.376727	43.295975	40.450487	45.375687	39.930559	45.144127	39.009558	45.813109	39.068985	46.379160	41.333188	46.141451	42.671152	47.983454	43.131652	47.648963	43.651581	47.880523	44.577820	45.800811	43.239857	43.958808
168	#66ccff	#000000	#00000000	#00000000		53.498549	54.701979	46.901451	46.129153	46.842023	45.563102	44.577820	45.800811	43.651581	47.880523	43.131653	47.648962	42.210651	48.317944	42.270078	48.883995	44.534282	48.646286	45.872245	50.488289	46.332746	50.153798	46.852674	50.385359	47.778913	48.305647	46.440950	46.463644
169	#006699	#000000	#00000000	#00000000		53.498549	54.701979	42.329506	49.450046	42.270079	48.883995	44.534282	48.646286	45.872245	50.488289	46.332746	50.153798	47.372602	50.616918	47.432029	51.182969	45.167826	51.420678	44.241586	53.500390	43.721658	53.268830	43.261158	53.603321	41.923194	51.761318	42.849434	49.681606
170	#66ccff	#000000	#00000000	#00000000		53.498549	54.701979	47.491449	51.749025	47.432022	51.182974	45.167819	51.420681	44.241577	53.500392	43.721649	53.268832	42.800647	53.937813	42.860074	54.503864	45.124278	54.266157	46.462240	56.108161	46.922741	55.773671	47.442669	56.005231	48.368910	53.925520	47.030948	52.083515
171	#66ccff	#000000	#00000000	#00000000		53.498549	54.701979	38.559708	50.969855	38.099207	51.304346	39.437170	53.146349	41.701373	52.908640	41.760801	53.474691	42.800657	53.937811	43.261158	53.603320	41.923194	51.761317	42.849434	49.681606	42.329506	49.450046	42.270079	48.883995	40.005875	49.121703	39.079636	51.201415
172	#A0A0A0	#000000	#00000000	#00000000		53.498549	54.701979	39.009558	45.813108	38.489630	45.581548	37.563390	47.661260	38.901354	49.503263	38.440853	49.837754	38.559708	50.969855	39.079636	51.201415	40.005876	49.121703	42.270079	48.883995	42.210651	48.317943	42.671152	47.983453	41.333189	46.141450	39.068985	46.379159
173	#ffffff	#000000	#00000000	#00000000		53.498549	54.701979	35.239760	47.332918	35.299187	47.898969	37.563390	47.661260	38.489630	45.581548	39.009558	45.813108	39.930559	45.144126	39.871132	44.578075	37.606929	44.815784	36.268966	42.973781	35.808465	43.308272	35.288537	43.076712	34.362297	45.156424	35.700261	46.998427
174	#ffffff	#000000	#00000000	#00000000		53.498549	54.701979	30.998811	44.364961	30.538310	44.699452	31.876273	46.541455	34.140476	46.303746	34.199904	46.869797	35.239760	47.332917	35.700261	46.998426	34.362297	45.156423	35.288537	43.076712	34.768609	42.845152	34.709181	42.279101	32.444978	42.516810	31.518739	44.596521
175	#A0A0A0	#000000	#00000000	#00000000		53.498549	54.701979	26.308007	46.553744	26.367434	47.119794	28.631637	46.882087	29.557878	44.802376	30.077806	45.033937	30.998808	44.364956	30.939381	43.798905	28.675178	44.036612	27.337217	42.194608	26.876715	42.529098	26.356787	42.297538	25.430546	44.377249	26.768508	46.219253
176	#66ccff	#000000	#00000000	#00000000		53.498549	54.701979	23.106915	44.048906	23.166342	44.614957	25.430545	44.377249	26.356787	42.297537	26.876715	42.529098	27.797717	41.860117	27.738291	41.294066	25.474087	41.531773	24.136125	39.689768	23.675624	40.024259	23.155696	39.792699	22.229455	41.872410	23.567417	43.714415
177	#ffffff	#000000	#00000000	#00000000		53.498549	54.701979	18.865968	41.080946	18.405467	41.415437	19.743429	43.257441	22.007632	43.019734	22.067059	43.585785	23.106915	44.048905	23.567416	43.714414	22.229454	41.872410	23.155696	39.792699	22.635768	39.561139	22.576341	38.995088	20.312138	39.232795	19.385896	41.312506
178	#66ccff	#000000	#00000000	#00000000		53.498549	54.701979	18.297260	45.105592	18.817188	45.337152	19.743429	43.257441	18.405467	41.415437	18.865968	41.080946	18.747115	39.948844	18.227187	39.717284	17.300945	41.796995	15.036742	42.034703	15.096169	42.600754	14.635668	42.935244	15.973630	44.777248	18.237833	44.539541
179	#66ccff	#000000	#00000000	#00000000		53.498549	54.701979	9.934221	40.301775	9.473720	40.636266	10.811683	42.478269	13.075886	42.240562	13.135313	42.806613	14.175168	43.269733	14.635669	42.935242	13.297706	41.093238	14.223947	39.013527	13.704019	38.781966	13.644592	38.215915	11.380389	38.453623	10.454149	40.533335
180	#A0A0A0	#000000	#00000000	#00000000		53.498549	54.701979	9.365514	44.326421	9.885442	44.557982	10.811682	42.478270	9.473720	40.636266	9.934221	40.301775	9.815367	39.169673	9.295439	38.938113	8.369198	41.017825	6.104995	41.255532	6.164421	41.821583	5.703921	42.156074	7.041883	43.998078	9.306087	43.760370
181	#66ccff	#000000	#00000000	#00000000		53.498549	54.701979	5.595714	45.846230	6.115642	46.077790	7.041883	43.998079	5.703921	42.156074	6.164421	41.821583	6.045568	40.689482	5.525640	40.457922	4.599399	42.537633	2.335196	42.775341	2.394622	43.341392	1.934122	43.675883	3.272084	45.517887	5.536288	45.280179
182	#006699	#000000	#00000000	#00000000		53.498549	54.701979	5.005711	40.226361	5.525639	40.457921	4.599399	42.537633	2.335196	42.775341	2.394622	43.341392	1.473620	44.010373	0.953692	43.778813	1.879933	41.699101	0.541970	39.857097	1.002471	39.522606	0.943044	38.956555	3.207248	38.718848	4.545211	40.560852
183	#ffffff	#000000	#00000000	#00000000		53.498549	54.701979	0.904914	48.035020	0.964341	48.601071	3.228544	48.363363	4.154785	46.283652	4.674713	46.515212	5.595715	45.846231	5.536288	45.280180	3.272085	45.517888	1.934122	43.675883	1.473621	44.010374	0.953693	43.778814	0.027452	45.858525	1.365415	47.700529
184	#A0A0A0	#000000	#00000000	#00000000		53.498549	54.701979	9.365513	44.326421	9.306086	43.760370	7.041883	43.998078	6.115643	46.077790	5.595715	45.846230	4.674713	46.515211	4.734139	47.081262	6.998343	46.843554	8.336305	48.685558	8.796806	48.351067	9.316734	48.582627	10.242975	46.502916	8.905012	44.660912
185	#A0A0A0	#000000	#00000000	#00000000		53.498549	54.701979	9.365513	44.326421	8.905012	44.660912	10.242975	46.502916	12.507179	46.265208	12.566605	46.831259	13.606461	47.294379	14.066962	46.959888	12.728999	45.117884	13.655240	43.038173	13.135312	42.806613	13.075885	42.240562	10.811681	42.478269	9.885441	44.557981
186	#A0A0A0	#000000	#00000000	#00000000		53.498549	54.701979	13.606461	47.294379	13.665888	47.860430	15.930091	47.622722	16.856332	45.543011	17.376260	45.774571	18.297262	45.105590	18.237835	44.539539	15.973632	44.777247	14.635669	42.935243	14.175168	43.269734	13.655240	43.038173	12.728999	45.117884	14.066962	46.959888
187	#A0A0A0	#000000	#00000000	#00000000		53.498549	54.701979	22.067062	43.585782	22.007635	43.019731	19.743432	43.257438	18.817190	45.337150	18.297262	45.105590	17.376260	45.774571	17.435687	46.340622	19.699890	46.102915	21.037852	47.944919	21.498353	47.610428	22.018281	47.841988	22.944523	45.762277	21.606561	43.920273
188	#A0A0A0	#000000	#00000000	#00000000		53.498549	54.701979	26.308009	46.553741	26.768510	46.219250	25.430548	44.377246	23.166345	44.614954	23.106918	44.048903	22.067063	43.585782	21.606561	43.920273	22.944523	45.762277	22.018281	47.841988	22.538209	48.073548	22.597636	48.639599	24.861840	48.401892	25.788081	46.322181
189	#A0A0A0	#000000	#00000000	#00000000		53.498549	54.701979	26.308007	46.553744	25.788079	46.322183	24.861837	48.401895	26.199799	50.243899	25.739298	50.578390	25.858152	51.710492	26.378080	51.942052	27.304321	49.862341	29.568524	49.624633	29.509098	49.058583	29.969599	48.724092	28.631637	46.882087	26.367434	47.119794
190	#66ccff	#000000	#00000000	#00000000		53.498549	54.701979	29.509098	49.058582	29.568525	49.624633	31.832728	49.386926	32.758969	47.307215	33.278897	47.538775	34.199899	46.869794	34.140472	46.303743	31.876269	46.541450	30.538307	44.699446	30.077806	45.033936	29.557878	44.802376	28.631636	46.882087	29.969599	48.724092
191	#66ccff	#000000	#00000000	#00000000		53.498549	54.701979	38.440853	49.837752	38.901354	49.503262	37.563390	47.661259	35.299187	47.898968	35.239760	47.332916	34.199904	46.869797	33.739403	47.204288	35.077366	49.046291	34.151127	51.126003	34.671055	51.357562	34.730482	51.923613	36.994685	51.685905	37.920925	49.606193
192	#006699	#000000	#00000000	#00000000		53.498549	54.701979	34.671055	51.357563	34.730482	51.923614	32.466279	52.161323	31.128316	50.319320	30.667815	50.653811	29.627959	50.190691	29.568531	49.624640	31.832734	49.386931	32.758974	47.307219	33.278902	47.538779	33.739403	47.204289	35.077366	49.046291	34.151127	51.126003
193	#A0A0A0	#000000	#00000000	#00000000		53.498549	54.701979	25.858152	51.710492	25.397650	52.044983	26.735612	53.886987	28.999816	53.649280	29.059242	54.215331	30.099098	54.678451	30.559599	54.343961	29.221637	52.501956	30.147879	50.422245	29.627951	50.190684	29.568524	49.624633	27.304321	49.862341	26.378080	51.942052
194	#66ccff	#000000	#00000000	#00000000		53.498549	54.701979	30.099098	54.678451	30.158525	55.244502	32.422728	55.006795	33.348970	52.927083	33.868898	53.158643	34.789900	52.489662	34.730473	51.923611	32.466269	52.161318	31.128307	50.319315	30.667806	50.653805	30.147878	50.422245	29.221637	52.501956	30.559599	54.343960
195	#ffffff	#000000	#00000000	#00000000		53.498549	54.701979	37.991003	54.994500	38.510931	55.226060	39.437170	53.146348	38.099207	51.304345	38.559708	50.969855	38.440853	49.837753	37.920925	49.606193	36.994685	51.685905	34.730482	51.923613	34.789910	52.489665	34.329409	52.824155	35.667372	54.666158	37.931575	54.428449
196	#ffffff	#000000	#00000000	#00000000		53.498549	54.701979	33.300189	57.183289	33.359616	57.749340	35.623819	57.511633	36.550060	55.431921	37.069989	55.663482	37.990990	54.994501	37.931564	54.428450	35.667360	54.666157	34.329398	52.824153	33.868897	53.158644	33.348969	52.927083	32.422728	55.006795	33.760690	56.848798
197	#66ccff	#000000	#00000000	#00000000		53.498549	54.701979	55.502195	53.197177	55.962696	52.862687	54.624734	51.020682	52.360531	51.258389	52.301104	50.692338	51.261249	50.229217	50.800748	50.563708	52.138709	52.405712	51.212468	54.485423	51.732396	54.716984	51.791823	55.283035	54.056026	55.045327	54.982267	52.965617
198	#ffffff	#000000	#00000000	#00000000		53.498549	54.701979	25.289443	55.735138	25.809371	55.966698	26.735612	53.886987	25.397650	52.044983	25.858152	51.710492	25.739298	50.578391	25.219370	50.346830	24.293129	52.426541	22.028925	52.664248	22.088352	53.230299	21.627851	53.564790	22.965813	55.406794	25.230016	55.169087
199	#66ccff	#000000	#00000000	#00000000		53.498549	54.701979	25.739299	50.578389	26.199800	50.243899	24.861837	48.401895	22.597634	48.639602	22.538207	48.073551	21.498352	47.610430	21.037851	47.944920	22.375813	49.786925	21.449571	51.866636	21.969499	52.098196	22.028926	52.664247	24.293130	52.426540	25.219371	50.346829
200	#006699	#000000	#00000000	#00000000		53.498549	54.701979	20.577349	48.279411	21.037851	47.944920	22.375813	49.786925	21.449571	51.866636	21.969499	52.098196	22.088353	53.230298	21.627852	53.564789	20.289890	51.722785	18.025686	51.960492	17.966259	51.394441	17.446331	51.162881	18.372573	49.083169	20.636776	48.845462
201	#66ccff	#000000	#00000000	#00000000		53.498549	54.701979	17.376260	45.774571	16.856332	45.543011	15.930090	47.622722	17.268053	49.464726	16.807551	49.799217	16.926405	50.931319	17.446333	51.162879	18.372574	49.083168	20.636778	48.845461	20.577351	48.279410	21.037852	47.944919	19.699890	46.102915	17.435687	46.340622
202	#66ccff	#000000	#00000000	#00000000		53.498549	54.701979	21.167351	53.899280	21.627852	53.564789	20.289890	51.722785	18.025686	51.960492	17.966259	51.394441	16.926404	50.931321	16.465903	51.265811	17.803865	53.107816	16.877623	55.187527	17.397551	55.419087	17.456978	55.985138	19.721181	55.747431	20.647423	53.667720
203	#ffffff	#000000	#00000000	#00000000		53.498549	54.701979	16.357695	54.955966	16.877623	55.187527	17.803865	53.107816	16.465903	51.265811	16.926404	50.931321	16.807550	49.799219	16.287622	49.567659	15.361381	51.647370	13.097178	51.885077	13.156604	52.451128	12.696103	52.785618	14.034065	54.627623	16.298269	54.389915
204	#ffffff	#000000	#00000000	#00000000		53.498549	54.701979	16.807550	49.799219	17.268052	49.464728	15.930090	47.622723	13.665886	47.860431	13.606460	47.294380	12.566604	46.831259	12.106103	47.165749	13.444065	49.007754	12.517823	51.087465	13.037752	51.319026	13.097178	51.885077	15.361382	51.647369	16.287622	49.567658
205	#66ccff	#000000	#00000000	#00000000		53.498549	54.701979	12.566604	46.831259	12.507177	46.265208	10.242974	46.502915	9.316733	48.582626	8.796805	48.351066	7.875803	49.020047	7.935229	49.586098	10.199433	49.348391	11.537395	51.190395	11.997896	50.855905	12.517824	51.087465	13.444065	49.007754	12.106103	47.165749
206	#006699	#000000	#00000000	#00000000		53.498549	54.701979	7.994656	50.152150	7.935229	49.586099	10.199432	49.348391	11.537395	51.190395	11.997896	50.855905	13.037751	51.319026	13.097178	51.885077	10.832975	52.122784	9.906734	54.202495	9.386806	53.970935	8.926304	54.305425	7.588342	52.463421	8.514584	50.383710
207	#66ccff	#000000	#00000000	#00000000		53.498549	54.701979	13.156604	52.451128	13.097178	51.885077	10.832974	52.122784	9.906733	54.202495	9.386805	53.970935	8.465803	54.639916	8.525230	55.205967	10.789433	54.968260	12.127395	56.810264	12.587896	56.475774	13.107824	56.707334	14.034066	54.627623	12.696103	52.785618
208	#66ccff	#000000	#00000000	#00000000		53.498549	54.701979	4.224856	51.671957	3.764355	52.006447	5.102317	53.848452	7.366520	53.610745	7.425947	54.176796	8.465802	54.639916	8.926304	54.305426	7.588342	52.463421	8.514584	50.383709	7.994656	50.152149	7.935229	49.586098	5.671026	49.823805	4.744784	51.903517
209	#A0A0A0	#000000	#00000000	#00000000		53.498549	54.701979	4.674711	46.515208	4.154783	46.283648	3.228542	48.363359	4.566504	50.205364	4.106003	50.539855	4.224856	51.671957	4.744784	51.903517	5.671026	49.823805	7.935229	49.586098	7.875802	49.020047	8.336303	48.685556	6.998341	46.843552	4.734138	47.081259
210	#ffffff	#000000	#00000000	#00000000		53.498549	54.701979	3.656148	55.696602	4.176076	55.928163	5.102317	53.848452	3.764355	52.006447	4.224856	51.671957	4.106003	50.539855	3.586075	50.308294	2.659833	52.388005	0.395630	52.625712	0.455057	53.191763	-0.005445	53.526254	1.332517	55.368259	3.596721	55.130551
211	#66ccff	#000000	#00000000	#00000000		53.498549	54.701979	4.106003	50.539854	4.566505	50.205363	3.228542	48.363359	0.964339	48.601067	0.904912	48.035016	-0.134944	47.571895	-0.595445	47.906385	0.742517	49.748389	-0.183724	51.828100	0.336204	52.059660	0.395631	52.625711	2.659834	52.388004	3.586075	50.308293
212	#ffffff	#000000	#00000000	#00000000		53.498549	54.701979	-3.336034	45.067061	-3.796535	45.401552	-2.458572	47.243556	-0.194369	47.005849	-0.134942	47.571900	0.904913	48.035020	1.365414	47.700529	0.027452	45.858525	0.953693	43.778814	0.433765	43.547253	0.374338	42.981202	-1.889866	43.218910	-2.816106	45.298622
213	#66ccff	#000000	#00000000	#00000000		53.498549	54.701979	0.433765	43.547253	0.953693	43.778814	1.879934	41.699102	0.541971	39.857098	1.002472	39.522607	0.883618	38.390506	0.363690	38.158945	-0.562551	40.238657	-2.826754	40.476365	-2.767328	41.042416	-3.227828	41.376907	-1.889866	43.218911	0.374338	42.981202
214	#006699	#000000	#00000000	#00000000		53.498549	54.701979	2.109063	2.515783	1.589135	2.284223	2.515375	0.204511	4.779578	-0.033198	4.720150	-0.599249	5.641152	-1.268231	6.161080	-1.036670	5.234840	1.043042	6.572804	2.885044	6.112303	3.219535	6.171730	3.785586	3.907527	4.023295	2.569564	2.181292
215	#66ccff	#000000	#00000000	#00000000		53.498549	54.701979	6.681015	-0.805111	6.161086	-1.036671	5.234845	1.043041	6.572807	2.885045	6.112306	3.219536	6.231159	4.351638	6.751087	4.583198	7.677329	2.503486	9.941532	2.265779	9.882105	1.699728	10.342607	1.365238	9.004645	-0.476767	6.740441	-0.239060
216	#A0A0A0	#000000	#00000000	#00000000		53.498549	54.701979	10.450813	-2.324919	9.930885	-2.556479	9.004644	-0.476768	10.342606	1.365237	9.882104	1.699728	10.000958	2.831830	10.520886	3.063390	11.447127	0.983678	13.711331	0.745971	13.651904	0.179920	14.112405	-0.154571	12.774443	-1.996575	10.510240	-1.758868
217	#ffffff	#000000	#00000000	#00000000		53.498549	54.701979	44.216957	0.997597	44.677458	0.663106	43.339496	-1.178898	41.075293	-0.941191	41.015866	-1.507242	39.976011	-1.970363	39.515509	-1.635872	40.853471	0.206132	39.927230	2.285844	40.447158	2.517404	40.506585	3.083455	42.770788	2.845748	43.697029	0.766037
218	#66ccff	#000000	#00000000	#00000000		53.498549	54.701979	44.785666	-3.027050	44.265738	-3.258610	43.339497	-1.178899	44.677459	0.663106	44.216958	0.997596	44.335811	2.129698	44.855739	2.361259	45.781981	0.281547	48.046184	0.043840	47.986757	-0.522211	48.447258	-0.856702	47.109296	-2.698706	44.845093	-2.460999
219	#66ccff	#000000	#00000000	#00000000		53.498549	54.701979	53.148706	1.776767	53.609207	1.442276	52.271245	-0.399728	50.007042	-0.162021	49.947615	-0.728072	48.907760	-1.191193	48.447258	-0.856702	49.785220	0.985303	48.858979	3.065014	49.378907	3.296574	49.438334	3.862625	51.702537	3.624918	52.628778	1.545207
220	#66ccff	#000000	#00000000	#00000000		53.498549	54.701979	39.976005	-1.970364	39.916578	-2.536415	37.652375	-2.298707	36.726134	-0.218996	36.206206	-0.450556	35.285204	0.218425	35.344631	0.784476	37.608834	0.546768	38.946797	2.388773	39.407298	2.054282	39.927226	2.285842	40.853467	0.206131	39.515504	-1.635873
221	#66ccff	#000000	#00000000	#00000000		53.498549	54.701979	14.572906	-0.489060	14.112404	-0.154570	15.450366	1.687435	17.714570	1.449728	17.773997	2.015779	18.813853	2.478899	19.274354	2.144408	17.936392	0.302404	18.862633	-1.777308	18.342705	-2.008868	18.283278	-2.574919	16.019075	-2.337212	15.092834	-0.257500
222	#66ccff	#000000	#00000000	#00000000		53.498549	54.701979	1.519057	-3.104085	0.999129	-3.335644	0.072890	-1.255933	1.410853	0.586070	0.950352	0.920561	1.069207	2.052663	1.589135	2.284222	2.515375	0.204511	4.779578	-0.033198	4.720150	-0.599249	5.180651	-0.933740	3.842688	-2.775743	1.578485	-2.538034
223	#66ccff	#000000	#00000000	#00000000		53.498549	54.701979	22.583651	0.959090	22.643078	1.525141	24.907281	1.287434	25.833522	-0.792278	26.353450	-0.560718	27.274452	-1.229699	27.215025	-1.795750	24.950822	-1.558042	23.612859	-3.400046	23.152359	-3.065555	22.632431	-3.297115	21.706190	-1.217404	23.044152	0.624599
224	#ffffff	#000000	#00000000	#00000000		53.498549	54.701979	56.401906	42.883680	56.342479	42.317629	54.078275	42.555336	53.152034	44.635048	52.632106	44.403487	51.711104	45.072468	51.770531	45.638519	54.034734	45.400813	55.372696	47.242817	55.833197	46.908326	56.353125	47.139887	57.279366	45.060175	55.941404	43.218171
225	#006699	#000000	#00000000	#00000000		53.498549	54.701979	54.912194	47.577308	55.372696	47.242817	56.710658	49.084821	55.784416	51.164533	56.304344	51.396093	56.423198	52.528195	55.962697	52.862686	54.624735	51.020682	52.360531	51.258389	52.301104	50.692338	51.781176	50.460778	52.707418	48.381066	54.971621	48.143359
226	#ffffff	#000000	#00000000	#00000000		53.498549	54.701979	53.650669	35.222094	53.130741	34.990534	52.204500	37.070245	53.542462	38.912249	53.081960	39.246740	53.200814	40.378842	53.720742	40.610402	54.646983	38.530691	56.911187	38.292983	56.851760	37.726932	57.312261	37.392442	55.974299	35.550438	53.710096	35.788145
227	#006699	#000000	#00000000	#00000000		53.498549	54.701979	53.179521	30.734329	53.120095	30.168278	55.384298	29.930571	56.722260	31.772575	57.182761	31.438084	58.222617	31.901205	58.282044	32.467256	56.017840	32.704963	55.091599	34.784674	54.571671	34.553114	54.111170	34.887605	52.773208	33.045600	53.699449	30.965889
228	#66ccff	#000000	#00000000	#00000000		53.498549	54.701979	57.751470	27.413437	57.692043	26.847386	55.427839	27.085093	54.501598	29.164804	53.981670	28.933244	53.060668	29.602225	53.120094	30.168277	55.384298	29.930569	56.722260	31.772574	57.182761	31.438083	57.702689	31.669643	58.628930	29.589932	57.290968	27.747928
229	#A0A0A0	#000000	#00000000	#00000000		53.498549	54.701979	56.468650	5.413708	56.988579	5.645268	57.914820	3.565557	56.576858	1.723553	57.037359	1.389062	56.918505	0.256960	56.398577	0.025400	55.472336	2.105111	53.208133	2.342818	53.267560	2.908869	52.807058	3.243360	54.145020	5.085364	56.409224	4.847657
230	#66ccff	#000000	#00000000	#00000000		53.498549	54.701979	53.200814	40.378842	52.740313	40.713333	54.078275	42.555337	56.342479	42.317629	56.401905	42.883680	57.441761	43.346801	57.902262	43.012310	56.564300	41.170306	57.490542	39.090595	56.970614	38.859034	56.911187	38.292983	54.646983	38.530691	53.720742	40.610402
231	#006699	#000000	#00000000	#00000000		53.498549	54.701979	0.336205	52.059660	0.395631	52.625711	-1.868573	52.863419	-3.206535	51.021414	-3.667036	51.355905	-4.706891	50.892784	-4.766318	50.326733	-2.502115	50.089026	-1.575874	48.009315	-1.055945	48.240875	-0.595444	47.906384	0.742518	49.748389	-0.183723	51.828100
232	#ffffff	#000000	#00000000	#00000000		53.498549	54.701979	-1.034654	57.885390	-0.975228	58.451441	1.288976	58.213734	2.215217	56.134023	2.735145	56.365583	3.656147	55.696602	3.596720	55.130551	1.332517	55.368258	-0.005445	53.526254	-0.465946	53.860744	-0.985874	53.629184	-1.912115	55.708895	-0.574153	57.550900
233	#66ccff	#000000	#00000000	#00000000		53.498549	54.701979	-4.235744	55.380550	-4.176318	55.946601	-1.912114	55.708894	-0.985873	53.629183	-0.465945	53.860743	0.455057	53.191762	0.395630	52.625711	-1.868573	52.863418	-3.206535	51.021414	-3.667036	51.355904	-4.186964	51.124344	-5.113205	53.204055	-3.775243	55.046059
234	#66ccff	#000000	#00000000	#00000000		53.498549	54.701979	7.425948	54.176795	7.366520	53.610745	5.102317	53.848452	4.176076	55.928163	3.656148	55.696602	2.735146	56.365583	2.794572	56.931634	5.058776	56.693927	6.396738	58.535932	6.857239	58.201441	7.377167	58.433001	8.303408	56.353290	6.965446	54.511286
235	#ffffff	#000000	#00000000	#00000000		53.498549	54.701979	11.666893	57.144756	12.127394	56.810266	10.789433	54.968261	8.525230	55.205968	8.465803	54.639917	7.425947	54.176796	6.965446	54.511286	8.303407	56.353290	7.377165	58.433001	7.897093	58.664562	7.956520	59.230613	10.220723	58.992906	11.146965	56.913195
236	#ffffff	#000000	#00000000	#00000000		53.498549	54.701979	20.598641	57.923925	20.658068	58.489976	22.922271	58.252269	23.848513	56.172558	24.368441	56.404118	25.289443	55.735137	25.230016	55.169086	22.965812	55.406793	21.627851	53.564790	21.167350	53.899280	20.647422	53.667720	19.721180	55.747431	21.059142	57.589435
237	#A0A0A0	#000000	#00000000	#00000000		53.498549	54.701979	33.300191	57.183289	33.760691	56.848799	32.422729	55.006795	30.158525	55.244502	30.099099	54.678451	29.059242	54.215331	28.598742	54.549822	29.936704	56.391826	29.010464	58.471537	29.530392	58.703098	29.589818	59.269149	31.854022	59.031441	32.780263	56.951729
238	#66ccff	#000000	#00000000	#00000000		53.498549	54.701979	29.059243	54.215330	28.999816	53.649280	26.735612	53.886987	25.809371	55.966698	25.289443	55.735138	24.368441	56.404119	24.427868	56.970170	26.692071	56.732463	28.030033	58.574467	28.490535	58.239976	29.010463	58.471537	29.936704	56.391826	28.598742	54.549821
239	#66ccff	#000000	#00000000	#00000000		53.498549	54.701979	41.760801	53.474691	41.701373	52.908640	39.437170	53.146349	38.510931	55.226061	37.991003	54.994501	37.070001	55.663483	37.129428	56.229534	39.393631	55.991825	40.731595	57.833828	41.192096	57.499337	41.712024	57.730897	42.638264	55.651185	41.300300	53.809182
240	#ffffff	#000000	#00000000	#00000000		53.498549	54.701979	46.001750	56.442646	46.462251	56.108155	45.124287	54.266153	42.860084	54.503861	42.800657	53.937810	41.760801	53.474691	41.300300	53.809182	42.638263	55.651185	41.712024	57.730897	42.231952	57.962456	42.291379	58.528507	44.555582	58.290798	45.481822	56.211087
241	#66ccff	#000000	#00000000	#00000000		53.498549	54.701979	50.692541	54.253863	50.633114	53.687812	48.368911	53.925520	47.442669	56.005232	46.922741	55.773671	46.001739	56.442652	46.061165	57.008703	48.325369	56.770996	49.663331	58.613001	50.123832	58.278510	50.643760	58.510070	51.570002	56.430359	50.232040	54.588354
242	#A0A0A0	#000000	#00000000	#00000000		53.498549	54.701979	54.933488	57.221822	55.393989	56.887332	54.056027	55.045328	51.791824	55.283035	51.732397	54.716984	50.692541	54.253863	50.232040	54.588354	51.570002	56.430358	50.643760	58.510070	51.163688	58.741630	51.223115	59.307681	53.487318	59.069974	54.413560	56.990262
243	#66ccff	#000000	#00000000	#00000000		53.498549	54.701979	16.357696	54.955966	16.298269	54.389915	14.034065	54.627623	13.107824	56.707334	12.587896	56.475773	11.666894	57.144754	11.726321	57.710805	13.990524	57.473098	15.328486	59.315103	15.788987	58.980612	16.308915	59.212172	17.235157	57.132461	15.897195	55.290457
244	#A0A0A0	#000000	#00000000	#00000000		53.498549	54.701979	-4.168998	17.910613	-4.109570	18.476664	-1.845367	18.238955	-0.919128	16.159243	-0.399200	16.390804	0.521802	15.721822	0.462375	15.155771	-1.801828	15.393480	-3.139792	13.551477	-3.600293	13.885968	-4.120221	13.654408	-5.046460	15.734119	-3.708497	17.576122
245	#006699	#000000	#00000000	#00000000		53.498549	54.701979	-0.068203	10.101955	0.451725	10.333515	-0.474514	12.413227	-2.738717	12.650936	-2.679290	13.216987	-3.600292	13.885969	-4.120220	13.654409	-3.193980	11.574697	-4.531943	9.732694	-4.071443	9.398203	-4.130870	8.832152	-1.866667	8.594443	-0.528704	10.436446
246	#66ccff	#000000	#00000000	#00000000		53.498549	54.701979	0.500502	6.077309	0.441075	5.511258	-1.823129	5.748967	-2.749368	7.828678	-3.269296	7.597118	-4.190298	8.266100	-4.130870	8.832151	-1.866667	8.594442	-0.528704	10.436445	-0.068203	10.101954	0.451725	10.333514	1.377965	8.253803	0.040001	6.411800
247	#A0A0A0	#000000	#00000000	#00000000		53.498549	54.701979	-2.250741	-1.584275	-2.770669	-1.815835	-3.696909	0.263877	-2.358945	2.105880	-2.819446	2.440371	-2.700592	3.572472	-2.180664	3.804032	-1.254424	1.724321	1.009779	1.486612	0.950352	0.920561	1.410853	0.586070	0.072890	-1.255933	-2.191314	-1.018224
248	#66ccff	#000000	#00000000	#00000000		53.498549	54.701979	56.489943	15.058223	57.009871	15.289783	57.936113	13.210072	56.598151	11.368067	57.058652	11.033577	56.939798	9.901475	56.419870	9.669915	55.493629	11.749626	53.229426	11.987333	53.288852	12.553384	52.828351	12.887875	54.166313	14.729879	56.430516	14.492172
249	#A0A0A0	#000000	#00000000	#00000000		53.498549	54.701979	53.148705	1.776768	53.208132	2.342819	55.472335	2.105112	56.398578	0.025400	56.918506	0.256960	57.839507	-0.412021	57.780081	-0.978072	55.515877	-0.740365	54.177915	-2.582369	53.717414	-2.247879	53.197486	-2.479439	52.271245	-0.399727	53.609207	1.442277
250	#A0A0A0	#000000	#00000000	#00000000		53.498549	54.701979	-1.417754	25.572198	-0.897826	25.803758	0.028413	23.724046	-1.309551	21.882043	-0.849050	21.547552	-0.967905	20.415450	-1.487833	20.183890	-2.414072	22.263602	-4.678275	22.501312	-4.618848	23.067363	-5.079349	23.401854	-3.741385	25.243857	-1.477181	25.006147
251	#A0A0A0	#000000	#00000000	#00000000		53.498549	54.701979	20.598642	57.923925	21.059143	57.589434	19.721180	55.747431	17.456977	55.985138	17.397550	55.419087	16.357695	54.955966	15.897194	55.290456	17.235156	57.132460	16.308914	59.212171	16.828842	59.443732	16.888269	60.009783	19.152473	59.772075	20.078714	57.692364
252	#66ccff	#000000	#00000000	#00000000		53.498549	54.701979	60.074144	49.876286	60.534645	49.541795	59.196683	47.699791	56.932480	47.937498	56.873053	47.371447	55.833197	46.908327	55.372696	47.242818	56.710658	49.084822	55.784416	51.164533	56.304344	51.396093	56.363771	51.962144	58.627974	51.724437	59.554216	49.644726
