seq_id	start_fill_color	start_stroke_color	done_fill_color	done_stroke_color	footnote	img_width	img_height	px_0	py_0	px_1	py_1	px_2	py_2	px_3	py_3	px_4	py_4	px_5	py_5	px_6	py_6	px_7	py_7	px_8	py_8	px_9	py_9	px_10	py_10	px_11	py_11	px_12	py_12
0	#66ccff	#000000	#00000000	#00000000	Starting tile pattern based on a Tile(1, 1) tiling in a <a href="https://cs.uwaterloo.ca/~csk/hat/examples/animation.gif">looping animated GIF</a> by David Smith, Joseph Samuel Myers, Craig S. Kaplan, and Chaim Goodman-Strauss, used under <a href="http://creativecommons.org/licenses/by/4.0/">CC BY 4.0</a> / This is a recreation of the original rather than a screenshot, and the cropping, colors, and vertical orientation differ slightly from the original.	53.498549	54.701979	20.363320	19.918807	21.137978	18.877739	20.096910	18.103081	18.905502	18.617342	18.391241	17.425934	15.813401	17.125253	15.038743	18.166321	16.079810	18.940979	15.929470	20.229899	17.218391	20.380240	17.732652	21.571648	18.924060	21.057387	19.074400	19.768466
1	#A0A0A0	#000000	#00000000	#00000000		53.498549	54.701979	21.536169	16.964499	20.247249	16.814159	20.096909	18.103080	21.137976	18.877738	20.363320	19.918807	21.391843	22.301621	22.680764	22.451962	22.831104	21.163041	24.022512	20.648779	23.508250	19.457371	24.282908	18.416303	23.241840	17.641645	22.050432	18.155908
2	#ffffff	#000000	#00000000	#00000000		53.498549	54.701979	18.391240	17.425932	18.905502	18.617341	20.096910	18.103079	20.247250	16.814159	21.536169	16.964499	23.085487	14.882364	22.571226	13.690956	21.379818	14.205217	20.338750	13.430559	19.564092	14.471627	18.275171	14.321286	18.124831	15.610207	19.165899	16.384865
3	#ffffff	#000000	#00000000	#00000000		53.498549	54.701979	13.841321	14.632380	13.066663	15.673448	14.107730	16.448106	15.299138	15.933845	15.813400	17.125253	18.391241	17.425934	19.165899	16.384866	18.124831	15.610208	18.275171	14.321287	16.986251	14.170947	16.471990	12.979539	15.280582	13.493800	15.130241	14.782721
4	#66ccff	#000000	#00000000	#00000000		53.498549	54.701979	11.119151	19.668822	11.633412	20.860230	12.824820	20.345969	12.975160	19.057048	14.264081	19.207389	15.813398	17.125254	15.299138	15.933845	14.107730	16.448106	13.066662	15.673447	12.292003	16.714514	11.003082	16.564174	10.852742	17.853095	11.893810	18.627754
5	#006699	#000000	#00000000	#00000000		53.498549	54.701979	17.218387	20.380240	17.732648	21.571648	16.541240	22.085909	15.500172	21.311251	14.725514	22.352319	12.147674	22.051638	11.633413	20.860230	12.824821	20.345969	12.975162	19.057048	14.264081	19.207389	15.038739	18.166321	16.079807	18.940979	15.929466	20.229900
6	#A0A0A0	#000000	#00000000	#00000000		53.498549	54.701979	26.230416	14.420928	25.716153	13.229520	24.524745	13.743783	24.374406	15.032703	23.085486	14.882364	21.536169	16.964499	22.050432	18.155908	23.241840	17.641645	24.282908	18.416303	25.057566	17.375235	26.346486	17.525575	26.496825	16.236654	25.455758	15.461996
7	#66ccff	#000000	#00000000	#00000000		53.498549	54.701979	23.085484	14.882363	24.374405	15.032702	24.524745	13.743783	23.483677	12.969125	24.258336	11.928057	23.229810	9.545242	21.940889	9.394903	21.790550	10.683824	20.599143	11.198086	21.113406	12.389493	20.338747	13.430560	21.379815	14.205219	22.571222	13.690956
8	#006699	#000000	#00000000	#00000000		53.498549	54.701979	20.651969	9.244566	21.940889	9.394905	21.790550	10.683825	20.599143	11.198087	21.113406	12.389493	19.564090	14.471629	18.275169	14.321290	18.425508	13.032370	17.384441	12.257712	18.159099	11.216644	17.644836	10.025237	18.836243	9.510975	19.877311	10.285633
9	#66ccff	#000000	#00000000	#00000000		53.498549	54.701979	16.986251	14.170947	18.275171	14.321287	18.425512	13.032367	17.384444	12.257708	18.159103	11.216640	17.130581	8.833823	15.841660	8.683483	15.691320	9.972403	14.499912	10.486665	15.014173	11.678073	14.239514	12.719141	15.280582	13.493800	16.471990	12.979539
10	#66ccff	#000000	#00000000	#00000000		53.498549	54.701979	13.841321	14.632380	15.130241	14.782721	15.280582	13.493800	14.239514	12.719141	15.014173	11.678073	13.985651	9.295256	12.696730	9.144916	12.546390	10.433837	11.354982	10.948098	11.869243	12.139506	11.094583	13.180574	12.135651	13.955233	13.327059	13.440972
11	#A0A0A0	#000000	#00000000	#00000000		53.498549	54.701979	9.147072	17.175949	9.661333	18.367357	10.852741	17.853096	11.003081	16.564176	12.292002	16.714516	13.841319	14.632382	13.327059	13.440972	12.135651	13.955233	11.094583	13.180574	10.319924	14.221642	9.031003	14.071301	8.880663	15.360222	9.921731	16.134881
12	#ffffff	#000000	#00000000	#00000000		53.498549	54.701979	9.147072	17.175949	7.858151	17.025609	7.707811	18.314529	8.748878	19.089189	7.974219	20.130256	9.002741	22.513073	10.291662	22.663413	10.442002	21.374493	11.633411	20.860231	11.119149	19.668823	11.893809	18.627755	10.852741	17.853096	9.661333	18.367357
13	#ffffff	#000000	#00000000	#00000000		53.498549	54.701979	9.002741	22.513073	8.228083	23.554140	9.269151	24.328799	10.460559	23.814537	10.974820	25.005946	13.552660	25.306627	14.327318	24.265559	13.286251	23.490901	13.436591	22.201980	12.147670	22.051640	11.633409	20.860232	10.442001	21.374493	10.291661	22.663413
14	#66ccff	#000000	#00000000	#00000000		53.498549	54.701979	13.552660	25.306627	14.066923	26.498035	15.258331	25.983772	15.408671	24.694852	16.697592	24.845192	18.246908	22.763057	17.732645	21.571649	16.541237	22.085911	15.500170	21.311253	14.725512	22.352321	13.436591	22.201980	13.286251	23.490901	14.327318	24.265559
15	#A0A0A0	#000000	#00000000	#00000000		53.498549	54.701979	15.524740	27.799498	16.039001	28.990906	17.230410	28.476645	17.380750	27.187724	18.669671	27.338065	20.218988	25.255929	19.704727	24.064521	18.513319	24.578782	17.472251	23.804124	16.697593	24.845192	15.408672	24.694851	15.258331	25.983772	16.299398	26.758430
16	#A0A0A0	#000000	#00000000	#00000000		53.498549	54.701979	20.218988	25.255929	21.507909	25.406270	21.658249	24.117349	20.617181	23.342690	21.391840	22.301622	20.363318	19.918805	19.074398	19.768465	18.924057	21.057386	17.732649	21.571647	18.246910	22.763055	17.472251	23.804123	18.513319	24.578782	19.704727	24.064521
17	#66ccff	#000000	#00000000	#00000000		53.498549	54.701979	21.391839	22.301622	20.617181	23.342690	21.658249	24.117349	22.849657	23.603088	23.363918	24.794496	25.941758	25.095177	26.716418	24.054109	25.675350	23.279450	25.825690	21.990529	24.536770	21.840189	24.022508	20.648781	22.831100	21.163042	22.680760	22.451962
18	#ffffff	#000000	#00000000	#00000000		53.498549	54.701979	20.218988	25.255929	19.444329	26.296997	20.485397	27.071656	21.676805	26.557395	22.191066	27.748803	24.768906	28.049486	25.543565	27.008418	24.502497	26.233758	24.652838	24.944838	23.363917	24.794498	22.849656	23.603089	21.658249	24.117349	21.507909	25.406270
19	#ffffff	#000000	#00000000	#00000000		53.498549	54.701979	24.768906	28.049486	25.283167	29.240894	26.474575	28.726633	26.624916	27.437712	27.913836	27.588053	29.463154	25.505918	28.948893	24.314510	27.757484	24.828771	26.716417	24.054112	25.941757	25.095180	24.652837	24.944839	24.502496	26.233760	25.543564	27.008419
20	#66ccff	#000000	#00000000	#00000000		53.498549	54.701979	27.913837	27.588051	26.624916	27.437712	26.474575	28.726633	27.515643	29.501291	26.740985	30.542358	27.769508	32.925173	29.058429	33.075514	29.208769	31.786593	30.400177	31.272332	29.885916	30.080924	30.660574	29.039856	29.619507	28.265198	28.428098	28.779459
21	#66ccff	#000000	#00000000	#00000000		53.498549	54.701979	29.463154	25.505918	30.752074	25.656259	30.902415	24.367338	29.861347	23.592679	30.636006	22.551611	29.607484	20.168795	28.318563	20.018454	28.168223	21.307375	26.976815	21.821636	27.491076	23.013044	26.716417	24.054112	27.757484	24.828771	28.948893	24.314510
22	#A0A0A0	#000000	#00000000	#00000000		53.498549	54.701979	32.608083	25.044485	32.093822	23.853077	30.902413	24.367338	30.752073	25.656259	29.463154	25.505918	27.913836	27.588054	28.428097	28.779462	29.619506	28.265201	30.660573	29.039859	31.435231	27.998791	32.724152	28.149132	32.874492	26.860211	31.833425	26.085553
23	#66ccff	#000000	#00000000	#00000000		53.498549	54.701979	26.740985	30.542360	27.515643	29.501291	26.474575	28.726633	25.283167	29.240895	24.768905	28.049487	22.191064	27.748808	21.416406	28.789875	22.457473	29.564533	22.307133	30.853454	23.596054	31.003794	24.110316	32.195202	25.301724	31.680940	25.452064	30.392019
24	#006699	#000000	#00000000	#00000000		53.498549	54.701979	23.596054	31.003794	24.110315	32.195203	22.918907	32.709464	21.877839	31.934806	21.103181	32.975873	18.525341	32.675192	18.011080	31.483784	19.202488	30.969523	19.352828	29.680602	20.641749	29.830943	21.416407	28.789875	22.457475	29.564533	22.307133	30.853454
25	#66ccff	#000000	#00000000	#00000000		53.498549	54.701979	17.496817	30.292372	18.011078	31.483780	19.202486	30.969519	19.352827	29.680599	20.641747	29.830939	22.191065	27.748805	21.676805	26.557395	20.485397	27.071656	19.444329	26.296997	18.669669	27.338065	17.380749	27.187724	17.230408	28.476645	18.271476	29.251304
26	#A0A0A0	#000000	#00000000	#00000000		53.498549	54.701979	15.524739	27.799498	14.235818	27.649158	14.085478	28.938078	15.126546	29.712738	14.351887	30.753805	15.380409	33.136622	16.669329	33.286962	16.819670	31.998042	18.011078	31.483780	17.496817	30.292372	18.271476	29.251304	17.230408	28.476645	16.039000	28.990906
27	#A0A0A0	#000000	#00000000	#00000000		53.498549	54.701979	15.524739	27.799498	16.299397	26.758430	15.258329	25.983772	14.066921	26.498033	13.552660	25.306625	10.974820	25.005944	10.200162	26.047012	11.241230	26.821670	11.090889	28.110591	12.379810	28.260931	12.894071	29.452339	14.085479	28.938078	14.235820	27.649157
28	#66ccff	#000000	#00000000	#00000000		53.498549	54.701979	12.379809	28.260931	11.090888	28.110591	10.940548	29.399511	11.981616	30.174171	11.206956	31.215239	12.235479	33.598055	13.524399	33.748395	13.674740	32.459475	14.866148	31.945214	14.351887	30.753805	15.126546	29.712738	14.085478	28.938078	12.894070	29.452339
29	#006699	#000000	#00000000	#00000000		53.498549	54.701979	8.714082	33.187316	7.425161	33.036976	7.575502	31.748055	8.766910	31.233794	8.252649	30.042386	9.801966	27.960252	11.090887	28.110592	10.940547	29.399513	11.981616	30.174171	11.206956	31.215239	11.721217	32.406647	10.529809	32.920908	9.488741	32.146249
30	#A0A0A0	#000000	#00000000	#00000000		53.498549	54.701979	10.974820	25.005944	10.460559	23.814536	9.269151	24.328797	9.118810	25.617718	7.829890	25.467377	6.280572	27.549513	6.794834	28.740921	7.986242	28.226660	9.027310	29.001318	9.801968	27.960250	11.090888	28.110591	11.241230	26.821670	10.200162	26.047012
31	#66ccff	#000000	#00000000	#00000000		53.498549	54.701979	7.829889	25.467379	9.118809	25.617719	9.269151	24.328797	8.228083	23.554139	9.002741	22.513072	7.974218	20.130257	6.685297	19.979916	6.534957	21.268837	5.343549	21.783098	5.857810	22.974506	5.083152	24.015574	6.124219	24.790232	7.315628	24.275971
32	#66ccff	#000000	#00000000	#00000000		53.498549	54.701979	6.280571	27.549514	4.991651	27.399174	4.841310	28.688095	5.882378	29.462753	5.107720	30.503820	6.136243	32.886635	7.425164	33.036976	7.575504	31.748055	8.766912	31.233793	8.252650	30.042385	9.027308	29.001317	7.986242	28.226660	6.794834	28.740922
33	#A0A0A0	#000000	#00000000	#00000000		53.498549	54.701979	3.135643	28.010946	3.649905	29.202354	4.841313	28.688093	4.991653	27.399172	6.280574	27.549513	7.829890	25.467377	7.315629	24.275969	6.124221	24.790230	5.083153	24.015572	4.308495	25.056640	3.019574	24.906300	2.869234	26.195220	3.910302	26.969878
34	#ffffff	#000000	#00000000	#00000000		53.498549	54.701979	3.135640	28.010949	1.846719	27.860609	1.696379	29.149529	2.737447	29.924187	1.962789	30.965255	2.991312	33.348070	4.280233	33.498410	4.430573	32.209490	5.621981	31.695227	5.107719	30.503819	5.882377	29.462752	4.841310	28.688095	3.649902	29.202357
35	#66ccff	#000000	#00000000	#00000000		53.498549	54.701979	-2.587133	28.171703	-3.361791	29.212770	-2.320723	29.987429	-1.129315	29.473166	-0.615052	30.664574	1.962788	30.965254	2.737447	29.924187	1.696379	29.149529	1.846719	27.860609	0.557799	27.710268	0.043536	26.518860	-1.147872	27.033123	-1.298212	28.322043
36	#006699	#000000	#00000000	#00000000		53.498549	54.701979	-0.153617	33.809504	-0.928275	34.850572	-1.969343	34.075914	-1.819003	32.786993	-3.107924	32.636654	-4.136449	30.253839	-3.361790	29.212772	-2.320723	29.987430	-1.129315	29.473167	-0.615052	30.664574	0.673868	30.814913	0.523529	32.103834	-0.667879	32.618096
37	#66ccff	#000000	#00000000	#00000000		53.498549	54.701979	1.818462	36.302377	3.107383	36.452717	3.257723	35.163797	2.216655	34.389139	2.991314	33.348071	1.962789	30.965255	0.673868	30.814915	0.523528	32.103835	-0.667880	32.618098	-0.153618	33.809506	-0.928276	34.850573	0.112792	35.625231	1.304200	35.110969
38	#A0A0A0	#000000	#00000000	#00000000		53.498549	54.701979	-1.414281	25.217398	-2.188939	26.258466	-1.147871	27.033124	0.043536	26.518860	0.557799	27.710268	3.135640	28.010948	3.910298	26.969880	2.869230	26.195222	3.019569	24.906302	1.730649	24.755962	1.216386	23.564554	0.024978	24.078817	-0.125361	25.367737
39	#66ccff	#000000	#00000000	#00000000		53.498549	54.701979	-0.241431	22.263092	-1.016089	23.304160	0.024979	24.078818	1.216386	23.564554	1.730649	24.755962	4.308490	25.056642	5.083148	24.015574	4.042080	23.240916	4.192419	21.951996	2.903499	21.801657	2.389236	20.610249	1.197828	21.124511	1.047489	22.413432
40	#006699	#000000	#00000000	#00000000		53.498549	54.701979	5.857805	22.974505	5.083146	24.015573	4.042079	23.240915	4.192419	21.951996	2.903499	21.801657	1.874973	19.418842	2.649631	18.377774	3.690699	19.152433	4.882105	18.638170	5.396368	19.829577	6.685288	19.979916	6.534949	21.268836	5.343542	21.783099
41	#A0A0A0	#000000	#00000000	#00000000		53.498549	54.701979	-0.097106	16.925969	-1.386026	16.775630	-1.536366	18.064551	-0.495298	18.839209	-1.269956	19.880276	-0.241431	22.263091	1.047489	22.413430	1.197828	21.124510	2.389236	20.610249	1.874974	19.418841	2.649632	18.377773	1.608564	17.603115	0.417156	18.117377
42	#A0A0A0	#000000	#00000000	#00000000		53.498549	54.701979	4.597142	14.382399	4.082879	13.190991	2.891471	13.705254	2.741131	14.994174	1.452210	14.843834	-0.097106	16.925969	0.417156	18.117377	1.608564	17.603115	2.649632	18.377773	3.424290	17.336705	4.713211	17.487046	4.863551	16.198125	3.822483	15.423467
43	#66ccff	#000000	#00000000	#00000000		53.498549	54.701979	3.424290	17.336705	2.649632	18.377773	3.690700	19.152431	4.882108	18.638170	5.396369	19.829578	7.974209	20.130259	8.748867	19.089191	7.707799	18.314533	7.858140	17.025613	6.569219	16.875272	6.054958	15.683864	4.863550	16.198125	4.713211	17.487046
44	#A0A0A0	#000000	#00000000	#00000000		53.498549	54.701979	4.597140	14.382400	3.822481	15.423467	4.863549	16.198127	6.054958	15.683864	6.569219	16.875272	9.147059	17.175955	9.921719	16.134887	8.880651	15.360227	9.030991	14.071307	7.742071	13.920966	7.227809	12.729558	6.036401	13.243819	5.886061	14.532740
45	#A0A0A0	#000000	#00000000	#00000000		53.498549	54.701979	4.597139	14.382401	5.886060	14.532741	6.036401	13.243819	4.995334	12.469161	5.769992	11.428094	4.741468	9.045279	3.452548	8.894938	3.302207	10.183859	2.110799	10.698120	2.625060	11.889528	1.850402	12.930596	2.891470	13.705254	4.082878	13.190993
46	#66ccff	#000000	#00000000	#00000000		53.498549	54.701979	5.769991	11.428092	4.995334	12.469161	6.036401	13.243819	7.227809	12.729557	7.742072	13.920965	10.319913	14.221644	11.094571	13.180577	10.053503	12.405919	10.203843	11.116998	8.914923	10.966658	8.400660	9.775250	7.209252	10.289512	7.058912	11.578433
47	#66ccff	#000000	#00000000	#00000000		53.498549	54.701979	1.452210	14.843835	2.741131	14.994176	2.891471	13.705255	1.850402	12.930596	2.625060	11.889528	1.596537	9.506713	0.307616	9.356373	0.157276	10.645293	-1.034132	11.159556	-0.519870	12.350964	-1.294528	13.392032	-0.253460	14.166690	0.937948	13.652427
48	#A0A0A0	#000000	#00000000	#00000000		53.498549	54.701979	4.741468	9.045279	5.516127	8.004211	4.475060	7.229551	3.283651	7.743813	2.769390	6.552404	0.191550	6.251722	-0.583109	7.292790	0.457959	8.067449	0.307618	9.356370	1.596539	9.506710	2.110800	10.698119	3.302207	10.183859	3.452548	8.894938
49	#A0A0A0	#000000	#00000000	#00000000		53.498549	54.701979	-1.780528	3.758848	-2.555187	4.799915	-1.514121	5.574574	-0.322712	5.060313	0.191549	6.251721	2.769390	6.552404	3.544050	5.511338	2.502983	4.736678	2.653325	3.447758	1.364404	3.297416	0.850143	2.106008	-0.341265	2.620269	-0.491607	3.909190
50	#66ccff	#000000	#00000000	#00000000		53.498549	54.701979	2.769390	6.552404	3.283650	7.743813	4.475059	7.229553	4.625400	5.940633	5.914320	6.090975	7.463639	4.008842	6.949379	2.817434	5.757971	3.331694	4.716904	2.557034	3.942245	3.598101	2.653325	3.447759	2.502983	4.736678	3.544050	5.511338
51	#ffffff	#000000	#00000000	#00000000		53.498549	54.701979	5.914320	6.090975	4.625400	5.940633	4.475059	7.229553	5.516125	8.004212	4.741466	9.045279	5.769985	11.428096	7.058905	11.578438	7.209247	10.289518	8.400655	9.775258	7.886395	8.583850	8.661055	7.542783	7.619988	6.768124	6.428580	7.282384
52	#ffffff	#000000	#00000000	#00000000		53.498549	54.701979	10.608568	3.547413	10.094308	2.356005	8.902900	2.870265	8.752558	4.159184	7.463639	4.008842	5.914319	6.090975	6.428580	7.282384	7.619988	6.768124	8.661055	7.542783	9.435714	6.501717	10.724634	6.652059	10.874975	5.363139	9.833909	4.588480
53	#006699	#000000	#00000000	#00000000		53.498549	54.701979	11.869228	12.139511	11.094570	13.180578	10.053502	12.405920	10.203843	11.116998	8.914923	10.966658	7.886399	8.583843	8.661057	7.542775	9.702125	8.317433	10.893533	7.803172	11.407795	8.994580	12.696715	9.144921	12.546375	10.433841	11.354966	10.948102
54	#66ccff	#000000	#00000000	#00000000		53.498549	54.701979	9.435715	6.501717	8.661055	7.542783	9.702121	8.317443	10.893530	7.803183	11.407789	8.994591	13.985630	9.295275	14.760289	8.254208	13.719223	7.479549	13.869564	6.190629	12.580645	6.040288	12.066385	4.848879	10.874977	5.363139	10.724635	6.652058
55	#66ccff	#000000	#00000000	#00000000		53.498549	54.701979	10.608571	3.547413	9.833911	4.588479	10.874978	5.363139	12.066385	4.848879	12.580645	6.040288	15.158485	6.340971	15.933145	5.299904	14.892078	4.525245	15.042420	3.236326	13.753500	3.085984	13.239241	1.894575	12.047832	2.408835	11.897490	3.697755
56	#006699	#000000	#00000000	#00000000		53.498549	54.701979	16.707803	4.258838	15.933143	5.299905	14.892078	4.525245	15.042420	3.236326	13.753500	3.085984	12.724979	0.703167	13.499639	-0.337899	14.540705	0.436760	15.732114	-0.077500	16.246374	1.113909	17.535293	1.264250	17.384951	2.553170	16.193543	3.067430
57	#ffffff	#000000	#00000000	#00000000		53.498549	54.701979	13.985631	9.295275	14.499891	10.486683	15.691299	9.972423	15.841641	8.683504	17.130560	8.833846	18.679879	6.751712	18.165620	5.560304	16.974211	6.074564	15.933145	5.299904	15.158485	6.340971	13.869566	6.190629	13.719224	7.479549	14.760290	8.254208
58	#66ccff	#000000	#00000000	#00000000		53.498549	54.701979	18.679879	6.751712	19.968799	6.902054	20.119141	5.613135	19.078074	4.838475	19.852734	3.797409	18.824213	1.414592	17.535293	1.264250	17.384951	2.553170	16.193543	3.067430	16.707803	4.258838	15.933143	5.299905	16.974211	6.074564	18.165620	5.560304
59	#66ccff	#000000	#00000000	#00000000		53.498549	54.701979	21.824809	6.290283	21.310549	5.098875	20.119141	5.613135	19.968799	6.902054	18.679879	6.751712	17.130560	8.833846	17.644820	10.025254	18.836229	9.510994	19.877295	10.285654	20.651955	9.244587	21.940874	9.394929	22.091216	8.106009	21.050149	7.331350
60	#ffffff	#000000	#00000000	#00000000		53.498549	54.701979	19.852735	3.797409	19.078074	4.838475	20.119141	5.613135	21.310549	5.098875	21.824809	6.290283	24.402649	6.590967	25.177309	5.549900	24.136242	4.775241	24.286584	3.486321	22.997664	3.335980	22.483405	2.144571	21.291996	2.658831	21.141654	3.947750
61	#66ccff	#000000	#00000000	#00000000		53.498549	54.701979	24.402649	6.590967	24.916909	7.782375	26.108317	7.268115	26.258659	5.979196	27.547579	6.129538	29.096899	4.047405	28.582639	2.855996	27.391231	3.370256	26.350164	2.595596	25.575505	3.636663	24.286585	3.486321	24.136242	4.775241	25.177309	5.549900
62	#ffffff	#000000	#00000000	#00000000		53.498549	54.701979	19.997069	-1.539712	18.708150	-1.690054	18.557808	-0.401134	19.598875	0.373525	18.824215	1.414592	19.852735	3.797409	21.141654	3.947750	21.291996	2.658831	22.483405	2.144571	21.969145	0.953163	22.743804	-0.087904	21.702738	-0.862563	20.511329	-0.348303
63	#006699	#000000	#00000000	#00000000		53.498549	54.701979	28.068378	1.664588	28.582638	2.855996	27.391229	3.370256	26.350164	2.595596	25.575505	3.636663	22.997664	3.335980	22.483405	2.144571	23.674813	1.630311	23.825155	0.341392	25.114074	0.491734	25.888734	-0.549333	26.929800	0.225327	26.779458	1.514246
64	#A0A0A0	#000000	#00000000	#00000000		53.498549	54.701979	26.374723	9.083842	27.149383	8.042775	26.108316	7.268116	24.916908	7.782375	24.402649	6.590967	21.824809	6.290283	21.050149	7.331350	22.091216	8.106009	21.940874	9.394929	23.229794	9.545271	23.744053	10.736679	24.935462	10.222419	25.085804	8.933500
65	#A0A0A0	#000000	#00000000	#00000000		53.498549	54.701979	26.230389	14.420962	27.519308	14.571304	27.669650	13.282384	26.628583	12.507725	27.403243	11.466658	26.374723	9.083842	25.085804	8.933500	24.935462	10.222419	23.744053	10.736679	24.258313	11.928087	23.483654	12.969154	24.524720	13.743814	25.716129	13.229554
66	#A0A0A0	#000000	#00000000	#00000000		53.498549	54.701979	26.230389	14.420962	25.455729	15.462029	26.496796	16.236688	27.688204	15.722428	28.202464	16.913837	30.780304	17.214520	31.554963	16.173454	30.513897	15.398794	30.664239	14.109875	29.375319	13.959533	28.861059	12.768124	27.669651	13.282384	27.519309	14.571304
67	#66ccff	#000000	#00000000	#00000000		53.498549	54.701979	25.057534	17.375266	24.282875	18.416332	25.323941	19.190992	26.515350	18.676732	27.029610	19.868140	29.607450	20.168824	30.382109	19.127757	29.341043	18.353098	29.491385	17.064178	28.202465	16.913836	27.688205	15.722428	26.496796	16.236688	26.346454	17.525608
68	#006699	#000000	#00000000	#00000000		53.498549	54.701979	27.491039	23.013070	26.716379	24.054136	25.675313	23.279477	25.825654	21.990557	24.536735	21.840216	23.508215	19.457399	24.282875	18.416332	25.323941	19.190992	26.515350	18.676732	27.029610	19.868140	28.318529	20.018482	28.168187	21.307402	26.976779	21.821661
69	#ffffff	#000000	#00000000	#00000000		53.498549	54.701979	30.636005	22.551611	29.861347	23.592679	30.902415	24.367338	32.093823	23.853077	32.608084	25.044485	35.185924	25.345166	35.960583	24.304098	34.919515	23.529439	35.069856	22.240518	33.780935	22.090178	33.266674	20.898770	32.075266	21.413031	31.924925	22.701951
70	#ffffff	#000000	#00000000	#00000000		53.498549	54.701979	30.780334	17.214489	29.491413	17.064148	29.341073	18.353069	30.382141	19.127727	29.607483	20.168795	30.636006	22.551610	31.924925	22.701951	32.075266	21.413031	33.266674	20.898770	32.752413	19.707362	33.527071	18.666294	32.486003	17.891636	31.294595	18.405897
71	#A0A0A0	#000000	#00000000	#00000000		53.498549	54.701979	30.780333	17.214490	31.294594	18.405898	32.486003	17.891636	32.636344	16.602715	33.925264	16.753056	35.474582	14.670921	34.960321	13.479513	33.768912	13.993774	32.727845	13.219115	31.953185	14.260183	30.664265	14.109842	30.513924	15.398763	31.554992	16.173422
72	#006699	#000000	#00000000	#00000000		53.498549	54.701979	33.041068	9.033117	34.329989	9.183458	34.179648	10.472378	32.988240	10.986639	33.502501	12.178048	31.953184	14.260183	30.664265	14.109842	30.814605	12.820922	29.773537	12.046264	30.548196	11.005196	30.033934	9.813788	31.225343	9.299527	32.266410	10.074185
73	#66ccff	#000000	#00000000	#00000000		53.498549	54.701979	29.375343	13.959504	30.664264	14.109844	30.814605	12.820922	29.773537	12.046264	30.548196	11.005196	29.519672	8.622381	28.230752	8.472041	28.080411	9.760961	26.889003	10.275223	27.403264	11.466631	26.628606	12.507698	27.669674	13.282357	28.861082	12.768095
74	#ffffff	#000000	#00000000	#00000000		53.498549	54.701979	26.374741	9.083816	26.889002	10.275224	28.080411	9.760961	28.230752	8.472041	29.519672	8.622381	31.068990	6.540247	30.554728	5.348839	29.363320	5.863100	28.322252	5.088441	27.547593	6.129508	26.258673	5.979168	26.108332	7.268089	27.149400	8.042748
75	#ffffff	#000000	#00000000	#00000000		53.498549	54.701979	31.068990	6.540247	32.357910	6.690587	32.508251	5.401667	31.467183	4.627007	32.241842	3.585940	31.213320	1.203123	29.924399	1.052783	29.774059	2.341703	28.582651	2.855965	29.096912	4.047373	28.322252	5.088441	29.363320	5.863100	30.554728	5.348839
76	#66ccff	#000000	#00000000	#00000000		53.498549	54.701979	31.213320	1.203123	31.987979	0.162055	30.946911	-0.612604	29.755503	-0.098343	29.241242	-1.289751	26.663402	-1.590433	25.888743	-0.549365	26.929810	0.225294	26.779470	1.514215	28.068391	1.664555	28.582652	2.855963	29.774059	2.341703	29.924399	1.052783
77	#A0A0A0	#000000	#00000000	#00000000		53.498549	54.701979	32.386172	-1.751184	31.097252	-1.901525	30.946911	-0.612604	31.987979	0.162055	31.213320	1.203123	32.241842	3.585940	33.530763	3.736280	33.681103	2.447359	34.872511	1.933098	34.358250	0.741690	35.132909	-0.299378	34.091842	-1.074037	32.900433	-0.559776
78	#66ccff	#000000	#00000000	#00000000		53.498549	54.701979	32.241842	3.585940	31.467184	4.627007	32.508252	5.401665	33.699660	4.887404	34.213921	6.078812	36.791761	6.379493	37.566419	5.338426	36.525351	4.563768	36.675692	3.274847	35.386771	3.124507	34.872510	1.933098	33.681102	2.447360	33.530761	3.736280
79	#006699	#000000	#00000000	#00000000		53.498549	54.701979	35.386771	3.124507	34.872510	1.933098	36.063918	1.418837	37.104986	2.193495	37.879644	1.152428	40.457484	1.453109	40.971745	2.644517	39.780337	3.158778	39.629996	4.447699	38.341076	4.297358	37.566418	5.338426	36.525350	4.563768	36.675692	3.274847
80	#66ccff	#000000	#00000000	#00000000		53.498549	54.701979	34.213921	6.078812	33.699660	4.887404	32.508252	5.401665	32.357911	6.690586	31.068991	6.540246	29.519672	8.622381	30.033933	9.813789	31.225341	9.299528	32.266409	10.074188	33.041069	9.033120	34.329989	9.183460	34.480330	7.894540	33.439262	7.119880
81	#ffffff	#000000	#00000000	#00000000		53.498549	54.701979	38.763840	8.872367	39.538499	7.831300	38.497432	7.056640	37.306023	7.570901	36.791762	6.379493	34.213922	6.078812	33.439262	7.119880	34.480330	7.894540	34.329989	9.183460	35.618910	9.333801	36.133171	10.525209	37.324579	10.010948	37.474919	8.722027
82	#66ccff	#000000	#00000000	#00000000		53.498549	54.701979	41.486011	3.835924	40.971750	2.644516	39.780342	3.158777	39.630001	4.447698	38.341081	4.297357	36.791763	6.379492	37.306023	7.570901	38.497432	7.056640	39.538499	7.831300	40.313159	6.790232	41.602079	6.940572	41.752420	5.651652	40.711352	4.876992
83	#ffffff	#000000	#00000000	#00000000		53.498549	54.701979	43.458089	6.328799	44.747010	6.479139	44.897350	5.190218	43.856282	4.415559	44.630942	3.374491	43.602419	0.991675	42.313499	0.841334	42.163158	2.130255	40.971750	2.644516	41.486011	3.835924	40.711352	4.876992	41.752420	5.651652	42.943828	5.137390
84	#66ccff	#000000	#00000000	#00000000		53.498549	54.701979	43.458090	6.328797	42.943829	5.137389	41.752420	5.651652	41.602079	6.940572	40.313159	6.790232	38.763841	8.872366	39.278102	10.063774	40.469511	9.549513	41.510578	10.324172	42.285238	9.283105	43.574158	9.433445	43.724499	8.144524	42.683431	7.369865
85	#006699	#000000	#00000000	#00000000		53.498549	54.701979	42.285238	9.283105	43.574158	9.433445	43.423818	10.722365	42.232410	11.236627	42.746671	12.428035	41.197353	14.510169	39.908433	14.359829	40.058773	13.070908	39.017705	12.296249	39.792365	11.255181	39.278103	10.063773	40.469512	9.549512	41.510578	10.324172
86	#66ccff	#000000	#00000000	#00000000		53.498549	54.701979	38.619510	14.209491	39.908430	14.359832	40.058771	13.070911	39.017703	12.296252	39.792362	11.255184	38.763840	8.872367	37.474919	8.722027	37.324579	10.010948	36.133171	10.525209	36.647432	11.716617	35.872773	12.757685	36.913841	13.532344	38.105249	13.018083
87	#66ccff	#000000	#00000000	#00000000		53.498549	54.701979	35.474580	14.670924	36.763500	14.821265	36.913841	13.532344	35.872773	12.757685	36.647432	11.716617	35.618910	9.333801	34.329989	9.183460	34.179649	10.472381	32.988241	10.986642	33.502502	12.178050	32.727842	13.219118	33.768910	13.993777	34.960318	13.479516
88	#ffffff	#000000	#00000000	#00000000		53.498549	54.701979	35.474580	14.670924	34.699920	15.711992	35.740988	16.486652	36.932396	15.972390	37.446657	17.163799	40.024497	17.464481	40.799157	16.423413	39.758089	15.648754	39.908429	14.359833	38.619509	14.209493	38.105248	13.018084	36.913841	13.532344	36.763500	14.821265
89	#66ccff	#000000	#00000000	#00000000		53.498549	54.701979	32.752408	19.707367	33.266670	20.898776	34.458078	20.384514	34.608418	19.095594	35.897339	19.245934	37.446656	17.163800	36.932396	15.972390	35.740988	16.486652	34.699920	15.711992	33.925261	16.753060	32.636340	16.602720	32.486000	17.891640	33.527068	18.666300
90	#006699	#000000	#00000000	#00000000		53.498549	54.701979	38.851645	20.418786	39.365906	21.610194	38.174498	22.124455	37.133430	21.349797	36.358772	22.390865	33.780932	22.090184	33.266671	20.898775	34.458079	20.384514	34.608418	19.095594	35.897339	19.245934	36.671997	18.204867	37.713064	18.979525	37.562724	20.268445
91	#66ccff	#000000	#00000000	#00000000		53.498549	54.701979	35.185925	25.345165	35.700186	26.536573	36.891594	26.022312	37.041935	24.733391	38.330855	24.883731	39.880173	22.801596	39.365912	21.610188	38.174503	22.124449	37.133436	21.349791	36.358778	22.390859	35.069857	22.240518	34.919515	23.529439	35.960583	24.304097
92	#A0A0A0	#000000	#00000000	#00000000		53.498549	54.701979	37.158004	27.838037	37.932663	26.796970	36.891595	26.022310	35.700186	26.536573	35.185925	25.345165	32.608085	25.044482	31.833426	26.085550	32.874493	26.860210	32.724153	28.149130	34.013074	28.299471	34.527335	29.490879	35.718743	28.976618	35.869083	27.687697
93	#66ccff	#000000	#00000000	#00000000		53.498549	54.701979	35.985153	30.792343	36.759812	29.751276	35.718744	28.976616	34.527335	29.490879	34.013074	28.299471	31.435234	27.998788	30.660574	29.039856	31.701642	29.814516	31.551302	31.103436	32.840222	31.253776	33.354483	32.445185	34.545892	31.930924	34.696232	30.642003
94	#006699	#000000	#00000000	#00000000		53.498549	54.701979	29.885918	30.080924	30.660576	29.039856	31.701643	29.814514	31.551302	31.103436	32.840222	31.253776	33.868746	33.636591	33.094088	34.677659	32.053020	33.903001	30.861612	34.417262	30.347351	33.225854	29.058430	33.075514	29.208770	31.786593	30.400179	31.272332
95	#ffffff	#000000	#00000000	#00000000		53.498549	54.701979	35.840822	36.129467	37.129743	36.279807	37.280083	34.990887	36.239016	34.216228	37.013675	33.175160	35.985153	30.792343	34.696232	30.642003	34.545892	31.930924	33.354483	32.445185	33.868745	33.636593	33.094085	34.677661	34.135153	35.452320	35.326561	34.938059
96	#A0A0A0	#000000	#00000000	#00000000		53.498549	54.701979	37.158005	27.838036	35.869085	27.687696	35.718744	28.976616	36.759812	29.751276	35.985153	30.792343	37.013675	33.175160	38.302595	33.325500	38.452936	32.036580	39.644344	31.522318	39.130083	30.330910	39.904742	29.289842	38.863674	28.515183	37.672266	29.029444
97	#A0A0A0	#000000	#00000000	#00000000		53.498549	54.701979	37.158004	27.838037	37.672265	29.029446	38.863674	28.515183	39.014015	27.226262	40.302935	27.376603	41.852253	25.294469	41.337992	24.103060	40.146584	24.617322	39.105516	23.842662	38.330856	24.883730	37.041936	24.733390	36.891595	26.022310	37.932663	26.796970
98	#A0A0A0	#000000	#00000000	#00000000		53.498549	54.701979	41.852253	25.294469	43.141174	25.444809	43.291514	24.155888	42.250446	23.381229	43.025105	22.340161	41.996583	19.957345	40.707663	19.807004	40.557322	21.095925	39.365914	21.610186	39.880175	22.801594	39.105516	23.842662	40.146584	24.617322	41.337992	24.103060
99	#66ccff	#000000	#00000000	#00000000		53.498549	54.701979	41.996583	19.957345	42.771242	18.916277	41.730175	18.141618	40.538766	18.655879	40.024505	17.464471	37.446665	17.163788	36.672006	18.204856	37.713074	18.979516	37.562733	20.268436	38.851654	20.418777	39.365915	21.610185	40.557322	21.095925	40.707663	19.807004
100	#ffffff	#000000	#00000000	#00000000		53.498549	54.701979	40.024504	17.464472	40.538765	18.655880	41.730175	18.141618	41.880515	16.852697	43.169436	17.003037	44.718753	14.920903	44.204492	13.729495	43.013084	14.243756	41.972016	13.469097	41.197357	14.510165	39.908436	14.359824	39.758096	15.648745	40.799164	16.423404
101	#66ccff	#000000	#00000000	#00000000		53.498549	54.701979	44.718753	14.920903	46.007674	15.071244	46.158014	13.782323	45.116946	13.007664	45.891606	11.966596	44.863083	9.583779	43.574163	9.433439	43.423822	10.722360	42.232414	11.236621	42.746675	12.428029	41.972016	13.469097	43.013084	14.243756	44.204492	13.729495
102	#A0A0A0	#000000	#00000000	#00000000		53.498549	54.701979	48.008009	9.122352	48.782667	8.081284	47.741600	7.306626	46.550191	7.820888	46.035930	6.629479	43.458090	6.328798	42.683432	7.369866	43.724500	8.144524	43.574158	9.433445	44.863079	9.583785	45.377340	10.775193	46.568748	10.260932	46.719089	8.972012
103	#66ccff	#000000	#00000000	#00000000		53.498549	54.701979	49.180860	6.168046	49.955520	5.126978	48.914452	4.352319	47.723044	4.866580	47.208783	3.675172	44.630943	3.374490	43.856283	4.415558	44.897351	5.190217	44.747011	6.479138	46.035931	6.629478	46.550192	7.820886	47.741600	7.306626	47.891940	6.017706
104	#006699	#000000	#00000000	#00000000		53.498549	54.701979	46.747349	0.530242	47.522009	-0.510826	48.563077	0.263833	48.412736	1.552754	49.701657	1.703094	50.730179	4.085911	49.955520	5.126978	48.914452	4.352319	47.723044	4.866580	47.208783	3.675172	45.919862	3.524832	46.070202	2.235911	47.261611	1.721650
105	#ffffff	#000000	#00000000	#00000000		53.498549	54.701979	48.008009	9.122352	48.522272	10.313760	49.713680	9.799498	49.864020	8.510577	51.152941	8.660918	52.702257	6.578782	52.187994	5.387374	50.996586	5.901637	49.955519	5.126979	49.180860	6.168046	47.891940	6.017706	47.741600	7.306626	48.782667	8.081284
106	#ffffff	#000000	#00000000	#00000000		53.498549	54.701979	52.702257	6.578782	53.991177	6.729121	54.141516	5.440201	53.100448	4.665543	53.875107	3.624475	52.846582	1.241660	51.557661	1.091321	51.407322	2.380242	50.215914	2.894504	50.730177	4.085912	49.955519	5.126980	50.996586	5.901638	52.187994	5.387374
107	#66ccff	#000000	#00000000	#00000000		53.498549	54.701979	51.008614	13.998040	52.297534	14.148379	52.447874	12.859458	51.406806	12.084800	52.181464	11.043733	51.152939	8.660918	49.864019	8.510579	49.713680	9.799499	48.522272	10.313760	49.036534	11.505168	48.261876	12.546236	49.302944	13.320894	50.494352	12.806632
108	#A0A0A0	#000000	#00000000	#00000000		53.498549	54.701979	47.863684	14.459475	49.152605	14.609816	49.302945	13.320895	48.261876	12.546236	49.036534	11.505168	48.008011	9.122353	46.719090	8.972013	46.568750	10.260933	45.377342	10.775196	45.891604	11.966604	45.116946	13.007672	46.158014	13.782330	47.349422	13.268067
109	#006699	#000000	#00000000	#00000000		53.498549	54.701979	54.674335	9.071652	55.963256	9.221993	55.812915	10.510913	54.621507	11.025176	55.135770	12.216584	53.586454	14.298719	52.297533	14.148379	52.447874	12.859458	51.406806	12.084800	52.181464	11.043733	51.667202	9.852324	52.858610	9.338062	53.899677	10.112720
110	#66ccff	#000000	#00000000	#00000000		53.498549	54.701979	55.847185	6.117345	55.332923	4.925937	54.141515	5.440200	53.991176	6.729120	52.702255	6.578781	51.152939	8.660916	51.667202	9.852324	52.858610	9.338062	53.899677	10.112720	54.674335	9.071652	55.963256	9.221992	56.113595	7.933071	55.072527	7.158413
111	#A0A0A0	#000000	#00000000	#00000000		53.498549	54.701979	47.863684	14.459475	47.089026	15.500543	48.130094	16.275201	49.321502	15.760940	49.835763	16.952348	52.413603	17.253029	53.188261	16.211961	52.147193	15.437303	52.297534	14.148383	51.008613	13.998042	50.494352	12.806634	49.302944	13.320895	49.152605	14.609816
112	#A0A0A0	#000000	#00000000	#00000000		53.498549	54.701979	47.863684	14.459475	47.349422	13.268067	46.158014	13.782330	46.007673	15.071250	44.718753	14.920910	43.169437	17.003045	43.683699	18.194453	44.875107	17.680191	45.916175	18.454849	46.690833	17.413781	47.979753	17.564122	48.130094	16.275201	47.089026	15.500543
113	#A0A0A0	#000000	#00000000	#00000000		53.498549	54.701979	43.169437	17.003045	41.880516	16.852706	41.730177	18.141626	42.771245	18.916285	41.996587	19.957352	43.025111	22.340167	44.314032	22.490506	44.464371	21.201586	45.655779	20.687323	45.141516	19.495915	45.916175	18.454848	44.875107	17.680189	43.683699	18.194453
114	#66ccff	#000000	#00000000	#00000000		53.498549	54.701979	49.835762	16.952348	49.321501	15.760940	48.130092	16.275201	47.979753	17.564122	46.690833	17.413781	45.141515	19.495917	45.655777	20.687325	46.847185	20.173064	47.888252	20.947722	48.662910	19.906654	49.951831	20.056995	50.102171	18.768074	49.061104	17.993416
115	#A0A0A0	#000000	#00000000	#00000000		53.498549	54.701979	54.385683	19.745902	55.160341	18.704834	54.119274	17.930176	52.927865	18.444437	52.413604	17.253029	49.835763	16.952348	49.061105	17.993416	50.102173	18.768074	49.951832	20.056994	51.240753	20.207335	51.755014	21.398743	52.946422	20.884482	53.096763	19.595561
116	#A0A0A0	#000000	#00000000	#00000000		53.498549	54.701979	52.413603	17.253029	52.927865	18.444437	54.119273	17.930175	54.269614	16.641254	55.558534	16.791594	57.107850	14.709459	56.593588	13.518051	55.402180	14.032313	54.361112	13.257655	53.586454	14.298723	52.297534	14.148383	52.147193	15.437303	53.188261	16.211961
117	#006699	#000000	#00000000	#00000000		53.498549	54.701979	46.170037	21.878735	45.655775	20.687326	46.847185	20.173064	47.888253	20.947723	48.662912	19.906655	51.240752	20.207337	51.755013	21.398746	50.563605	21.913007	50.413264	23.201927	49.124344	23.051587	48.349685	24.092655	47.308617	23.317995	47.458957	22.029075
118	#66ccff	#000000	#00000000	#00000000		53.498549	54.701979	43.025111	22.340167	42.250453	23.381235	43.291521	24.155893	44.482929	23.641630	44.997192	24.833038	47.575032	25.133718	48.349691	24.092650	47.308623	23.317992	47.458962	22.029072	46.170042	21.878733	45.655779	20.687325	44.464371	21.201586	44.314032	22.490506
119	#66ccff	#000000	#00000000	#00000000		53.498549	54.701979	52.269275	22.590152	51.755014	21.398744	50.563605	21.913007	50.413264	23.201927	49.124344	23.051587	47.575026	25.133721	48.089287	26.325129	49.280696	25.810868	50.321764	26.585528	51.096423	25.544460	52.385343	25.694800	52.535684	24.405880	51.494616	23.631220
120	#A0A0A0	#000000	#00000000	#00000000		53.498549	54.701979	54.241353	25.083027	55.530274	25.233367	55.680614	23.944446	54.639546	23.169787	55.414206	22.128719	54.385683	19.745903	53.096763	19.595562	52.946422	20.884483	51.755014	21.398744	52.269275	22.590152	51.494616	23.631220	52.535684	24.405880	53.727092	23.891618
121	#A0A0A0	#000000	#00000000	#00000000		53.498549	54.701979	54.241352	25.083027	53.727091	23.891619	52.535683	24.405880	52.385343	25.694800	51.096423	25.544460	49.547105	27.626595	50.061367	28.818003	51.252775	28.303742	52.293842	29.078400	53.068501	28.037333	54.357421	28.187673	54.507762	26.898753	53.466694	26.124094
122	#A0A0A0	#000000	#00000000	#00000000		53.498549	54.701979	49.547104	27.626597	48.258184	27.476256	48.107843	28.765177	49.148911	29.539835	48.374253	30.580903	49.402776	32.963718	50.691697	33.114058	50.842037	31.825137	52.033445	31.310875	51.519183	30.119467	52.293841	29.078399	51.252775	28.303742	50.061367	28.818005
123	#ffffff	#000000	#00000000	#00000000		53.498549	54.701979	49.547104	27.626597	50.321762	26.585529	49.280695	25.810871	48.089287	26.325132	47.575025	25.133724	44.997186	24.833043	44.222527	25.874111	45.263595	26.648769	45.113255	27.937689	46.402175	28.088030	46.916436	29.279438	48.107845	28.765177	48.258184	27.476256
124	#ffffff	#000000	#00000000	#00000000		53.498549	54.701979	44.997186	24.833043	44.482923	23.641635	43.291515	24.155897	43.141175	25.444818	41.852254	25.294478	40.302938	27.376613	40.817200	28.568021	42.008608	28.053759	43.049676	28.828417	43.824334	27.787349	45.113255	27.937689	45.263595	26.648769	44.222527	25.874111
125	#66ccff	#000000	#00000000	#00000000		53.498549	54.701979	40.302938	27.376613	39.014018	27.226274	38.863679	28.515194	39.904746	29.289852	39.130088	30.330920	40.158613	32.713735	41.447533	32.864074	41.597872	31.575154	42.789280	31.060891	42.275018	29.869483	43.049676	28.828415	42.008608	28.053757	40.817200	28.568021
126	#66ccff	#000000	#00000000	#00000000		53.498549	54.701979	46.402175	28.088030	45.113255	27.937689	44.962914	29.226610	46.003982	30.001269	45.229323	31.042337	46.257845	33.425153	47.546766	33.575494	47.697106	32.286573	48.888514	31.772312	48.374253	30.580904	49.148913	29.539836	48.107845	28.765177	46.916436	29.279438
127	#006699	#000000	#00000000	#00000000		53.498549	54.701979	42.736449	33.014415	41.447528	32.864075	41.597868	31.575154	42.789277	31.060893	42.275015	29.869485	43.824333	27.787350	45.113254	27.937691	44.962913	29.226611	46.003982	30.001269	45.229323	31.042337	45.743584	32.233745	44.552176	32.748006	43.511108	31.973347
128	#66ccff	#000000	#00000000	#00000000		53.498549	54.701979	41.563596	35.968722	42.077857	37.160131	43.269266	36.645869	43.419606	35.356949	44.708526	35.507289	46.257844	33.425155	45.743583	32.233747	44.552176	32.748006	43.511108	31.973347	42.736449	33.014415	41.447528	32.864075	41.297188	34.152995	42.338256	34.927654
129	#A0A0A0	#000000	#00000000	#00000000		53.498549	54.701979	37.013677	33.175167	36.239019	34.216235	37.280087	34.990893	38.471495	34.476632	38.985756	35.668040	41.563596	35.968721	42.338254	34.927653	41.297186	34.152995	41.447528	32.864075	40.158608	32.713734	39.644346	31.522326	38.452938	32.036587	38.302598	33.325508
130	#66ccff	#000000	#00000000	#00000000		53.498549	54.701979	38.985757	35.668039	38.471496	34.476630	37.280087	34.990893	37.129746	36.279814	35.840826	36.129473	34.291508	38.211607	34.805769	39.403016	35.997178	38.888754	37.038245	39.663414	37.812905	38.622346	39.101825	38.772686	39.252166	37.483766	38.211098	36.709106
131	#ffffff	#000000	#00000000	#00000000		53.498549	54.701979	31.146577	38.673042	31.660838	39.864450	32.852246	39.350189	33.002587	38.061269	34.291507	38.211609	35.840826	36.129473	35.326565	34.938065	34.135157	35.452326	33.094089	34.677667	32.319429	35.718735	31.030509	35.568394	30.880168	36.857315	31.921236	37.631974
132	#66ccff	#000000	#00000000	#00000000		53.498549	54.701979	32.319429	35.718735	33.094087	34.677667	32.053020	33.903009	30.861612	34.417270	30.347350	33.225862	27.769511	32.925181	26.994852	33.966249	28.035920	34.740907	27.885580	36.029827	29.174500	36.180168	29.688761	37.371576	30.880170	36.857315	31.030509	35.568394
133	#ffffff	#000000	#00000000	#00000000		53.498549	54.701979	26.596661	35.879488	27.885581	36.029828	28.035922	34.740908	26.994852	33.966249	27.769511	32.925181	26.740987	30.542366	25.452067	30.392026	25.301726	31.680946	24.110318	32.195209	24.624581	33.386617	23.849923	34.427684	24.890990	35.202342	26.082398	34.688080
134	#66ccff	#000000	#00000000	#00000000		53.498549	54.701979	19.930334	35.930188	20.444597	37.121596	21.636005	36.607333	21.786344	35.318413	23.075264	35.468752	24.624581	33.386617	24.110318	32.195209	22.918910	32.709471	21.877842	31.934813	21.103184	32.975881	19.814264	32.825542	19.663925	34.114462	20.704993	34.889120
135	#A0A0A0	#000000	#00000000	#00000000		53.498549	54.701979	15.380415	33.136639	14.605757	34.177707	15.646825	34.952365	16.838231	34.438103	17.352494	35.629510	19.930334	35.930188	20.704993	34.889120	19.663925	34.114462	19.814264	32.825542	18.525344	32.675202	18.011081	31.483796	16.819675	31.998058	16.669335	33.286978
136	#ffffff	#000000	#00000000	#00000000		53.498549	54.701979	15.380415	33.136639	14.866153	31.945231	13.674745	32.459494	13.524404	33.748414	12.235484	33.598074	10.686167	35.680209	11.200430	36.871617	12.391838	36.357355	13.432906	37.132013	14.207564	36.090945	15.496484	36.241286	15.646825	34.952365	14.605757	34.177707
137	#66ccff	#000000	#00000000	#00000000		53.498549	54.701979	7.541236	36.141644	8.055499	37.333052	9.246907	36.818789	9.397247	35.529869	10.686167	35.680209	12.235484	33.598074	11.721221	32.406666	10.529813	32.920928	9.488745	32.146270	8.714087	33.187338	7.425167	33.036998	7.274826	34.325918	8.315894	35.100576
138	#ffffff	#000000	#00000000	#00000000		53.498549	54.701979	2.991316	33.348090	2.216658	34.389158	3.257726	35.163816	4.449134	34.649555	4.963395	35.840963	7.541235	36.141644	8.315893	35.100576	7.274825	34.325918	7.425167	33.036998	6.136246	32.886657	5.621985	31.695249	4.430577	32.209510	4.280237	33.498431
139	#ffffff	#000000	#00000000	#00000000		53.498549	54.701979	-2.875784	38.845948	-2.361521	40.037356	-1.170113	39.523094	-1.019774	38.234173	0.269146	38.384512	1.818462	36.302377	1.304200	35.110969	0.112792	35.625231	-0.928276	34.850573	-1.702934	35.891641	-2.991854	35.741302	-3.142194	37.030222	-2.101126	37.804880
140	#66ccff	#000000	#00000000	#00000000		53.498549	54.701979	4.963396	35.840962	4.449135	34.649553	3.257726	35.163816	3.107385	36.452737	1.818465	36.302396	0.269147	38.384530	0.783408	39.575939	1.974816	39.061677	3.015884	39.836337	3.790544	38.795269	5.079464	38.945609	5.229805	37.656689	4.188737	36.882029
141	#A0A0A0	#000000	#00000000	#00000000		53.498549	54.701979	9.513315	38.634517	10.287973	37.593449	9.246905	36.818791	8.055497	37.333052	7.541236	36.141644	4.963395	35.840963	4.188737	36.882031	5.229805	37.656689	5.079464	38.945609	6.368385	39.095950	6.882646	40.287358	8.074054	39.773097	8.224394	38.484176
142	#ffffff	#000000	#00000000	#00000000		53.498549	54.701979	10.686165	35.680210	9.397244	35.529869	9.246904	36.818790	10.287973	37.593449	9.513315	38.634517	10.541838	41.017332	11.830759	41.167672	11.981099	39.878751	13.172507	39.364489	12.658245	38.173081	13.432903	37.132013	12.391835	36.357355	11.200427	36.871618
143	#66ccff	#000000	#00000000	#00000000		53.498549	54.701979	14.207564	36.090945	13.432906	37.132013	14.473973	37.906671	15.665382	37.392410	16.179643	38.583818	18.757482	38.884499	19.532141	37.843431	18.491073	37.068773	18.641413	35.779853	17.352493	35.629512	16.838232	34.438104	15.646823	34.952365	15.496484	36.241286
144	#006699	#000000	#00000000	#00000000		53.498549	54.701979	16.641076	41.728748	15.866416	42.769816	14.825349	41.995157	14.975689	40.706236	13.686768	40.555896	12.658246	38.173079	13.432905	37.132012	14.473973	37.906671	15.665382	37.392410	16.179643	38.583818	17.468563	38.734158	17.318223	40.023079	16.126815	40.537340
145	#ffffff	#000000	#00000000	#00000000		53.498549	54.701979	19.930335	35.930192	18.641414	35.779851	18.491073	37.068773	19.532141	37.843431	18.757482	38.884499	19.786006	41.267314	21.074927	41.417654	21.225267	40.128734	22.416675	39.614473	21.902414	38.423064	22.677072	37.381997	21.636004	36.607339	20.444596	37.121600
146	#66ccff	#000000	#00000000	#00000000		53.498549	54.701979	21.902414	38.423064	22.416676	39.614472	23.608084	39.100210	23.758425	37.811289	25.047345	37.961630	26.596662	35.879494	26.082399	34.688086	24.890991	35.202349	23.849923	34.427691	23.075265	35.468758	21.786345	35.318418	21.636004	36.607339	22.677072	37.381997
147	#006699	#000000	#00000000	#00000000		53.498549	54.701979	28.001651	39.134481	28.515912	40.325889	27.324504	40.840150	26.283437	40.065492	25.508778	41.106560	22.930939	40.805879	22.416677	39.614471	23.608086	39.100210	23.758425	37.811289	25.047345	37.961630	25.822003	36.920562	26.863071	37.695220	26.712731	38.984141
148	#66ccff	#000000	#00000000	#00000000		53.498549	54.701979	31.146579	38.673040	31.921239	37.631973	30.880171	36.857313	29.688761	37.371576	29.174500	36.180168	26.596660	35.879485	25.822001	36.920553	26.863069	37.695213	26.712728	38.984133	28.001649	39.134474	28.515910	40.325882	29.707318	39.811621	29.857659	38.522700
149	#A0A0A0	#000000	#00000000	#00000000		53.498549	54.701979	31.002249	44.010164	32.291170	44.160505	32.441510	42.871584	31.400442	42.096925	32.175102	41.055857	31.146579	38.673040	29.857659	38.522700	29.707318	39.811621	28.515910	40.325882	29.030171	41.517290	28.255512	42.558358	29.296580	43.333017	30.487988	42.818756
150	#66ccff	#000000	#00000000	#00000000		53.498549	54.701979	34.147179	43.548731	35.436100	43.699071	35.586440	42.410151	34.545373	41.635492	35.320032	40.594424	34.291510	38.211607	33.002589	38.061267	32.852249	39.350187	31.660840	39.864449	32.175102	41.055857	31.400442	42.096925	32.441510	42.871584	33.632918	42.357323
151	#006699	#000000	#00000000	#00000000		53.498549	54.701979	37.812906	38.622346	39.101827	38.772686	38.951486	40.061607	37.760078	40.575868	38.274339	41.767276	36.725022	43.849410	35.436101	43.699070	35.586441	42.410149	34.545373	41.635492	35.320032	40.594424	34.805771	39.403015	35.997179	38.888754	37.038247	39.663414
152	#66ccff	#000000	#00000000	#00000000		53.498549	54.701979	40.246417	44.260150	41.535338	44.410491	41.685678	43.121570	40.644610	42.346911	41.419270	41.305843	40.390747	38.923027	39.101827	38.772686	38.951486	40.061607	37.760078	40.575868	38.274339	41.767276	37.499680	42.808344	38.540748	43.583003	39.732156	43.068742
153	#A0A0A0	#000000	#00000000	#00000000		53.498549	54.701979	43.535676	38.461594	44.310334	37.420526	43.269267	36.645868	42.077858	37.160129	41.563597	35.968721	38.985757	35.668040	38.211099	36.709108	39.252167	37.483766	39.101825	38.772686	40.390746	38.923027	40.905007	40.114435	42.096415	39.600174	42.246756	38.311253
154	#ffffff	#000000	#00000000	#00000000		53.498549	54.701979	44.708526	35.507287	43.419606	35.356946	43.269265	36.645867	44.310334	37.420526	43.535676	38.461594	44.564200	40.844409	45.853120	40.994749	46.003461	39.705828	47.194869	39.191566	46.680606	38.000158	47.455264	36.959090	46.414197	36.184432	45.222789	36.698695
155	#ffffff	#000000	#00000000	#00000000		53.498549	54.701979	49.402772	32.963716	48.888510	31.772308	47.697102	32.286570	47.546763	33.575490	46.257842	33.425151	44.708526	35.507287	45.222789	36.698695	46.414197	36.184432	47.455264	36.959090	48.229922	35.918023	49.518843	36.068362	49.669182	34.779441	48.628114	34.004783
156	#66ccff	#000000	#00000000	#00000000		53.498549	54.701979	49.402772	32.963714	48.628114	34.004782	49.669182	34.779441	50.860590	34.265179	51.374852	35.456587	53.952693	35.757266	54.727351	34.716199	53.686284	33.941541	53.836624	32.652620	52.547704	32.502280	52.033441	31.310872	50.842033	31.825134	50.691693	33.114055
157	#66ccff	#000000	#00000000	#00000000		53.498549	54.701979	48.229922	35.918023	47.455264	36.959090	48.496332	37.733748	49.687739	37.219486	50.202001	38.410893	52.779842	38.711571	53.554500	37.670503	52.513432	36.895845	52.663771	35.606925	51.374851	35.456586	50.860589	34.265179	49.669182	34.779441	49.518843	36.068362
158	#006699	#000000	#00000000	#00000000		53.498549	54.701979	50.663437	41.555825	49.888779	42.596893	48.847711	41.822235	48.998052	40.533314	47.709131	40.382974	46.680608	38.000159	47.455266	36.959091	48.496332	37.733748	49.687740	37.219486	50.202002	38.410894	51.490923	38.561234	51.340583	39.850155	50.149175	40.364417
159	#66ccff	#000000	#00000000	#00000000		53.498549	54.701979	52.635517	44.048697	53.924438	44.199036	54.074777	42.910115	53.033709	42.135457	53.808367	41.094390	52.779842	38.711575	51.490922	38.561236	51.340583	39.850156	50.149175	40.364417	50.663437	41.555825	49.888779	42.596893	50.929847	43.371551	52.121255	42.857289
160	#A0A0A0	#000000	#00000000	#00000000		53.498549	54.701979	47.941270	46.592267	48.455532	47.783675	49.646940	47.269412	49.797280	45.980492	51.086201	46.130832	52.635517	44.048697	52.121255	42.857289	50.929847	43.371551	49.888779	42.596893	49.114121	43.637961	47.825200	43.487620	47.674860	44.776541	48.715928	45.551199
161	#66ccff	#000000	#00000000	#00000000		53.498549	54.701979	51.086202	46.130831	49.797282	45.980490	49.646940	47.269412	50.688008	48.044070	49.913350	49.085138	50.941873	51.467953	52.230794	51.618293	52.381134	50.329373	53.572542	49.815112	53.058281	48.623703	53.832939	47.582636	52.791871	46.807978	51.600463	47.322239
162	#ffffff	#000000	#00000000	#00000000		53.498549	54.701979	49.769023	54.422260	51.057944	54.572600	51.208284	53.283680	50.167216	52.509022	50.941875	51.467954	49.913350	49.085138	48.624429	48.934798	48.474089	50.223718	47.282681	50.737981	47.796943	51.929389	47.022285	52.970456	48.063353	53.745114	49.254761	53.230852
163	#ffffff	#000000	#00000000	#00000000		53.498549	54.701979	49.913349	49.085137	50.688008	48.044069	49.646940	47.269411	48.455532	47.783675	47.941270	46.592267	45.363429	46.291587	44.588771	47.332655	45.629838	48.107313	45.479499	49.396233	46.768419	49.546572	47.282682	50.737980	48.474090	50.223718	48.624429	48.934798
164	#A0A0A0	#000000	#00000000	#00000000		53.498549	54.701979	43.391349	43.798717	42.616691	44.839785	43.657758	45.614443	44.849166	45.100180	45.363429	46.291588	47.941270	46.592267	48.715928	45.551199	47.674860	44.776541	47.825199	43.487620	46.536279	43.337281	46.022016	42.145873	44.830608	42.660136	44.680269	43.949056
165	#66ccff	#000000	#00000000	#00000000		53.498549	54.701979	44.564199	40.844411	43.789541	41.885479	44.830608	42.660137	46.022016	42.145873	46.536279	43.337281	49.114120	43.637961	49.888778	42.596893	48.847710	41.822235	48.998049	40.533315	47.709129	40.382976	47.194866	39.191568	46.003458	39.705830	45.853119	40.994750
166	#A0A0A0	#000000	#00000000	#00000000		53.498549	54.701979	43.391349	43.798718	44.680269	43.949059	44.830610	42.660138	43.789542	41.885480	44.564199	40.844411	43.535675	38.461596	42.246755	38.311256	42.096414	39.600177	40.905006	40.114439	41.419269	41.305847	40.644611	42.346915	41.685678	43.121573	42.877086	42.607310
167	#A0A0A0	#000000	#00000000	#00000000		53.498549	54.701979	43.391349	43.798718	42.877086	42.607310	41.685678	43.121573	41.535339	44.410493	40.246419	44.260154	38.697103	46.342289	39.211365	47.533697	40.402773	47.019435	41.443841	47.794093	42.218499	46.753025	43.507419	46.903364	43.657758	45.614444	42.616691	44.839786
168	#66ccff	#000000	#00000000	#00000000		53.498549	54.701979	45.363429	46.291590	44.849167	45.100183	43.657760	45.614445	43.507419	46.903364	42.218499	46.753025	40.669184	48.835162	41.183447	50.026569	42.374853	49.512306	43.415921	50.286964	44.190579	49.245897	45.479499	49.396236	45.629839	48.107315	44.588771	47.332657
169	#006699	#000000	#00000000	#00000000		53.498549	54.701979	41.697708	51.217976	41.183445	50.026567	42.374853	49.512305	43.415921	50.286964	44.190579	49.245897	46.768420	49.546576	47.282682	50.737984	46.091274	51.252247	45.940934	52.541167	44.652013	52.390827	43.877355	53.431895	42.836288	52.657236	42.986628	51.368316
170	#66ccff	#000000	#00000000	#00000000		53.498549	54.701979	47.796943	51.929389	47.282681	50.737981	46.091273	51.252243	45.940932	52.541164	44.652012	52.390823	43.102696	54.472959	43.616958	55.664367	44.808366	55.150104	45.849434	55.924762	46.624092	54.883695	47.913012	55.034035	48.063353	53.745114	47.022285	52.970456
171	#66ccff	#000000	#00000000	#00000000		53.498549	54.701979	38.552777	51.679409	37.778119	52.720476	38.819187	53.495134	40.010595	52.980873	40.524856	54.172281	43.102696	54.472962	43.877354	53.431895	42.836286	52.657237	42.986628	51.368316	41.697708	51.217976	41.183446	50.026567	39.992038	50.540829	39.841698	51.829749
172	#A0A0A0	#000000	#00000000	#00000000		53.498549	54.701979	38.697107	46.342285	37.408187	46.191945	37.257846	47.480865	38.298914	48.255524	37.524255	49.296592	38.552777	51.679409	39.841698	51.829749	39.992038	50.540829	41.183446	50.026567	40.669185	48.835159	41.443845	47.794091	40.402777	47.019432	39.211369	47.533693
173	#ffffff	#000000	#00000000	#00000000		53.498549	54.701979	35.552178	46.803718	36.066440	47.995126	37.257848	47.480865	37.408187	46.191945	38.697107	46.342285	40.246425	44.260149	39.732164	43.068741	38.540755	43.583002	37.499688	42.808344	36.725030	43.849412	35.436109	43.699072	35.285769	44.987992	36.326836	45.762650
174	#ffffff	#000000	#00000000	#00000000		53.498549	54.701979	31.002258	44.010164	30.227600	45.051232	31.268668	45.825890	32.460076	45.311629	32.974337	46.503037	35.552177	46.803718	36.326835	45.762650	35.285768	44.987992	35.436109	43.699072	34.147189	43.548731	33.632927	42.357323	32.441519	42.871584	32.291179	44.160505
175	#A0A0A0	#000000	#00000000	#00000000		53.498549	54.701979	26.308000	46.553733	26.822261	47.745141	28.013669	47.230880	28.164010	45.941959	29.452930	46.092300	31.002248	44.010166	30.487987	42.818757	29.296579	43.333019	28.255512	42.558358	27.480853	43.599426	26.191932	43.449085	26.041592	44.738006	27.082659	45.512665
176	#66ccff	#000000	#00000000	#00000000		53.498549	54.701979	24.335924	44.060859	24.850185	45.252267	26.041593	44.738006	26.191932	43.449085	27.480853	43.599426	29.030170	41.517290	28.515909	40.325882	27.324501	40.840143	26.283433	40.065485	25.508775	41.106553	24.219854	40.956212	24.069514	42.245133	25.110582	43.019791
177	#ffffff	#000000	#00000000	#00000000		53.498549	54.701979	19.786004	41.267305	19.011345	42.308373	20.052413	43.083031	21.243821	42.568770	21.758082	43.760178	24.335922	44.060859	25.110580	43.019791	24.069513	42.245133	24.219854	40.956212	22.930934	40.805872	22.416673	39.614464	21.225264	40.128725	21.074924	41.417645
178	#66ccff	#000000	#00000000	#00000000		53.498549	54.701979	18.613154	44.221612	19.902074	44.371952	20.052415	43.083032	19.011345	42.308373	19.786004	41.267305	18.757480	38.884490	17.468560	38.734150	17.318219	40.023070	16.126811	40.537333	16.641074	41.728741	15.866415	42.769808	16.907483	43.544467	18.098891	43.030204
179	#66ccff	#000000	#00000000	#00000000		53.498549	54.701979	10.541840	41.017333	9.767182	42.058400	10.808250	42.833058	11.999658	42.318796	12.513920	43.510204	15.091761	43.810883	15.866419	42.769816	14.825351	41.995158	14.975690	40.706237	13.686770	40.555898	13.172508	39.364490	11.981099	39.878751	11.830760	41.167672
180	#A0A0A0	#000000	#00000000	#00000000		53.498549	54.701979	9.368990	43.971640	10.657911	44.121980	10.808251	42.833060	9.767182	42.058400	10.541840	41.017333	9.513316	38.634518	8.224396	38.484177	8.074056	39.773098	6.882648	40.287360	7.396910	41.478768	6.622252	42.519836	7.663320	43.294494	8.854728	42.780232
181	#66ccff	#000000	#00000000	#00000000		53.498549	54.701979	6.224060	44.433075	7.512981	44.583416	7.663321	43.294495	6.622252	42.519836	7.396910	41.478768	6.368387	39.095953	5.079466	38.945613	4.929126	40.234534	3.737718	40.748796	4.251980	41.940204	3.477322	42.981272	4.518390	43.755930	5.709798	43.241667
182	#006699	#000000	#00000000	#00000000		53.498549	54.701979	3.790544	38.795274	5.079465	38.945613	4.929126	40.234534	3.737718	40.748796	4.251980	41.940204	2.702664	44.022339	1.413743	43.872000	1.564083	42.583080	0.523015	41.808422	1.297673	40.767354	0.783411	39.575946	1.974819	39.061684	3.015886	39.836342
183	#ffffff	#000000	#00000000	#00000000		53.498549	54.701979	1.529813	46.976645	2.044075	48.168053	3.235483	47.653791	3.385823	46.364870	4.674744	46.515211	6.224060	44.433075	5.709798	43.241667	4.518390	43.755930	3.477322	42.981272	2.702664	44.022339	1.413743	43.871999	1.263403	45.160920	2.304471	45.935578
184	#A0A0A0	#000000	#00000000	#00000000		53.498549	54.701979	9.368990	43.971640	8.854728	42.780232	7.663320	43.294494	7.512980	44.583415	6.224060	44.433075	4.674744	46.515211	5.189006	47.706619	6.380414	47.192356	7.421482	47.967014	8.196140	46.925947	9.485061	47.076286	9.635400	45.787365	8.594332	45.012707
185	#A0A0A0	#000000	#00000000	#00000000		53.498549	54.701979	9.368990	43.971638	8.594332	45.012706	9.635400	45.787365	10.826808	45.273103	11.341070	46.464511	13.918911	46.765191	14.693569	45.724123	13.652501	44.949465	13.802842	43.660544	12.513921	43.510204	11.999659	42.318796	10.808251	42.833058	10.657910	44.121979
186	#A0A0A0	#000000	#00000000	#00000000		53.498549	54.701979	13.918911	46.765191	14.433172	47.956599	15.624580	47.442338	15.774921	46.153417	17.063841	46.303757	18.613159	44.221622	18.098898	43.030214	16.907489	43.544475	15.866422	42.769817	15.091764	43.810884	13.802843	43.660544	13.652501	44.949465	14.693569	45.724123
187	#A0A0A0	#000000	#00000000	#00000000		53.498549	54.701979	21.758088	43.760189	21.243827	42.568781	20.052418	43.083042	19.902078	44.371962	18.613158	44.221622	17.063841	46.303757	17.578103	47.495166	18.769511	46.980904	19.810578	47.755563	20.585236	46.714495	21.874157	46.864835	22.024497	45.575915	20.983430	44.801257
188	#A0A0A0	#000000	#00000000	#00000000		53.498549	54.701979	26.308009	46.553741	27.082667	45.512673	26.041599	44.738015	24.850191	45.252278	24.335929	44.060870	21.758088	43.760190	20.983430	44.801258	22.024497	45.575915	21.874157	46.864835	23.163078	47.015176	23.677340	48.206584	24.868748	47.692321	25.019088	46.403401
189	#A0A0A0	#000000	#00000000	#00000000		53.498549	54.701979	26.308000	46.553733	25.019080	46.403393	24.868739	47.692313	25.909807	48.466973	25.135148	49.508040	26.163670	51.890857	27.452591	52.041197	27.602931	50.752277	28.794339	50.238015	28.280078	49.046607	29.054737	48.005539	28.013669	47.230880	26.822261	47.745141
190	#66ccff	#000000	#00000000	#00000000		53.498549	54.701979	28.280078	49.046607	28.794339	50.238015	29.985747	49.723754	30.136088	48.434834	31.425008	48.585174	32.974326	46.503040	32.460065	45.311632	31.268656	45.825893	30.227589	45.051233	29.452929	46.092301	28.164009	45.941961	28.013668	47.230881	29.054737	48.005539
191	#66ccff	#000000	#00000000	#00000000		53.498549	54.701979	37.524257	49.296591	38.298915	48.255523	37.257848	47.480865	36.066440	47.995126	35.552178	46.803718	32.974337	46.503037	32.199679	47.544105	33.240747	48.318763	33.090407	49.607683	34.379327	49.758024	34.893588	50.949432	36.084996	50.435171	36.235337	49.146250
192	#006699	#000000	#00000000	#00000000		53.498549	54.701979	34.379327	49.758024	34.893588	50.949432	33.702180	51.463693	32.661112	50.689035	31.886454	51.730103	29.308614	51.429422	28.794353	50.238014	29.985761	49.723752	30.136102	48.434832	31.425022	48.585172	32.199680	47.544105	33.240748	48.318763	33.090407	49.607683
193	#A0A0A0	#000000	#00000000	#00000000		53.498549	54.701979	26.163670	51.890857	25.389011	52.931925	26.430078	53.706584	27.621487	53.192323	28.135748	54.383731	30.713588	54.684413	31.488247	53.643345	30.447179	52.868686	30.597520	51.579765	29.308599	51.429425	28.794338	50.238017	27.602931	50.752277	27.452591	52.041197
194	#66ccff	#000000	#00000000	#00000000		53.498549	54.701979	30.713589	54.684412	31.227850	55.875820	32.419258	55.361559	32.569599	54.072638	33.858519	54.222979	35.407837	52.140843	34.893576	50.949435	33.702167	51.463696	32.661100	50.689038	31.886442	51.730106	30.597521	51.579765	30.447179	52.868686	31.488247	53.643344
195	#ffffff	#000000	#00000000	#00000000		53.498549	54.701979	37.379927	54.633714	38.668848	54.784055	38.819188	53.495134	37.778120	52.720475	38.552780	51.679407	37.524257	49.296591	36.235337	49.146250	36.084996	50.435171	34.893588	50.949432	35.407849	52.140840	34.633190	53.181908	35.674258	53.956567	36.865666	53.442306
196	#ffffff	#000000	#00000000	#00000000		53.498549	54.701979	32.685668	57.177285	33.199929	58.368693	34.391337	57.854432	34.541678	56.565511	35.830598	56.715851	37.379916	54.633716	36.865654	53.442308	35.674246	53.956569	34.633179	53.181911	33.858521	54.222978	32.569600	54.072638	32.419258	55.361559	33.460326	56.136217
197	#66ccff	#000000	#00000000	#00000000		53.498549	54.701979	55.491796	54.261506	56.266454	53.220438	55.225386	52.445780	54.033978	52.960043	53.519716	51.768635	50.941875	51.467955	50.167217	52.509023	51.208284	53.283680	51.057944	54.572600	52.346864	54.722941	52.861127	55.914349	54.052535	55.400086	54.202875	54.111166
198	#ffffff	#000000	#00000000	#00000000		53.498549	54.701979	24.990818	54.845164	26.279738	54.995505	26.430078	53.706584	25.389011	52.931925	26.163670	51.890857	25.135148	49.508040	23.846227	49.357700	23.695887	50.646621	22.504479	51.160882	23.018740	52.352290	22.244080	53.393358	23.285148	54.168017	24.476556	53.653756
199	#66ccff	#000000	#00000000	#00000000		53.498549	54.701979	25.135149	49.508040	25.909808	48.466972	24.868739	47.692313	23.677331	48.206574	23.163070	47.015166	20.585230	46.714485	19.810571	47.755553	20.851638	48.530212	20.701298	49.819133	21.990219	49.969473	22.504480	51.160882	23.695888	50.646620	23.846228	49.357700
200	#006699	#000000	#00000000	#00000000		53.498549	54.701979	19.035914	48.796621	19.810572	47.755553	20.851640	48.530211	20.701298	49.819133	21.990219	49.969473	23.018742	52.352288	22.244084	53.393356	21.203016	52.618698	20.011608	53.132959	19.497347	51.941551	18.208426	51.791210	18.358767	50.502290	19.550175	49.988029
201	#66ccff	#000000	#00000000	#00000000		53.498549	54.701979	17.063840	46.303759	15.774920	46.153418	15.624579	47.442339	16.665647	48.216997	15.890989	49.258065	16.919512	51.640880	18.208433	51.791220	18.358773	50.502300	19.550181	49.988037	19.035919	48.796629	19.810577	47.755561	18.769511	46.980904	17.578103	47.495167
202	#66ccff	#000000	#00000000	#00000000		53.498549	54.701979	21.469426	54.434424	22.244085	53.393356	21.203017	52.618696	20.011608	53.132959	19.497347	51.941551	16.919507	51.640869	16.144848	52.681936	17.185915	53.456596	17.035575	54.745516	18.324496	54.895857	18.838757	56.087265	20.030165	55.573004	20.180505	54.284083
203	#ffffff	#000000	#00000000	#00000000		53.498549	54.701979	15.746655	54.595176	17.035575	54.745516	17.185915	53.456596	16.144848	52.681936	16.919507	51.640869	15.890985	49.258052	14.602064	49.107712	14.451724	50.396632	13.260316	50.910894	13.774577	52.102302	12.999917	53.143370	14.040985	53.918029	15.232393	53.403768
204	#ffffff	#000000	#00000000	#00000000		53.498549	54.701979	15.890985	49.258052	16.665643	48.216985	15.624575	47.442326	14.433167	47.956588	13.918906	46.765179	11.341066	46.464499	10.566408	47.505566	11.607475	48.280224	11.457135	49.569145	12.746056	49.719485	13.260317	50.910893	14.451725	50.396632	14.602064	49.107712
205	#66ccff	#000000	#00000000	#00000000		53.498549	54.701979	11.341066	46.464499	10.826803	45.273090	9.635395	45.787353	9.485055	47.076273	8.196134	46.925933	6.646818	49.008068	7.161081	50.199476	8.352489	49.685214	9.393556	50.459872	10.168215	49.418804	11.457135	49.569145	11.607475	48.280224	10.566408	47.505566
206	#006699	#000000	#00000000	#00000000		53.498549	54.701979	7.675343	51.390883	7.161081	50.199475	8.352489	49.685213	9.393556	50.459872	10.168215	49.418804	12.746055	49.719484	13.260318	50.910892	12.068910	51.425154	11.918570	52.714075	10.629649	52.563735	9.854991	53.604802	8.813923	52.830144	8.964264	51.541224
207	#66ccff	#000000	#00000000	#00000000		53.498549	54.701979	13.774577	52.102302	13.260316	50.910894	12.068907	51.425155	11.918567	52.714075	10.629646	52.563735	9.080329	54.645869	9.594590	55.837277	10.785998	55.323016	11.827066	56.097676	12.601725	55.056608	13.890646	55.206948	14.040986	53.918028	12.999917	53.143370
208	#66ccff	#000000	#00000000	#00000000		53.498549	54.701979	4.530413	51.852316	3.755755	52.893384	4.796822	53.668042	5.988231	53.153781	6.502492	54.345189	9.080332	54.645870	9.854990	53.604802	8.813922	52.830144	8.964264	51.541224	7.675343	51.390883	7.161082	50.199475	5.969674	50.713736	5.819333	52.002657
209	#A0A0A0	#000000	#00000000	#00000000		53.498549	54.701979	4.674743	46.515193	3.385822	46.364852	3.235482	47.653773	4.276550	48.428432	3.501890	49.469500	4.530413	51.852316	5.819333	52.002657	5.969674	50.713736	7.161082	50.199475	6.646821	49.008067	7.421480	47.966999	6.380412	47.192340	5.189004	47.706601
210	#ffffff	#000000	#00000000	#00000000		53.498549	54.701979	3.357560	54.806624	4.646481	54.956964	4.796821	53.668044	3.755753	52.893384	4.530413	51.852316	3.501890	49.469500	2.212970	49.319160	2.062630	50.608080	0.871221	51.122341	1.385482	52.313749	0.610823	53.354817	1.651891	54.129477	2.843299	53.615216
211	#66ccff	#000000	#00000000	#00000000		53.498549	54.701979	3.501892	49.469500	4.276551	48.428432	3.235482	47.653773	2.044074	48.168034	1.529813	46.976626	-1.048027	46.675945	-1.822687	47.717013	-0.781619	48.491672	-0.931959	49.780593	0.356961	49.930933	0.871223	51.122341	2.062631	50.608080	2.212971	49.319159
212	#ffffff	#000000	#00000000	#00000000		53.498549	54.701979	-3.020109	44.183093	-3.794767	45.224161	-2.753699	45.998819	-1.562291	45.484557	-1.048029	46.675965	1.529812	46.976644	2.304470	45.935576	1.263403	45.160920	1.413743	43.871999	0.124823	43.721659	-0.389440	42.530251	-1.580848	43.044513	-1.731188	44.333434
213	#66ccff	#000000	#00000000	#00000000		53.498549	54.701979	0.124823	43.721659	1.413743	43.871998	1.564082	42.583077	0.523015	41.808419	1.297673	40.767352	0.269148	38.384537	-1.019772	38.234198	-1.170112	39.523118	-2.361520	40.037381	-1.847257	41.228789	-2.621915	42.269856	-1.580848	43.044514	-0.389440	42.530251
214	#006699	#000000	#00000000	#00000000		53.498549	54.701979	3.942245	3.598101	2.653325	3.447759	2.803667	2.158839	3.995075	1.644580	3.480815	0.453171	5.030134	-1.628962	6.319054	-1.478620	6.168712	-0.189701	7.209779	0.584959	6.435119	1.626025	6.949379	2.817434	5.757971	3.331694	4.716904	2.557034
215	#66ccff	#000000	#00000000	#00000000		53.498549	54.701979	7.607973	-1.328278	6.319054	-1.478620	6.168712	-0.189701	7.209779	0.584959	6.435119	1.626025	7.463639	4.008842	8.752558	4.159184	8.902900	2.870265	10.094308	2.356005	9.580049	1.164596	10.354708	0.123530	9.313642	-0.651130	8.122233	-0.136870
216	#A0A0A0	#000000	#00000000	#00000000		53.498549	54.701979	10.752905	-1.789708	9.463986	-1.940049	9.313644	-0.651130	10.354711	0.123529	9.580051	1.164596	10.608571	3.547413	11.897490	3.697755	12.047832	2.408835	13.239241	1.894575	12.724981	0.703167	13.499640	-0.337900	12.458574	-1.112559	11.267165	-0.598299
217	#ffffff	#000000	#00000000	#00000000		53.498549	54.701979	43.602419	0.991675	44.377077	-0.049393	43.336010	-0.824051	42.144601	-0.309790	41.630340	-1.501198	39.052500	-1.801879	38.277842	-0.760811	39.318910	0.013847	39.168570	1.302767	40.457490	1.453108	40.971751	2.644516	42.163160	2.130255	42.313499	0.841334
218	#66ccff	#000000	#00000000	#00000000		53.498549	54.701979	44.775272	-1.962633	43.486351	-2.112973	43.336011	-0.824052	44.377079	-0.049393	43.602419	0.991675	44.630942	3.374491	45.919862	3.524832	46.070202	2.235911	47.261611	1.721650	46.747349	0.530242	47.522009	-0.510826	46.480941	-1.285486	45.289533	-0.771224
219	#66ccff	#000000	#00000000	#00000000		53.498549	54.701979	52.846582	1.241660	53.621240	0.200593	52.580172	-0.574065	51.388764	-0.059803	50.874502	-1.251211	48.296661	-1.551890	47.522003	-0.510823	48.563070	0.263835	48.412731	1.552756	49.701652	1.703095	50.215914	2.894503	51.407322	2.380242	51.557661	1.091321
220	#66ccff	#000000	#00000000	#00000000		53.498549	54.701979	39.052495	-1.801878	38.538233	-2.993286	37.346825	-2.479024	37.196484	-1.190103	35.907564	-1.340444	34.358248	0.741692	34.872510	1.933100	36.063918	1.418837	37.104986	2.193495	37.879644	1.152428	39.168564	1.302768	39.318905	0.013848	38.277837	-0.760811
221	#66ccff	#000000	#00000000	#00000000		53.498549	54.701979	14.274300	-1.378966	13.499640	-0.337900	14.540707	0.436760	15.732114	-0.077500	16.246374	1.113909	18.824214	1.414592	19.598873	0.373526	18.557807	-0.401134	18.708149	-1.690053	17.419229	-1.840395	16.904969	-3.031804	15.713561	-2.517544	15.563219	-1.228624
222	#66ccff	#000000	#00000000	#00000000		53.498549	54.701979	1.508740	-2.039703	0.219821	-2.190045	0.069479	-0.901126	1.110545	-0.126466	0.335886	0.914600	1.364406	3.297417	2.653325	3.447759	2.803667	2.158839	3.995075	1.644580	3.480815	0.453171	4.255475	-0.587895	3.214408	-1.362555	2.023000	-0.848295
223	#66ccff	#000000	#00000000	#00000000		53.498549	54.701979	21.969145	0.953163	22.483405	2.144571	23.674813	1.630311	23.825155	0.341392	25.114074	0.491734	26.663393	-1.590399	26.149133	-2.781808	24.957725	-2.267548	23.916658	-3.042207	23.141999	-2.001141	21.853079	-2.151483	21.702738	-0.862563	22.743804	-0.087904
224	#ffffff	#000000	#00000000	#00000000		53.498549	54.701979	55.780451	43.587262	55.266190	42.395854	54.074782	42.910115	53.924441	44.199035	52.635521	44.048695	51.086203	46.130829	51.600464	47.322237	52.791871	46.807978	53.832939	47.582637	54.607599	46.541569	55.896519	46.691910	56.046860	45.402989	55.005792	44.628330
225	#006699	#000000	#00000000	#00000000		53.498549	54.701979	53.058281	48.623703	53.832940	47.582636	54.874008	48.357295	54.723668	49.646215	56.012588	49.796556	57.041111	52.179372	56.266451	53.220440	55.225384	52.445781	54.033975	52.960042	53.519714	51.768634	52.230794	51.618293	52.381134	50.329373	53.572542	49.815112
226	#ffffff	#000000	#00000000	#00000000		53.498549	54.701979	53.952693	35.757265	52.663773	35.606926	52.513432	36.895845	53.554500	37.670503	52.779842	38.711571	53.808368	41.094386	55.097288	41.244725	55.247627	39.955804	56.439034	39.441542	55.924772	38.250135	56.699430	37.209068	55.658362	36.434410	54.466955	36.948672
227	#006699	#000000	#00000000	#00000000		53.498549	54.701979	52.547704	32.502281	52.033441	31.310872	53.224849	30.796609	54.265917	31.571267	55.040575	30.530200	57.618416	30.830879	58.132678	32.022287	56.941270	32.536550	56.790931	33.825470	55.502011	33.675131	54.727353	34.716199	53.686285	33.941540	53.836624	32.652620
228	#66ccff	#000000	#00000000	#00000000		53.498549	54.701979	56.213429	27.575896	55.699167	26.384488	54.507759	26.898750	54.357420	28.187671	53.068499	28.037332	51.519183	30.119467	52.033445	31.310875	53.224853	30.796613	54.265921	31.571271	55.040579	30.530203	56.329500	30.680542	56.479839	29.391622	55.438771	28.616964
229	#A0A0A0	#000000	#00000000	#00000000		53.498549	54.701979	55.847187	6.117347	57.136107	6.267687	57.286448	4.978766	56.245380	4.204108	57.020038	3.163041	55.991515	0.780226	54.702594	0.629885	54.552254	1.918806	53.360846	2.433068	53.875108	3.624476	53.100450	4.665544	54.141516	5.440201	55.332924	4.925938
230	#66ccff	#000000	#00000000	#00000000		53.498549	54.701979	53.808367	41.094388	53.033709	42.135457	54.074777	42.910115	55.266185	42.395853	55.780447	43.587261	58.358288	43.887940	59.132946	42.846873	58.091878	42.072215	58.242219	40.783294	56.953298	40.632954	56.439036	39.441546	55.247628	39.955808	55.097287	41.244729
231	#006699	#000000	#00000000	#00000000		53.498549	54.701979	0.356963	49.930931	0.871223	51.122341	-0.320186	51.636602	-1.361253	50.861943	-2.135913	51.903011	-4.713753	51.602329	-5.228014	50.410920	-4.036606	49.896659	-3.886265	48.607739	-2.597345	48.758079	-1.822685	47.717011	-0.781618	48.491671	-0.931958	49.780591
232	#ffffff	#000000	#00000000	#00000000		53.498549	54.701979	-1.336689	57.350193	-0.822428	58.541601	0.368981	58.027340	0.519321	56.738419	1.808242	56.888759	3.357559	54.806625	2.843298	53.615217	1.651890	54.129478	0.610823	53.354817	-0.163836	54.395885	-1.452757	54.245545	-1.603097	55.534465	-0.562029	56.309125
233	#66ccff	#000000	#00000000	#00000000		53.498549	54.701979	-3.308765	54.857318	-2.794504	56.048726	-1.603096	55.534465	-1.452756	54.245545	-0.163835	54.395885	1.385483	52.313751	0.871221	51.122343	-0.320187	51.636604	-1.361253	50.861943	-2.135913	51.903011	-3.424833	51.752670	-3.575174	53.041591	-2.534106	53.816250
234	#66ccff	#000000	#00000000	#00000000		53.498549	54.701979	6.502493	54.345188	5.988231	53.153781	4.796822	53.668042	4.646482	54.956963	3.357561	54.806622	1.808244	56.888756	2.322505	58.080165	3.513913	57.565904	4.554981	58.340563	5.329640	57.299495	6.618561	57.449835	6.768901	56.160915	5.727833	55.386256
235	#ffffff	#000000	#00000000	#00000000		53.498549	54.701979	11.052412	57.138743	11.827070	56.097675	10.786002	55.323017	9.594594	55.837278	9.080333	54.645870	6.502492	54.345189	5.727834	55.386257	6.768901	56.160915	6.618561	57.449835	7.907481	57.600176	8.421743	58.791584	9.613151	58.277323	9.763491	56.988402
236	#ffffff	#000000	#00000000	#00000000		53.498549	54.701979	20.296569	57.388733	20.810830	58.580141	22.002238	58.065880	22.152578	56.776959	23.441499	56.927300	24.990816	54.845166	24.476555	53.653757	23.285147	54.168019	22.244080	53.393358	21.469421	54.434426	20.180500	54.284085	20.030160	55.573006	21.071228	56.347665
237	#A0A0A0	#000000	#00000000	#00000000		53.498549	54.701979	32.685666	57.177287	33.460325	56.136221	32.419259	55.361561	31.227850	55.875823	30.713589	54.684414	28.135748	54.383731	27.361088	55.424798	28.402155	56.199457	28.251813	57.488378	29.540734	57.638719	30.054995	58.830128	31.246403	58.315867	31.396745	57.026946
238	#66ccff	#000000	#00000000	#00000000		53.498549	54.701979	28.135749	54.383730	27.621487	53.192323	26.430078	53.706584	26.279738	54.995505	24.990818	54.845164	23.441500	56.927298	23.955761	58.118707	25.147169	57.604445	26.188237	58.379105	26.962897	57.338037	28.251817	57.488377	28.402157	56.199457	27.361090	55.424797
239	#66ccff	#000000	#00000000	#00000000		53.498549	54.701979	40.524857	54.172280	40.010595	52.980873	38.819187	53.495134	38.668846	54.784055	37.379926	54.633715	35.830608	56.715849	36.344869	57.907257	37.536278	57.392996	38.577346	58.167655	39.352005	57.126587	40.640925	57.276928	40.791266	55.988007	39.750198	55.213348
240	#ffffff	#000000	#00000000	#00000000		53.498549	54.701979	45.074776	56.965835	45.849434	55.924767	44.808367	55.150109	43.616959	55.664370	43.102697	54.472962	40.524856	54.172281	39.750198	55.213349	40.791266	55.988007	40.640925	57.276928	41.929846	57.427268	42.444107	58.618676	43.635515	58.104415	43.785856	56.815495
241	#66ccff	#000000	#00000000	#00000000		53.498549	54.701979	49.769021	54.422262	49.254760	53.230853	48.063351	53.745115	47.913012	55.034035	46.624092	54.883695	45.074774	56.965830	45.589036	58.157238	46.780444	57.642977	47.821511	58.417635	48.596169	57.376567	49.885090	57.526908	50.035430	56.237987	48.994363	55.463329
242	#A0A0A0	#000000	#00000000	#00000000		53.498549	54.701979	54.318942	57.215814	55.093600	56.174746	54.052532	55.400088	52.861124	55.914350	52.346862	54.722942	49.769021	54.422263	48.994363	55.463329	50.035430	56.237987	49.885090	57.526908	51.174011	57.677248	51.688273	58.868656	52.879681	58.354394	53.030021	57.065473
243	#66ccff	#000000	#00000000	#00000000		53.498549	54.701979	15.746656	54.595175	15.232393	53.403768	14.040985	53.918029	13.890645	55.206950	12.601724	55.056609	11.052407	57.138743	11.566668	58.330152	12.758076	57.815890	13.799144	58.590550	14.573803	57.549482	15.862724	57.699822	16.013064	56.410902	14.971996	55.636242
244	#A0A0A0	#000000	#00000000	#00000000		53.498549	54.701979	-3.242037	17.387404	-2.727775	18.578812	-1.536367	18.064549	-1.386027	16.775629	-0.097106	16.925969	1.452210	14.843834	0.937948	13.652426	-0.253460	14.166688	-1.294528	13.392030	-2.069186	14.433098	-3.358107	14.282758	-3.508447	15.571678	-2.467379	16.346336
245	#006699	#000000	#00000000	#00000000		53.498549	54.701979	-0.981306	9.206034	0.307615	9.356373	0.157276	10.645293	-1.034132	11.159556	-0.519870	12.350964	-2.069186	14.433099	-3.358106	14.282760	-3.207767	12.993840	-4.248835	12.219182	-3.474177	11.178114	-3.988439	9.986706	-2.797031	9.472444	-1.755964	10.247102
246	#66ccff	#000000	#00000000	#00000000		53.498549	54.701979	0.191550	6.251722	-0.322711	5.060314	-1.514119	5.574575	-1.664459	6.863496	-2.953380	6.713155	-4.502698	8.795290	-3.988436	9.986698	-2.797028	9.472437	-1.755960	10.247096	-0.981301	9.206028	0.307620	9.356369	0.457960	8.067448	-0.583109	7.292790
247	#A0A0A0	#000000	#00000000	#00000000		53.498549	54.701979	-1.636189	-1.578274	-2.925109	-1.728616	-3.075451	-0.439697	-2.034384	0.334963	-2.809044	1.376029	-1.780523	3.758846	-0.491603	3.909188	-0.341261	2.620268	0.850147	2.106009	0.335887	0.914600	1.110547	-0.126466	0.069479	-0.901126	-1.121929	-0.386866
248	#66ccff	#000000	#00000000	#00000000		53.498549	54.701979	57.107850	14.709455	58.396770	14.859794	58.547109	13.570874	57.506042	12.796216	58.280700	11.755148	57.252175	9.372333	55.963255	9.221994	55.812916	10.510915	54.621507	11.025176	55.135770	12.216584	54.361112	13.257652	55.402179	14.032310	56.593588	13.518047
249	#A0A0A0	#000000	#00000000	#00000000		53.498549	54.701979	52.846586	1.241659	53.360847	2.433067	54.552255	1.918806	54.702594	0.629885	55.991515	0.780226	57.540832	-1.301910	57.026571	-2.493318	55.835163	-1.979057	54.794095	-2.753715	54.019437	-1.712647	52.730516	-1.862988	52.580176	-0.574067	53.621244	0.200591
250	#A0A0A0	#000000	#00000000	#00000000		53.498549	54.701979	-1.414281	25.217399	-0.125361	25.367739	0.024979	24.078818	-1.016089	23.304160	-0.241431	22.263092	-1.269956	19.880276	-2.558876	19.729937	-2.709215	21.018858	-3.900623	21.533120	-3.386361	22.724528	-4.161019	23.765596	-3.119951	24.540254	-1.928543	24.025991
251	#A0A0A0	#000000	#00000000	#00000000		53.498549	54.701979	20.296570	57.388733	21.071229	56.347665	20.030160	55.573006	18.838752	56.087267	18.324491	54.895859	15.746651	54.595178	14.971991	55.636246	16.013059	56.410905	15.862719	57.699826	17.151639	57.850166	17.665901	59.041574	18.857309	58.527313	19.007649	57.238392
252	#66ccff	#000000	#00000000	#00000000		53.498549	54.701979	59.157519	49.335123	59.932177	48.294055	58.891109	47.519397	57.699701	48.033658	57.185440	46.842250	54.607600	46.541569	53.832942	47.582637	54.874010	48.357295	54.723668	49.646215	56.012588	49.796556	56.526850	50.987964	57.718258	50.473703	57.868598	49.184782
