seq_id	start_fill_color	start_stroke_color	done_fill_color	done_stroke_color	footnote	img_width	img_height	px_0	py_0	px_1	py_1	px_2	py_2	px_3	py_3	px_4	py_4	px_5	py_5	px_6	py_6	px_7	py_7	px_8	py_8	px_9	py_9	px_10	py_10	px_11	py_11	px_12	py_12	px_13	py_13
0	#66ccff	#000000	#00000000	#00000000	Starting tile pattern based on a 'turtle' tiling in a <a href="https://cs.uwaterloo.ca/~csk/hat/examples/animation.gif">looping animated GIF</a> by David Smith, Joseph Samuel Myers, Craig S. Kaplan, and Chaim Goodman-Strauss, used under <a href="http://creativecommons.org/licenses/by/4.0/">CC BY 4.0</a> / This is a recreation of the original rather than a screenshot, and the cropping, colors, and vertical orientation differ slightly from the original.	53.498550	54.701983	20.174740	19.778497	20.949740	18.441662	20.177918	17.994216	19.404507	18.438910	18.634274	17.099324	17.089042	17.096572	15.543810	17.093820	14.768810	18.430655	15.540632	18.878100	15.539043	19.770241	17.084275	19.772993	17.854508	21.112579	18.627919	20.667885	18.629508	19.775745
1	#A0A0A0	#000000	#00000000	#00000000		53.498550	54.701983	21.724739	17.104827	20.179507	17.102075	20.177918	17.994215	20.949740	18.441662	20.174740	19.778497	20.944973	21.118083	21.715206	22.457669	23.260438	22.460421	23.262027	21.568281	24.035438	21.123587	23.265205	19.784000	24.040205	18.447166	23.268383	17.999719	22.494972	18.444413
2	#ffffff	#000000	#00000000	#00000000		53.498550	54.701983	18.634274	17.099323	19.404507	18.438909	20.177918	17.994215	20.179507	17.102075	21.724739	17.104827	22.499738	15.767992	23.274738	14.431158	22.504505	13.091571	21.731094	13.536265	20.959272	13.088820	20.184272	14.425654	18.639040	14.422902	18.637452	15.315043	19.409273	15.762489
3	#ffffff	#000000	#00000000	#00000000		53.498550	54.701983	14.003344	14.414647	13.228344	15.751482	14.000166	16.198928	14.773577	15.754234	15.543810	17.093820	17.089042	17.096572	18.634274	17.099324	19.409274	15.762489	18.637452	15.315044	18.639041	14.422903	17.093809	14.420151	16.323576	13.080565	15.550165	13.525259	15.548576	14.417399
4	#66ccff	#000000	#00000000	#00000000		53.498550	54.701983	10.903345	19.761986	11.673578	21.101572	12.446989	20.656878	12.448578	19.764738	13.993811	19.767489	14.768810	18.430655	15.543810	17.093820	14.773577	15.754234	14.000166	16.198928	13.228344	15.751482	12.453344	17.088317	10.908112	17.085565	10.906523	17.977706	11.678345	18.425151
5	#006699	#000000	#00000000	#00000000		53.498550	54.701983	17.084275	19.772993	17.854508	21.112579	17.081098	21.557273	16.309276	21.109828	15.534277	22.446662	13.989044	22.443910	12.443811	22.441159	11.673578	21.101572	12.446989	20.656878	12.448578	19.764738	13.993811	19.767489	14.768809	18.430655	15.540631	18.878101	15.539043	19.770241
6	#A0A0A0	#000000	#00000000	#00000000		53.498550	54.701983	26.365204	14.436661	25.594971	13.097075	24.821560	13.541769	24.819971	14.433909	23.274738	14.431158	22.499738	15.767992	21.724739	17.104827	22.494972	18.444413	23.268383	17.999719	24.040204	18.447165	24.815204	17.110330	26.360437	17.113082	26.362026	16.220941	25.590204	15.773496
7	#66ccff	#000000	#00000000	#00000000		53.498550	54.701983	23.274739	14.431157	24.819971	14.433909	24.821560	13.541769	24.049738	13.094323	24.824737	11.757488	24.054504	10.417902	23.284271	9.078316	21.739039	9.075564	21.737451	9.967704	20.964040	10.412398	21.734273	11.751985	20.959273	13.088819	21.731095	13.536265	22.504506	13.091571
8	#006699	#000000	#00000000	#00000000		53.498550	54.701983	20.193807	9.072812	21.739039	9.075564	21.737451	9.967704	20.964040	10.412398	21.734273	11.751985	20.959273	13.088819	20.184273	14.425654	18.639040	14.422902	18.640629	13.530762	17.868807	13.083316	18.643807	11.746481	17.873574	10.406895	18.646985	9.962201	19.418807	10.409647
9	#66ccff	#000000	#00000000	#00000000		53.498550	54.701983	17.093808	14.420151	18.639040	14.422904	18.640629	13.530764	17.868807	13.083317	18.643806	11.746482	17.873574	10.406896	17.103342	9.067309	15.558110	9.064556	15.556521	9.956697	14.783110	10.401391	15.553342	11.740978	14.778343	13.077812	15.550165	13.525259	16.323576	13.080565
10	#66ccff	#000000	#00000000	#00000000		53.498550	54.701983	14.003344	14.414647	15.548576	14.417399	15.550165	13.525259	14.778343	13.077812	15.553342	11.740978	14.783110	10.401391	14.012878	9.061805	12.467646	9.059052	12.466057	9.951192	11.692646	10.395886	12.462878	11.735473	11.687878	13.072307	12.459700	13.519754	13.233111	13.075060
11	#A0A0A0	#000000	#00000000	#00000000		53.498550	54.701983	9.362880	17.082809	10.133112	18.422396	10.906523	17.977702	10.908112	17.085561	12.453344	17.088314	13.228344	15.751480	14.003344	14.414647	13.233111	13.075060	12.459700	13.519754	11.687879	13.072307	10.912879	14.409141	9.367647	14.406388	9.366058	15.298529	10.137880	15.745976
12	#ffffff	#000000	#00000000	#00000000		53.498550	54.701983	9.362880	17.082809	7.817647	17.080057	7.816059	17.972197	8.587881	18.419644	7.812881	19.756478	8.583113	21.096065	9.353345	22.435651	10.898578	22.438404	10.900166	21.546264	11.673577	21.101570	10.903345	19.761983	11.678345	18.425148	10.906523	17.977702	10.133112	18.422396
13	#ffffff	#000000	#00000000	#00000000		53.498550	54.701983	9.353345	22.435651	8.578346	23.772485	9.350167	24.219932	10.123578	23.775238	10.893810	25.114824	12.439042	25.117577	13.984274	25.120330	14.759274	23.783496	13.987453	23.336050	13.989042	22.443909	12.443810	22.441156	11.673577	21.101570	10.900166	21.546264	10.898578	22.438404
14	#66ccff	#000000	#00000000	#00000000		53.498550	54.701983	13.984274	25.120330	14.754506	26.459917	15.527917	26.015223	15.529506	25.123082	17.074738	25.125835	17.849738	23.789001	18.624738	22.452167	17.854506	21.112581	17.081095	21.557275	16.309274	21.109828	15.534274	22.446662	13.989042	22.443909	13.987453	23.336050	14.759274	23.783496
15	#A0A0A0	#000000	#00000000	#00000000		53.498550	54.701983	15.524740	27.799503	16.294973	29.139089	17.068384	28.694395	17.069972	27.802255	18.615204	27.805007	19.390204	26.468172	20.165204	25.131337	19.394971	23.791751	18.621560	24.236445	17.849738	23.788999	17.074738	25.125834	15.529506	25.123082	15.527917	26.015223	16.299739	26.462668
16	#A0A0A0	#000000	#00000000	#00000000		53.498550	54.701983	20.165203	25.131338	21.710435	25.134090	21.712024	24.241950	20.940202	23.794503	21.715202	22.457669	20.944969	21.118082	20.174737	19.778496	18.629505	19.775743	18.627916	20.667883	17.854505	21.112577	18.624737	22.452164	17.849738	23.788998	18.621560	24.236445	19.394971	23.791751
17	#66ccff	#000000	#00000000	#00000000		53.498550	54.701983	21.715202	22.457669	20.940202	23.794503	21.712024	24.241950	22.485435	23.797256	23.255668	25.136842	24.800900	25.139594	26.346132	25.142346	27.121132	23.805511	26.349309	23.358065	26.350898	22.465924	24.805666	22.463172	24.035433	21.123586	23.262022	21.568280	23.260434	22.460421
18	#ffffff	#000000	#00000000	#00000000		53.498550	54.701983	20.165203	25.131338	19.390203	26.468172	20.162025	26.915619	20.935436	26.470925	21.705668	27.810511	23.250901	27.813264	24.796133	27.816017	25.571133	26.479182	24.799310	26.031736	24.800899	25.139595	23.255667	25.136842	22.485435	23.797256	21.712024	24.241950	21.710435	25.134090
19	#ffffff	#000000	#00000000	#00000000		53.498550	54.701983	24.796133	27.816017	25.566366	29.155603	26.339777	28.710909	26.341366	27.818769	27.886598	27.821521	28.661597	26.484686	29.436597	25.147851	28.666364	23.808265	27.892953	24.252959	27.121131	23.805513	26.346131	25.142347	24.800899	25.139595	24.799310	26.031736	25.571133	26.479182
20	#66ccff	#000000	#00000000	#00000000		53.498550	54.701983	27.886598	27.821521	26.341366	27.818769	26.339777	28.710909	27.111599	29.158355	26.336599	30.495190	27.106832	31.834776	27.877065	33.174362	29.422297	33.177114	29.423886	32.284974	30.197297	31.840280	29.427064	30.500693	30.202064	29.163859	29.430242	28.716413	28.656831	29.161107
21	#66ccff	#000000	#00000000	#00000000		53.498550	54.701983	29.436596	25.147852	30.981828	25.150604	30.983417	24.258464	30.211595	23.811017	30.986595	22.474183	30.216363	21.134596	29.446130	19.795010	27.900898	19.792257	27.899309	20.684397	27.125898	21.129091	27.896131	22.468678	27.121131	23.805513	27.892953	24.252959	28.666364	23.808265
22	#A0A0A0	#000000	#00000000	#00000000		53.498550	54.701983	32.527060	25.153356	31.756828	23.813770	30.983417	24.258464	30.981828	25.150604	29.436596	25.147852	28.661596	26.484685	27.886596	27.821519	28.656829	29.161106	29.430239	28.716412	30.202061	29.163858	30.977061	27.827025	32.522293	27.829778	32.523882	26.937637	31.752060	26.490190
23	#66ccff	#000000	#00000000	#00000000		53.498550	54.701983	26.336599	30.495190	27.111599	29.158355	26.339777	28.710908	25.566366	29.155602	24.796133	27.816016	23.250901	27.813264	21.705669	27.810512	20.930669	29.147347	21.702491	29.594793	21.700902	30.486934	23.246134	30.489686	24.016367	31.829272	24.789778	31.384578	24.791367	30.492438
24	#006699	#000000	#00000000	#00000000		53.498550	54.701983	23.246134	30.489686	24.016367	31.829272	23.242956	32.273966	22.471134	31.826521	21.696135	33.163355	20.150903	33.160603	18.605671	33.157851	17.835438	31.818265	18.608849	31.373571	18.610437	30.481430	20.155669	30.484182	20.930669	29.147348	21.702491	29.594793	21.700902	30.486934
25	#66ccff	#000000	#00000000	#00000000		53.498550	54.701983	17.065204	30.478674	17.835437	31.818261	18.608848	31.373567	18.610436	30.481426	20.155669	30.484179	20.930669	29.147345	21.705668	27.810511	20.935436	26.470925	20.162025	26.915619	19.390204	26.468172	18.615204	27.805006	17.069972	27.802253	17.068383	28.694394	17.840204	29.141840
26	#A0A0A0	#000000	#00000000	#00000000		53.498550	54.701983	15.524740	27.799501	13.979508	27.796748	13.977919	28.688889	14.749740	29.136336	13.974740	30.473169	14.744973	31.812756	15.515205	33.152342	17.060437	33.155095	17.062026	32.262955	17.835437	31.818261	17.065204	30.478674	17.840204	29.141840	17.068383	28.694394	16.294972	29.139088
27	#A0A0A0	#000000	#00000000	#00000000		53.498550	54.701983	15.524740	27.799501	16.299740	26.462667	15.527919	26.015220	14.754508	26.459914	13.984276	25.120328	12.439043	25.117575	10.893811	25.114822	10.118811	26.451656	10.890633	26.899103	10.889044	27.791243	12.434276	27.793996	13.204508	29.133583	13.977919	28.688889	13.979508	27.796748
28	#66ccff	#000000	#00000000	#00000000		53.498550	54.701983	12.434276	27.793994	10.889044	27.791241	10.887454	28.683381	11.659275	29.130827	10.884274	30.467661	11.654506	31.807249	12.424738	33.146837	13.969970	33.149590	13.971560	32.257450	14.744971	31.812757	13.974739	30.473170	14.749740	29.136336	13.977919	28.688889	13.204508	29.133582
29	#006699	#000000	#00000000	#00000000		53.498550	54.701983	9.334273	33.141329	7.789040	33.138576	7.790630	32.246436	8.564041	31.801742	7.793810	30.462155	8.568811	29.125321	9.343812	27.788487	10.889044	27.791241	10.887454	28.683381	11.659275	29.130827	10.884274	30.467661	11.654506	31.807249	10.881095	32.251942	10.109274	31.804495
30	#A0A0A0	#000000	#00000000	#00000000		53.498550	54.701983	10.893810	25.114823	10.123577	23.775236	9.350166	24.219930	9.348578	25.112071	7.803346	25.109319	7.028346	26.446153	6.253346	27.782988	7.023579	29.122574	7.796990	28.677880	8.568812	29.125326	9.343812	27.788492	10.889044	27.791243	10.890633	26.899103	10.118811	26.451657
31	#66ccff	#000000	#00000000	#00000000		53.498550	54.701983	7.803346	25.109319	9.348578	25.112071	9.350166	24.219930	8.578344	23.772484	9.353344	22.435650	8.583111	21.096064	7.812878	19.756477	6.267646	19.753725	6.266057	20.645866	5.492646	21.090560	6.262879	22.430146	5.487880	23.766981	6.259702	24.214427	7.033112	23.769733
32	#66ccff	#000000	#00000000	#00000000		53.498550	54.701983	6.253345	27.782989	4.708113	27.780238	4.706524	28.672379	5.478346	29.119825	4.703347	30.456660	5.473581	31.796246	6.243815	33.135832	7.789048	33.138583	7.790637	32.246442	8.564047	31.801747	7.793813	30.462161	8.568812	29.125326	7.796990	28.677880	7.023579	29.122575
33	#A0A0A0	#000000	#00000000	#00000000		53.498550	54.701983	3.162881	27.777484	3.933114	29.117071	4.706525	28.672377	4.708114	27.780236	6.253346	27.782988	7.028346	26.446153	7.803346	25.109319	7.033112	23.769733	6.259702	24.214427	5.487879	23.766980	4.712880	25.103815	3.167648	25.101063	3.166059	25.993203	3.937881	26.440650
34	#ffffff	#000000	#00000000	#00000000		53.498550	54.701983	3.162879	27.777488	1.617647	27.774737	1.616058	28.666877	2.387880	29.114323	1.612881	30.451158	2.383115	31.790744	3.153349	33.130331	4.698582	33.133081	4.700171	32.240941	5.473581	31.796246	4.703347	30.456660	5.478346	29.119825	4.706524	28.672379	3.933113	29.117074
35	#66ccff	#000000	#00000000	#00000000		53.498550	54.701983	-3.018052	27.766484	-3.793051	29.103320	-3.021229	29.550765	-2.247818	29.106071	-1.477584	30.445657	0.067649	30.448407	1.612881	30.451158	2.387880	29.114323	1.616058	28.666877	1.617646	27.774737	0.072413	27.771986	-0.697821	26.432400	-1.471231	26.877095	-1.472819	27.769235
36	#006699	#000000	#00000000	#00000000		53.498550	54.701983	0.062884	33.124829	-0.712115	34.461664	-1.483937	34.014218	-1.482349	33.122078	-3.027581	33.119327	-3.797815	31.779741	-4.568049	30.440155	-3.793051	29.103320	-3.021229	29.550765	-2.247818	29.106071	-1.477584	30.445657	0.067649	30.448407	0.066061	31.340548	-0.707350	31.785243
37	#66ccff	#000000	#00000000	#00000000		53.498550	54.701983	1.603352	35.804001	3.148584	35.806752	3.150172	34.914612	2.378350	34.467166	3.153349	33.130331	2.383115	31.790744	1.612881	30.451158	0.067649	30.448407	0.066061	31.340548	-0.707350	31.785243	0.062884	33.124829	-0.712115	34.461664	0.059707	34.909110	0.833118	34.464415
38	#A0A0A0	#000000	#00000000	#00000000		53.498550	54.701983	-1.468055	25.092814	-2.243053	26.429649	-1.471231	26.877095	-0.697821	26.432400	0.072413	27.771986	1.617646	27.774737	3.162878	27.777488	3.937877	26.440653	3.166055	25.993207	3.167643	25.101066	1.622411	25.098316	0.852177	23.758730	0.078766	24.203424	0.077178	25.095565
39	#66ccff	#000000	#00000000	#00000000		53.498550	54.701983	0.081943	22.419143	-0.693056	23.755979	0.078766	24.203424	0.852177	23.758730	1.622411	25.098316	3.167643	25.101066	4.712876	25.103817	5.487874	23.766982	4.716053	23.319536	4.717640	22.427396	3.172408	22.424645	2.402174	21.085059	1.628763	21.529754	1.627175	22.421894
40	#006699	#000000	#00000000	#00000000		53.498550	54.701983	6.262872	22.430147	5.487874	23.766982	4.716053	23.319536	4.717640	22.427396	3.172408	22.424646	2.402174	21.085060	1.631940	19.745474	2.406938	18.408639	3.178760	18.856084	3.952170	18.411390	4.722404	19.750976	6.267636	19.753726	6.266048	20.645866	5.492638	21.090561
41	#A0A0A0	#000000	#00000000	#00000000		53.498550	54.701983	0.091472	17.066301	-1.453761	17.063550	-1.455348	17.955690	-0.683527	18.403136	-1.458525	19.739971	-0.688291	21.079557	0.081943	22.419143	1.627175	22.421894	1.628763	21.529754	2.402174	21.085059	1.631940	19.745473	2.406939	18.408638	1.635117	17.961192	0.861706	18.405887
42	#A0A0A0	#000000	#00000000	#00000000		53.498550	54.701983	4.731935	14.398132	3.961702	13.058546	3.188291	13.503240	3.186702	14.395381	1.641469	14.392630	0.866471	15.729465	0.091472	17.066301	0.861706	18.405887	1.635117	17.961192	2.406939	18.408638	3.181937	17.071802	4.727170	17.074553	4.728759	16.182413	3.956937	15.734967
43	#66ccff	#000000	#00000000	#00000000		53.498550	54.701983	3.181938	17.071801	2.406938	18.408636	3.178760	18.856082	3.952171	18.411388	4.722404	19.750974	6.267636	19.753726	7.812868	19.756478	8.587868	18.419643	7.816046	17.972198	7.817635	17.080057	6.272403	17.077305	5.502170	15.737719	4.728759	16.182413	4.727170	17.074553
44	#A0A0A0	#000000	#00000000	#00000000		53.498550	54.701983	4.731936	14.398131	3.956937	15.734966	4.728759	16.182413	5.502170	15.737719	6.272402	17.077305	7.817634	17.080058	9.362866	17.082811	10.137866	15.745976	9.366044	15.298530	9.367633	14.406389	7.822400	14.403636	7.052168	13.064050	6.278757	13.508744	6.277168	14.400884
45	#A0A0A0	#000000	#00000000	#00000000		53.498550	54.701983	4.731937	14.398132	6.277168	14.400884	6.278757	13.508744	5.506935	13.061298	6.281935	11.724463	5.511702	10.384877	4.741469	9.045291	3.196237	9.042539	3.194648	9.934679	2.421237	10.379373	3.191470	11.718960	2.416471	13.055794	3.188293	13.503240	3.961703	13.058546
46	#66ccff	#000000	#00000000	#00000000		53.498550	54.701983	6.281935	11.724463	5.506935	13.061298	6.278758	13.508745	7.052168	13.064051	7.822402	14.403637	9.367633	14.406389	10.912865	14.409141	11.687865	13.072306	10.916043	12.624860	10.917632	11.732719	9.372400	11.729967	8.602167	10.390381	7.828756	10.835075	7.827167	11.727215
47	#66ccff	#000000	#00000000	#00000000		53.498550	54.701983	1.641471	14.392630	3.186704	14.395381	3.188293	13.503240	2.416471	13.055794	3.191469	11.718959	2.421235	10.379373	1.651001	9.039787	0.105769	9.037036	0.104180	9.929177	-0.669231	10.373871	0.101003	11.713458	-0.673995	13.050293	0.097826	13.497739	0.871237	13.053044
48	#A0A0A0	#000000	#00000000	#00000000		53.498550	54.701983	4.741469	9.045292	5.516469	7.708457	4.744647	7.261010	3.971236	7.705704	3.201004	6.366118	1.655771	6.363365	0.110539	6.360612	-0.664460	7.697447	0.107362	8.144893	0.105773	9.037034	1.651005	9.039787	2.421237	10.379373	3.194648	9.934679	3.196237	9.042539
49	#A0A0A0	#000000	#00000000	#00000000		53.498550	54.701983	-1.429925	3.681439	-2.204925	5.018273	-1.433104	5.465720	-0.659693	5.021026	0.110539	6.360612	1.655771	6.363365	3.201004	6.366118	3.976004	5.029284	3.204182	4.581837	3.205771	3.689697	1.660539	3.686944	0.890307	2.347357	0.116896	2.792051	0.115307	3.684192
50	#66ccff	#000000	#00000000	#00000000		53.498550	54.701983	3.201004	6.366118	3.971236	7.705704	4.744647	7.261010	4.746236	6.368870	6.291468	6.371623	7.066468	5.034789	7.841468	3.697955	7.071235	2.358369	6.297825	2.803063	5.526003	2.355616	4.751003	3.692450	3.205771	3.689697	3.204182	4.581837	3.976004	5.029284
51	#ffffff	#000000	#00000000	#00000000		53.498550	54.701983	6.291468	6.371623	4.746236	6.368870	4.744647	7.261010	5.516468	7.708457	4.741468	9.045291	5.511700	10.384877	6.281933	11.724464	7.827165	11.727217	7.828754	10.835076	8.602164	10.390382	7.831932	9.050796	8.606932	7.713962	7.835111	7.266515	7.061700	7.711209
52	#ffffff	#000000	#00000000	#00000000		53.498550	54.701983	10.931932	3.703460	10.161700	2.363873	9.388289	2.808567	9.386700	3.700708	7.841468	3.697955	7.066468	5.034789	6.291468	6.371623	7.061700	7.711209	7.835111	7.266515	8.606932	7.713962	9.381932	6.377128	10.927164	6.379881	10.928753	5.487740	10.156932	5.040294
53	#006699	#000000	#00000000	#00000000		53.498550	54.701983	12.462865	11.735471	11.687865	13.072305	10.916043	12.624860	10.917632	11.732719	9.372400	11.729967	8.602167	10.390381	7.831934	9.050794	8.606933	7.713960	9.378755	8.161406	10.152166	7.716712	10.922399	9.056298	12.467631	9.059050	12.466043	9.951190	11.692632	10.395884
54	#66ccff	#000000	#00000000	#00000000		53.498550	54.701983	9.381932	6.377128	8.606932	7.713962	9.378753	8.161409	10.152164	7.716715	10.922397	9.056301	12.467629	9.059054	14.012861	9.061807	14.787861	7.724973	14.016040	7.277526	14.017628	6.385386	12.472396	6.382633	11.702164	5.043046	10.928753	5.487740	10.927164	6.379881
55	#66ccff	#000000	#00000000	#00000000		53.498550	54.701983	10.931931	3.703459	10.156931	5.040294	10.928753	5.487740	11.702164	5.043046	12.472396	6.382633	14.017628	6.385386	15.562861	6.388139	16.337860	5.051304	15.566038	4.603857	15.567627	3.711717	14.022395	3.708964	13.252163	2.369377	12.478752	2.814071	12.477163	3.706212
56	#006699	#000000	#00000000	#00000000		53.498550	54.701983	17.112860	3.714469	16.337860	5.051304	15.566038	4.603857	15.567627	3.711717	14.022395	3.708964	13.252163	2.369377	12.481930	1.029791	13.256930	-0.307044	14.028752	0.140403	14.802163	-0.304291	15.572395	1.035295	17.117628	1.038048	17.116039	1.930189	16.342628	2.374883
57	#ffffff	#000000	#00000000	#00000000		53.498550	54.701983	14.012862	9.061808	14.783095	10.401395	15.556506	9.956701	15.558095	9.064560	17.103327	9.067312	17.878327	7.730477	18.653326	6.393643	17.883093	5.054057	17.109682	5.498751	16.337860	5.051304	15.562861	6.388139	14.017629	6.385387	14.016040	7.277527	14.787862	7.724974
58	#66ccff	#000000	#00000000	#00000000		53.498550	54.701983	18.653326	6.393643	20.198558	6.396396	20.200147	5.504255	19.428324	5.056809	20.203324	3.719974	19.433092	2.380388	18.662860	1.040801	17.117628	1.038048	17.116039	1.930189	16.342628	2.374883	17.112860	3.714469	16.337860	5.051304	17.109682	5.498751	17.883093	5.054057
59	#66ccff	#000000	#00000000	#00000000		53.498550	54.701983	21.743791	6.399147	20.973558	5.059560	20.200147	5.504254	20.198558	6.396395	18.653326	6.393643	17.878327	7.730477	17.103327	9.067312	17.873560	10.406898	18.646971	9.962204	19.418793	10.409651	20.193793	9.072816	21.739025	9.075568	21.740614	8.183428	20.968792	7.735981
60	#ffffff	#000000	#00000000	#00000000		53.498550	54.701983	20.203324	3.719974	19.428324	5.056809	20.200147	5.504255	20.973558	5.059561	21.743791	6.399148	23.289023	6.401900	24.834255	6.404651	25.609254	5.067817	24.837432	4.620370	24.839021	3.728230	23.293789	3.725478	22.523556	2.385891	21.750145	2.830585	21.748556	3.722726
61	#66ccff	#000000	#00000000	#00000000		53.498550	54.701983	24.834254	6.404651	25.604487	7.744237	26.377898	7.299543	26.379487	6.407402	27.924719	6.410154	28.699719	5.073320	29.474719	3.736485	28.704485	2.396899	27.931075	2.841593	27.159253	2.394147	26.384253	3.730982	24.839021	3.728230	24.837432	4.620370	25.609254	5.067816
62	#ffffff	#000000	#00000000	#00000000		53.498550	54.701983	20.212857	-1.632868	18.667625	-1.635619	18.666036	-0.743479	19.437858	-0.296033	18.662858	1.040801	19.433091	2.380388	20.203324	3.719974	21.748556	3.722726	21.750145	2.830585	22.523556	2.385891	21.753323	1.046305	22.528323	-0.290529	21.756501	-0.737975	20.983090	-0.293281
63	#006699	#000000	#00000000	#00000000		53.498550	54.701983	27.934251	1.057312	28.704485	2.396898	27.931075	2.841593	27.159253	2.394147	26.384254	3.730982	24.839021	3.728231	23.293789	3.725481	22.523555	2.385894	23.296966	1.941200	23.298554	1.049059	24.843787	1.051810	25.618786	-0.285025	26.390607	0.162420	26.389019	1.054561
64	#A0A0A0	#000000	#00000000	#00000000		53.498550	54.701983	26.374720	9.083823	27.149720	7.746989	26.377898	7.299543	25.604487	7.744237	24.834254	6.404651	23.289021	6.401899	21.743789	6.399147	20.968789	7.735982	21.740611	8.183428	21.739022	9.075568	23.284255	9.078320	24.054488	10.417906	24.827899	9.973212	24.829488	9.081072
65	#A0A0A0	#000000	#00000000	#00000000		53.498550	54.701983	26.365188	14.436665	27.910421	14.439417	27.912010	13.547276	27.140188	13.099830	27.915187	11.762996	27.144954	10.423410	26.374720	9.083823	24.829488	9.081072	24.827899	9.973212	24.054488	10.417906	24.824721	11.757492	24.049722	13.094327	24.821544	13.541773	25.594955	13.097079
66	#A0A0A0	#000000	#00000000	#00000000		53.498550	54.701983	26.365188	14.436665	25.590189	15.773499	26.362011	16.220945	27.135422	15.776251	27.905655	17.115837	29.450888	17.118589	30.996121	17.121341	31.771120	15.784506	30.999298	15.337061	31.000887	14.444920	29.455654	14.442168	28.685421	13.102582	27.912010	13.547276	27.910421	14.439417
67	#66ccff	#000000	#00000000	#00000000		53.498550	54.701983	24.815190	17.110333	24.040190	18.447167	24.812012	18.894614	25.585423	18.449920	26.355656	19.789507	27.900888	19.792259	29.446120	19.795012	30.221120	18.458178	29.449298	18.010731	29.450886	17.118590	27.905654	17.115838	27.135422	15.776251	26.362011	16.220945	26.360422	17.113086
68	#006699	#000000	#00000000	#00000000		53.498550	54.701983	27.896120	22.468680	27.121121	23.805515	26.349298	23.358068	26.350887	22.465928	24.805655	22.463175	24.035423	21.123589	23.265191	19.784002	24.040190	18.447167	24.812012	18.894614	25.585423	18.449920	26.355656	19.789507	27.900888	19.792259	27.899299	20.684400	27.125888	21.129094
69	#ffffff	#000000	#00000000	#00000000		53.498550	54.701983	30.986595	22.474183	30.211595	23.811017	30.983417	24.258464	31.756828	23.813770	32.527061	25.153356	34.072293	25.156108	35.617525	25.158860	36.392525	23.822025	35.620703	23.374579	35.622292	22.482438	34.077060	22.479686	33.306827	21.140100	32.533416	21.584794	32.531827	22.476935
70	#ffffff	#000000	#00000000	#00000000		53.498550	54.701983	30.996127	17.121341	29.450895	17.118589	29.449306	18.010730	30.221128	18.458175	29.446129	19.795010	30.216362	21.134596	30.986595	22.474183	32.531827	22.476935	32.533416	21.584794	33.306827	21.140100	32.536593	19.800514	33.311593	18.463679	32.539771	18.016233	31.766360	18.460927
71	#A0A0A0	#000000	#00000000	#00000000		53.498550	54.701983	30.996128	17.121341	31.766360	18.460927	32.539771	18.016233	32.541360	17.124093	34.086592	17.126846	34.861592	15.790011	35.636592	14.453176	34.866359	13.113590	34.092949	13.558284	33.321126	13.110837	32.546127	14.447672	31.000895	14.444919	30.999306	15.337060	31.771128	15.784506
72	#006699	#000000	#00000000	#00000000		53.498550	54.701983	32.555662	9.094830	34.100894	9.097583	34.099305	9.989724	33.325894	10.434418	34.096127	11.774004	33.321127	13.110838	32.546127	14.447672	31.000895	14.444919	31.002483	13.552778	30.230662	13.105332	31.005662	11.768498	30.235430	10.428911	31.008841	9.984217	31.780662	10.431664
73	#66ccff	#000000	#00000000	#00000000		53.498550	54.701983	29.455663	14.442167	31.000895	14.444919	31.002483	13.552778	30.230661	13.105333	31.005661	11.768498	30.235428	10.428912	29.465195	9.089325	27.919963	9.086574	27.918374	9.978714	27.144963	10.423408	27.915196	11.762994	27.140197	13.099829	27.912019	13.547275	28.685429	13.102581
74	#ffffff	#000000	#00000000	#00000000		53.498550	54.701983	26.374731	9.083822	27.144963	10.423408	27.918374	9.978714	27.919963	9.086574	29.465195	9.089326	30.240195	7.752492	31.015195	6.415657	30.244962	5.076071	29.471552	5.520765	28.699729	5.073318	27.924730	6.410153	26.379498	6.407400	26.377909	7.299540	27.149731	7.746987
75	#ffffff	#000000	#00000000	#00000000		53.498550	54.701983	31.015195	6.415657	32.560427	6.418410	32.562016	5.526269	31.790194	5.078823	32.565193	3.741988	31.794961	2.402402	31.024729	1.062815	29.479497	1.060062	29.477908	1.952203	28.704497	2.396897	29.474729	3.736483	28.699729	5.073318	29.471552	5.520765	30.244962	5.076071
76	#66ccff	#000000	#00000000	#00000000		53.498550	54.701983	31.024729	1.062815	31.799729	-0.274020	31.027906	-0.721466	30.254496	-0.276772	29.484263	-1.616359	27.939031	-1.619111	26.393799	-1.621864	25.618799	-0.285030	26.390621	0.162417	26.389033	1.054558	27.934265	1.057310	28.704497	2.396897	29.477908	1.952203	29.479497	1.060062
77	#A0A0A0	#000000	#00000000	#00000000		53.498550	54.701983	32.574729	-1.610853	31.029496	-1.613606	31.027908	-0.721465	31.799729	-0.274019	31.024729	1.062815	31.794961	2.402402	32.565193	3.741988	34.110425	3.744741	34.112014	2.852600	34.885425	2.407906	34.115193	1.068320	34.890193	-0.268514	34.118372	-0.715961	33.344961	-0.271267
78	#66ccff	#000000	#00000000	#00000000		53.498550	54.701983	32.565193	3.741988	31.790193	5.078822	32.562015	5.526269	33.335426	5.081575	34.105658	6.421161	35.650890	6.423914	37.196122	6.426667	37.971122	5.089833	37.199301	4.642386	37.200890	3.750246	35.655657	3.747493	34.885425	2.407906	34.112014	2.852600	34.110425	3.744741
79	#006699	#000000	#00000000	#00000000		53.498550	54.701983	35.655658	3.747494	34.885425	2.407907	35.658835	1.963213	36.430657	2.410659	37.205657	1.073825	38.750889	1.076576	40.296121	1.079328	41.066354	2.418915	40.292943	2.863609	40.291354	3.755749	38.746122	3.752997	37.971123	5.089832	37.199301	4.642386	37.200890	3.750246
80	#66ccff	#000000	#00000000	#00000000		53.498550	54.701983	34.105659	6.421161	33.335426	5.081574	32.562015	5.526268	32.560427	6.418409	31.015195	6.415657	30.240195	7.752492	29.465195	9.089326	30.235428	10.428913	31.008839	9.984219	31.780661	10.431665	32.555661	9.094831	34.100893	9.097583	34.102482	8.205442	33.330660	7.757995
81	#ffffff	#000000	#00000000	#00000000		53.498550	54.701983	38.736590	9.105838	39.511590	7.769004	38.739767	7.321557	37.966356	7.766251	37.196123	6.426665	35.650891	6.423913	34.105659	6.421161	33.330660	7.757995	34.102482	8.205442	34.100893	9.097583	35.646125	9.100335	36.416358	10.439921	37.189769	9.995227	37.191358	9.103086
82	#66ccff	#000000	#00000000	#00000000		53.498550	54.701983	41.836589	3.758499	41.066355	2.418913	40.292944	2.863607	40.291356	3.755747	38.746123	3.752995	37.971123	5.089830	37.196123	6.426665	37.966356	7.766251	38.739767	7.321557	39.511589	7.769003	40.286589	6.432168	41.831822	6.434920	41.833411	5.542779	41.061589	5.095334
83	#ffffff	#000000	#00000000	#00000000		53.498550	54.701983	43.377055	6.437670	44.922288	6.440421	44.923877	5.548281	44.152055	5.100835	44.927054	3.764000	44.156820	2.424414	43.386586	1.084828	41.841353	1.082077	41.839764	1.974217	41.066353	2.418912	41.836587	3.758498	41.061589	5.095334	41.833411	5.542779	42.606821	5.098084
84	#66ccff	#000000	#00000000	#00000000		53.498550	54.701983	43.377055	6.437670	42.606821	5.098084	41.833411	5.542779	41.831823	6.434920	40.286590	6.432169	39.511591	7.769004	38.736593	9.105839	39.506827	10.445425	40.280237	10.000731	41.052059	10.448176	41.827058	9.111341	43.372291	9.114092	43.373879	8.221951	42.602057	7.774506
85	#006699	#000000	#00000000	#00000000		53.498550	54.701983	41.827058	9.111341	43.372291	9.114092	43.370702	10.006232	42.597291	10.450927	43.367525	11.790513	42.592526	13.127349	41.817528	14.464184	40.272295	14.461433	40.273884	13.569292	39.502062	13.121847	40.277061	11.785011	39.506827	10.445425	40.280237	10.000731	41.052059	10.448176
86	#66ccff	#000000	#00000000	#00000000		53.498550	54.701983	38.727056	14.458681	40.272288	14.461434	40.273877	13.569293	39.502055	13.121847	40.277054	11.785012	39.506822	10.445426	38.736590	9.105839	37.191358	9.103086	37.189769	9.995227	36.416358	10.439921	37.186590	11.779507	36.411591	13.116342	37.183413	13.563789	37.956824	13.119095
87	#66ccff	#000000	#00000000	#00000000		53.498550	54.701983	35.636592	14.453176	37.181824	14.455929	37.183413	13.563789	36.411591	13.116342	37.186590	11.779507	36.416358	10.439921	35.646126	9.100334	34.100894	9.097581	34.099305	9.989722	33.325894	10.434416	34.096126	11.774003	33.321126	13.110837	34.092949	13.558284	34.866359	13.113590
88	#ffffff	#000000	#00000000	#00000000		53.498550	54.701983	35.636592	14.453176	34.861592	15.790011	35.633414	16.237458	36.406825	15.792764	37.177057	17.132350	38.722289	17.135103	40.267522	17.137856	41.042521	15.801021	40.270699	15.353575	40.272288	14.461434	38.727056	14.458681	37.956824	13.119095	37.183413	13.563789	37.181824	14.455929
89	#66ccff	#000000	#00000000	#00000000		53.498550	54.701983	32.536593	19.800513	33.306825	21.140099	34.080236	20.695405	34.081825	19.803265	35.627057	19.806018	36.402057	18.469184	37.177057	17.132350	36.406825	15.792764	35.633414	16.237458	34.861593	15.790011	34.086593	17.126844	32.541361	17.124092	32.539772	18.016232	33.311593	18.463679
90	#006699	#000000	#00000000	#00000000		53.498550	54.701983	38.717522	19.811520	39.487755	21.151107	38.714344	21.595801	37.942522	21.148355	37.167522	22.485190	35.622290	22.482438	34.077059	22.479686	33.306825	21.140099	34.080236	20.695405	34.081825	19.803265	35.627057	19.806017	36.402057	18.469182	37.173879	18.916628	37.172290	19.808768
91	#66ccff	#000000	#00000000	#00000000		53.498550	54.701983	35.617525	25.158859	36.387758	26.498446	37.161169	26.053752	37.162758	25.161611	38.707990	25.164363	39.482989	23.827528	40.257989	22.490694	39.487756	21.151107	38.714345	21.595801	37.942523	21.148356	37.167524	22.485190	35.622292	22.482438	35.620703	23.374579	36.392525	23.822025
92	#A0A0A0	#000000	#00000000	#00000000		53.498550	54.701983	37.157991	27.838033	37.932991	26.501198	37.161169	26.053752	36.387758	26.498446	35.617526	25.158859	34.072294	25.156106	32.527061	25.153353	31.752062	26.490188	32.523884	26.937635	32.522295	27.829775	34.067527	27.832528	34.837759	29.172114	35.611170	28.727420	35.612759	27.835280
93	#66ccff	#000000	#00000000	#00000000		53.498550	54.701983	35.607993	30.511702	36.382992	29.174867	35.611170	28.727420	34.837759	29.172114	34.067527	27.832528	32.522295	27.829775	30.977063	27.827022	30.202063	29.163857	30.973885	29.611304	30.972296	30.503444	32.517529	30.506197	33.287761	31.845783	34.061172	31.401089	34.062761	30.508949
94	#006699	#000000	#00000000	#00000000		53.498550	54.701983	29.427064	30.500692	30.202063	29.163858	30.973885	29.611304	30.972296	30.503444	32.517528	30.506196	33.287761	31.845782	34.057995	33.185369	33.282995	34.522203	32.511173	34.074758	31.737762	34.519452	30.967529	33.179865	29.422297	33.177113	29.423886	32.284973	30.197297	31.840279
95	#ffffff	#000000	#00000000	#00000000		53.498550	54.701983	35.598459	35.864544	37.143691	35.867297	37.145280	34.975156	36.373457	34.527709	37.148457	33.190875	36.378225	31.851288	35.607993	30.511702	34.062761	30.508949	34.061172	31.401089	33.287761	31.845783	34.057993	33.185370	33.282993	34.522205	34.054815	34.969651	34.828226	34.524957
96	#A0A0A0	#000000	#00000000	#00000000		53.498550	54.701983	37.157992	27.838033	35.612760	27.835281	35.611171	28.727421	36.382993	29.174868	35.607993	30.511702	36.378225	31.851288	37.148457	33.190875	38.693689	33.193628	38.695278	32.301487	39.468689	31.856793	38.698457	30.517206	39.473457	29.180373	38.701636	28.732926	37.928225	29.177620
97	#A0A0A0	#000000	#00000000	#00000000		53.498550	54.701983	37.157992	27.838033	37.928225	29.177620	38.701636	28.732926	38.703224	27.840785	40.248457	27.843538	41.023456	26.506703	41.798456	25.169869	41.028224	23.830282	40.254813	24.274976	39.482991	23.827530	38.707991	25.164364	37.162759	25.161612	37.161170	26.053752	37.932992	26.501199
98	#A0A0A0	#000000	#00000000	#00000000		53.498550	54.701983	41.798456	25.169869	43.343688	25.172622	43.345277	24.280481	42.573455	23.833035	43.348455	22.496200	42.578222	21.156613	41.807990	19.817027	40.262758	19.814274	40.261169	20.706415	39.487758	21.151109	40.257990	22.490695	39.482991	23.827530	40.254813	24.274976	41.028224	23.830282
99	#66ccff	#000000	#00000000	#00000000		53.498550	54.701983	41.807990	19.817027	42.582990	18.480192	41.811168	18.032746	41.037757	18.477440	40.267525	17.137853	38.722292	17.135100	37.177060	17.132347	36.402061	18.469182	37.173883	18.916629	37.172294	19.808769	38.717526	19.811522	39.487758	21.151109	40.261169	20.706415	40.262758	19.814274
100	#ffffff	#000000	#00000000	#00000000		53.498550	54.701983	40.267525	17.137853	41.037757	18.477440	41.811168	18.032746	41.812757	17.140605	43.357989	17.143358	44.132988	15.806523	44.907988	14.469689	44.137756	13.130102	43.364345	13.574796	42.592523	13.127350	41.817523	14.464184	40.272291	14.461431	40.270702	15.353572	41.042524	15.801019
101	#66ccff	#000000	#00000000	#00000000		53.498550	54.701983	44.907988	14.469689	46.453220	14.472441	46.454809	13.580301	45.682987	13.132854	46.457987	11.796020	45.687755	10.456433	44.917522	9.116847	43.372290	9.114094	43.370701	10.006234	42.597290	10.450928	43.367523	11.790515	42.592523	13.127350	43.364345	13.574796	44.137756	13.130102
102	#A0A0A0	#000000	#00000000	#00000000		53.498550	54.701983	48.007987	9.122343	48.782985	7.785508	48.011163	7.338062	47.237753	7.782757	46.467519	6.443171	44.922287	6.440421	43.377054	6.437671	42.602057	7.774506	43.373879	8.221951	43.372291	9.114092	44.917523	9.116842	45.687757	10.456428	46.461167	10.011733	46.462755	9.119593
103	#66ccff	#000000	#00000000	#00000000		53.498550	54.701983	49.557984	6.448673	50.332982	5.111837	49.561160	4.664392	48.787751	5.109086	48.017517	3.769500	46.472284	3.766749	44.927051	3.763998	44.152053	5.100834	44.923875	5.548279	44.922287	6.440420	46.467519	6.443171	47.237753	7.782757	48.011163	7.338062	48.012751	6.445922
104	#006699	#000000	#00000000	#00000000		53.498550	54.701983	46.477048	1.090328	47.252046	-0.246507	48.023868	0.200939	48.022280	1.093079	49.567513	1.095830	50.337747	2.435416	51.107981	3.775002	50.332982	5.111837	49.561160	4.664392	48.787751	5.109086	48.017517	3.769500	46.472284	3.766749	46.473872	2.874609	47.247282	2.429914
105	#ffffff	#000000	#00000000	#00000000		53.498550	54.701983	48.007986	9.122343	48.778220	10.461929	49.551631	10.017234	49.553220	9.125094	51.098452	9.127845	51.873451	7.791009	52.648450	6.454174	51.878216	5.114588	51.104805	5.559283	50.332983	5.111837	49.557984	6.448672	48.012752	6.445922	48.011163	7.338062	48.782985	7.785508
106	#ffffff	#000000	#00000000	#00000000		53.498550	54.701983	52.648450	6.454174	54.193682	6.456925	54.195270	5.564785	53.423448	5.117339	54.198447	3.780504	53.428213	2.440918	52.657979	1.101331	51.112746	1.098581	51.111159	1.990721	50.337748	2.435416	51.107982	3.775002	50.332983	5.111837	51.104805	5.559283	51.878216	5.114588
107	#66ccff	#000000	#00000000	#00000000		53.498550	54.701983	51.088922	14.480688	52.634155	14.483438	52.635743	13.591298	51.863921	13.143852	52.638919	11.807017	51.868685	10.467431	51.098452	9.127845	49.553219	9.125094	49.551631	10.017234	48.778220	10.461929	49.548454	11.801515	48.773456	13.138351	49.545277	13.585796	50.318688	13.141101
108	#A0A0A0	#000000	#00000000	#00000000		53.498550	54.701983	47.998456	14.475186	49.543689	14.477937	49.545277	13.585796	48.773456	13.138351	49.548454	11.801515	48.778220	10.461929	48.007986	9.122343	46.462754	9.119592	46.461165	10.011733	45.687754	10.456428	46.457988	11.796014	45.682989	13.132849	46.454811	13.580295	47.228222	13.135600
109	#006699	#000000	#00000000	#00000000		53.498550	54.701983	54.188917	9.133347	55.734149	9.136097	55.732561	10.028238	54.959150	10.472933	55.729384	11.812519	54.954385	13.149354	54.179386	14.486189	52.634154	14.483439	52.635743	13.591298	51.863921	13.143852	52.638919	11.807017	51.868685	10.467431	52.642096	10.022736	53.413918	10.470182
110	#66ccff	#000000	#00000000	#00000000		53.498550	54.701983	55.738914	6.459676	54.968680	5.120090	54.195269	5.564785	54.193681	6.456925	52.648449	6.454174	51.873450	7.791010	51.098452	9.127845	51.868685	10.467431	52.642096	10.022736	53.413918	10.470182	54.188917	9.133347	55.734149	9.136097	55.735737	8.243957	54.963915	7.796511
111	#A0A0A0	#000000	#00000000	#00000000		53.498550	54.701983	47.998457	14.475185	47.223457	15.812020	47.995279	16.259465	48.768690	15.814771	49.538923	17.154358	51.084155	17.157110	52.629387	17.159861	53.404387	15.823027	52.632565	15.375581	52.634153	14.483441	51.088921	14.480689	50.318688	13.141102	49.545277	13.585796	49.543689	14.477937
112	#A0A0A0	#000000	#00000000	#00000000		53.498550	54.701983	47.998456	14.475184	47.228222	13.135598	46.454811	13.580293	46.453222	14.472434	44.907990	14.469683	44.132991	15.806518	43.357992	17.143353	44.128226	18.482939	44.901637	18.038245	45.673459	18.485690	46.448457	17.148855	47.993690	17.151606	47.995279	16.259465	47.223457	15.812020
113	#A0A0A0	#000000	#00000000	#00000000		53.498550	54.701983	43.357992	17.143353	41.812760	17.140602	41.811172	18.032743	42.582994	18.480189	41.807995	19.817024	42.578229	21.156610	43.348463	22.496196	44.893695	22.498947	44.895283	21.606807	45.668694	21.162112	44.898460	19.822526	45.673459	18.485690	44.901637	18.038245	44.128226	18.482939
114	#66ccff	#000000	#00000000	#00000000		53.498550	54.701983	49.538923	17.154358	48.768690	15.814771	47.995279	16.259465	47.993690	17.151606	46.448458	17.148854	45.673458	18.485689	44.898459	19.822523	45.668692	21.162109	46.442103	20.717415	47.213925	21.164861	47.988924	19.828027	49.534156	19.830779	49.535745	18.938638	48.763923	18.491192
115	#A0A0A0	#000000	#00000000	#00000000		53.498550	54.701983	54.169853	19.839034	54.944853	18.502200	54.173031	18.054754	53.399620	18.499448	52.629387	17.159861	51.084155	17.157110	49.538923	17.154358	48.763923	18.491192	49.535745	18.938638	49.534156	19.830779	51.079388	19.833530	51.849621	21.173117	52.623032	20.728423	52.624621	19.836282
116	#A0A0A0	#000000	#00000000	#00000000		53.498550	54.701983	52.629388	17.159862	53.399622	18.499448	54.173033	18.054753	54.174621	17.162613	55.719854	17.165364	56.494853	15.828528	57.269851	14.491693	56.499617	13.152107	55.726207	13.596802	54.954385	13.149356	54.179386	14.486191	52.634153	14.483441	52.632565	15.375581	53.404387	15.823027
117	#006699	#000000	#00000000	#00000000		53.498550	54.701983	46.438924	22.501696	45.668692	21.162109	46.442103	20.717415	47.213925	21.164862	47.988924	19.828027	49.534157	19.830780	51.079389	19.833533	51.849621	21.173120	51.076210	21.617814	51.074621	22.509954	49.529389	22.507201	48.754389	23.844036	47.982567	23.396589	47.984156	22.504449
118	#66ccff	#000000	#00000000	#00000000		53.498550	54.701983	43.348463	22.496196	42.573464	23.833031	43.345286	24.280477	44.118697	23.835782	44.888931	25.175368	46.434163	25.178119	47.979396	25.180870	48.754395	23.844035	47.982573	23.396589	47.984161	22.504449	46.438928	22.501698	45.668694	21.162112	44.895283	21.606807	44.893695	22.498947
119	#66ccff	#000000	#00000000	#00000000		53.498550	54.701983	52.619853	22.512706	51.849621	21.173120	51.076210	21.617814	51.074621	22.509954	49.529389	22.507201	48.754389	23.844036	47.979390	25.180871	48.749622	26.520457	49.523033	26.075763	50.294855	26.523210	51.069855	25.186375	52.615087	25.189128	52.616676	24.296987	51.844854	23.849541
120	#A0A0A0	#000000	#00000000	#00000000		53.498550	54.701983	54.160319	25.191880	55.705551	25.194633	55.707140	24.302492	54.935318	23.855045	55.710317	22.518211	54.940085	21.178624	54.169853	19.839038	52.624621	19.836285	52.623032	20.728426	51.849621	21.173120	52.619853	22.512706	51.844854	23.849541	52.616676	24.296987	53.390087	23.852293
121	#A0A0A0	#000000	#00000000	#00000000		53.498550	54.701983	54.160320	25.191880	53.390087	23.852293	52.616676	24.296987	52.615087	25.189128	51.069855	25.186376	50.294855	26.523211	49.519855	27.860045	50.290089	29.199632	51.063499	28.754938	51.835321	29.202383	52.610321	27.865549	54.155553	27.868301	54.157142	26.976160	53.385320	26.528714
122	#A0A0A0	#000000	#00000000	#00000000		53.498550	54.701983	49.519855	27.860046	47.974622	27.857295	47.973033	28.749436	48.744855	29.196882	47.969857	30.533717	48.740091	31.873303	49.510324	33.212889	51.055557	33.215640	51.057146	32.323499	51.830557	31.878805	51.060323	30.539219	51.835321	29.202383	51.063499	28.754938	50.290089	29.199632
123	#ffffff	#000000	#00000000	#00000000		53.498550	54.701983	49.519854	27.860047	50.294854	26.523213	49.523032	26.075767	48.749621	26.520461	47.979388	25.180875	46.434156	25.178123	44.888924	25.175371	44.113924	26.512205	44.885746	26.959651	44.884157	27.851792	46.429389	27.854544	47.199622	29.194130	47.973033	28.749436	47.974622	27.857295
124	#ffffff	#000000	#00000000	#00000000		53.498550	54.701983	44.888923	25.175370	44.118689	23.835784	43.345278	24.280479	43.343689	25.172620	41.798457	25.169869	41.023458	26.506704	40.248460	27.843539	41.018693	29.183125	41.792104	28.738430	42.563926	29.185876	43.338925	27.849041	44.884157	27.851792	44.885746	26.959651	44.113924	26.512205
125	#66ccff	#000000	#00000000	#00000000		53.498550	54.701983	40.248460	27.843539	38.703227	27.840788	38.701639	28.732929	39.473461	29.180374	38.698462	30.517210	39.468696	31.856796	40.238930	33.196382	41.784163	33.199133	41.785751	32.306992	42.559161	31.862298	41.788927	30.522711	42.563926	29.185876	41.792104	28.738430	41.018693	29.183125
126	#66ccff	#000000	#00000000	#00000000		53.498550	54.701983	46.429390	27.854543	44.884158	27.851791	44.882569	28.743931	45.654391	29.191378	44.879392	30.528212	45.649624	31.867799	46.419856	33.207386	47.965088	33.210138	47.966677	32.317998	48.740088	31.873304	47.969856	30.533717	48.744855	29.196883	47.973033	28.749436	47.199622	29.194130
127	#006699	#000000	#00000000	#00000000		53.498550	54.701983	43.329391	33.201881	41.784159	33.199128	41.785748	32.306988	42.559159	31.862294	41.788926	30.522707	42.563926	29.185872	43.338926	27.849038	44.884158	27.851791	44.882569	28.743931	45.654391	29.191378	44.879392	30.528212	45.649624	31.867799	44.876213	32.312493	44.104391	31.865046
128	#66ccff	#000000	#00000000	#00000000		53.498550	54.701983	41.779392	35.875550	42.549625	37.215137	43.323036	36.770443	43.324624	35.878302	44.869857	35.881055	45.644856	34.544220	46.419856	33.207386	45.649624	31.867799	44.876213	32.312493	44.104391	31.865046	43.329391	33.201881	41.784159	33.199128	41.782570	34.091269	42.554392	34.538715
129	#A0A0A0	#000000	#00000000	#00000000		53.498550	54.701983	37.148462	33.190873	36.373462	34.527707	37.145284	34.975153	37.918695	34.530459	38.688928	35.870045	40.234160	35.872797	41.779392	35.875549	42.554392	34.538715	41.782570	34.091269	41.784159	33.199128	40.238927	33.196376	39.468694	31.856790	38.695283	32.301484	38.693694	33.193625
130	#66ccff	#000000	#00000000	#00000000		53.498550	54.701983	38.688927	35.870045	37.918695	34.530459	37.145284	34.975153	37.143695	35.867294	35.598463	35.864541	34.823464	37.201375	34.048464	38.538210	34.818696	39.877796	35.592107	39.433102	36.363929	39.880549	37.138929	38.543714	38.684161	38.546467	38.685750	37.654327	37.913928	37.206880
131	#ffffff	#000000	#00000000	#00000000		53.498550	54.701983	30.957999	38.532706	31.728232	39.872293	32.501643	39.427599	32.503232	38.535458	34.048464	38.538210	34.823464	37.201375	35.598463	35.864541	34.828230	34.524954	34.054819	34.969648	33.282997	34.522202	32.507997	35.859036	30.962765	35.856284	30.961177	36.748425	31.732999	37.195872
132	#66ccff	#000000	#00000000	#00000000		53.498550	54.701983	32.507997	35.859036	33.282997	34.522202	32.511175	34.074756	31.737764	34.519450	30.967531	33.179864	29.422299	33.177112	27.877067	33.174360	27.102068	34.511194	27.873890	34.958640	27.872301	35.850781	29.417533	35.853533	30.187766	37.193119	30.961177	36.748425	30.962765	35.856284
133	#ffffff	#000000	#00000000	#00000000		53.498550	54.701983	26.327068	35.848030	27.872301	35.850781	27.873890	34.958640	27.102068	34.511194	27.877066	33.174359	27.106832	31.834773	26.336598	30.495187	24.791366	30.492436	24.789777	31.384577	24.016366	31.829272	24.786600	33.168858	24.011602	34.505693	24.783423	34.953139	25.556834	34.508444
134	#66ccff	#000000	#00000000	#00000000		53.498550	54.701983	20.146138	35.837027	20.916372	37.176613	21.689782	36.731918	21.691370	35.839777	23.236603	35.842528	24.011602	34.505693	24.786600	33.168858	24.016366	31.829272	23.242956	32.273966	22.471134	31.826521	21.696135	33.163356	20.150902	33.160605	20.149314	34.052746	20.921136	34.500191
135	#A0A0A0	#000000	#00000000	#00000000		53.498550	54.701983	15.515206	33.152354	14.740208	34.489189	15.512030	34.936635	16.285440	34.491940	17.055674	35.831526	18.600906	35.834276	20.146139	35.837026	20.921136	34.500191	20.149314	34.052746	20.150902	33.160605	18.605670	33.157855	17.835436	31.818269	17.062026	32.262964	17.060438	33.155104
136	#ffffff	#000000	#00000000	#00000000		53.498550	54.701983	15.515206	33.152354	14.744971	31.812768	13.971561	32.257463	13.969973	33.149603	12.424741	33.146853	11.649743	34.483688	10.874745	35.820523	11.644980	37.160109	12.418390	36.715415	13.190213	37.162860	13.965210	35.826025	15.510443	35.828775	15.512031	34.936635	14.740208	34.489189
137	#66ccff	#000000	#00000000	#00000000		53.498550	54.701983	7.784280	35.815022	8.554515	37.154608	9.327925	36.709914	9.329513	35.817773	10.874745	35.820523	11.649743	34.483688	12.424741	33.146853	11.654506	31.807267	10.881096	32.251962	10.109273	31.804516	9.334276	33.141352	7.789043	33.138602	7.787455	34.030742	8.559278	34.478187
138	#ffffff	#000000	#00000000	#00000000		53.498550	54.701983	3.153347	33.130350	2.378349	34.467186	3.150171	34.914631	3.923581	34.469937	4.693815	35.809523	6.239047	35.812273	7.784279	35.815023	8.559277	34.478188	7.787455	34.030742	7.789043	33.138602	6.243811	33.135852	5.473577	31.796265	4.700167	32.240960	4.698579	33.133100
139	#ffffff	#000000	#00000000	#00000000		53.498550	54.701983	-3.037111	38.472170	-2.266877	39.811756	-1.493466	39.367061	-1.491878	38.474921	0.053354	38.477672	0.828353	37.140836	1.603352	35.804001	0.833118	34.464415	0.059707	34.909110	-0.712115	34.461664	-1.487113	35.798499	-3.032346	35.795749	-3.033934	36.687889	-2.262112	37.135335
140	#66ccff	#000000	#00000000	#00000000		53.498550	54.701983	4.693815	35.809523	3.923581	34.469937	3.150171	34.914631	3.148583	35.806772	1.603350	35.804021	0.828352	37.140856	0.053353	38.477691	0.823587	39.817277	1.596997	39.372583	2.368819	39.820028	3.143817	38.483193	4.689050	38.485944	4.690638	37.593804	3.918816	37.146358
141	#A0A0A0	#000000	#00000000	#00000000		53.498550	54.701983	9.324749	38.494194	10.099747	37.157359	9.327924	36.709913	8.554514	37.154609	7.784279	35.815023	6.239047	35.812273	4.693815	35.809523	3.918817	37.146359	4.690640	37.593804	4.689052	38.485944	6.234284	38.488694	7.004519	39.828280	7.777929	39.383585	7.779517	38.491444
142	#ffffff	#000000	#00000000	#00000000		53.498550	54.701983	10.874744	35.820523	9.329512	35.817773	9.327924	36.709913	10.099747	37.157359	9.324749	38.494194	10.094984	39.833780	10.865218	41.173365	12.410451	41.176115	12.412039	40.283975	13.185449	39.839280	12.415214	38.499694	13.190212	37.162859	12.418389	36.715414	11.644979	37.160109
143	#66ccff	#000000	#00000000	#00000000		53.498550	54.701983	13.965210	35.826025	13.190213	37.162860	13.962035	37.610306	14.735444	37.165611	15.505678	38.505197	17.050911	38.507947	18.596143	38.510697	19.371141	37.173862	18.599319	36.726416	18.600907	35.834276	17.055675	35.831526	16.285441	34.491940	15.512031	34.936635	15.510443	35.828775
144	#006699	#000000	#00000000	#00000000		53.498550	54.701983	17.046147	41.184369	16.271148	42.521205	15.499327	42.073759	15.500915	41.181618	13.955682	41.178868	13.185448	39.839281	12.415214	38.499695	13.190213	37.162860	13.962035	37.610306	14.735444	37.165611	15.505678	38.505197	17.050911	38.507948	17.049323	39.400088	16.275913	39.844783
145	#ffffff	#000000	#00000000	#00000000		53.498550	54.701983	20.146139	35.837026	18.600907	35.834276	18.599319	36.726416	19.371141	37.173862	18.596143	38.510697	19.366377	39.850283	20.136611	41.189869	21.681843	41.192619	21.683431	40.300479	22.456841	39.855784	21.686607	38.516198	22.461605	37.179363	21.689783	36.731918	20.916373	37.176612
146	#66ccff	#000000	#00000000	#00000000		53.498550	54.701983	21.686606	38.516199	22.456840	39.855785	23.230251	39.411090	23.231840	38.518949	24.777073	38.521700	25.552071	37.184865	26.327070	35.848030	25.556836	34.508443	24.783425	34.953138	24.011603	34.505693	23.236605	35.842528	21.691372	35.839777	21.689783	36.731918	22.461605	37.179363
147	#006699	#000000	#00000000	#00000000		53.498550	54.701983	27.867537	38.527205	28.637770	39.866791	27.864359	40.311485	27.092537	39.864039	26.317537	41.200874	24.772305	41.198122	23.227073	41.195370	22.456840	39.855784	23.230251	39.411090	23.231840	38.518949	24.777072	38.521701	25.552072	37.184867	26.323893	37.632312	26.322305	38.524453
148	#66ccff	#000000	#00000000	#00000000		53.498550	54.701983	30.957999	38.532706	31.732999	37.195872	30.961177	36.748425	30.187766	37.193119	29.417534	35.853533	27.872301	35.850780	26.327069	35.848027	25.552069	37.184862	26.323892	37.632308	26.322303	38.524449	27.867535	38.527202	28.637767	39.866788	29.411178	39.422094	29.412767	38.529953
149	#A0A0A0	#000000	#00000000	#00000000		53.498550	54.701983	30.948465	43.885548	32.493697	43.888301	32.495286	42.996161	31.723464	42.548714	32.498463	41.211879	31.728231	39.872293	30.957999	38.532706	29.412767	38.529953	29.411178	39.422094	28.637767	39.866788	29.407999	41.206375	28.633000	42.543209	29.404822	42.990656	30.178233	42.545962
150	#66ccff	#000000	#00000000	#00000000		53.498550	54.701983	34.038929	43.891053	35.584161	43.893806	35.585750	43.001665	34.813928	42.554219	35.588928	41.217384	34.818695	39.877798	34.048463	38.538211	32.503231	38.535458	32.501642	39.427599	31.728231	39.872293	32.498463	41.211879	31.723464	42.548714	32.495286	42.996161	33.268697	42.551467
151	#006699	#000000	#00000000	#00000000		53.498550	54.701983	37.138928	38.543716	38.684160	38.546468	38.682572	39.438609	37.909161	39.883303	38.679393	41.222889	37.904393	42.559724	37.129393	43.896559	35.584161	43.893806	35.585750	43.001665	34.813928	42.554219	35.588928	41.217384	34.818695	39.877798	35.592106	39.433104	36.363928	39.880550
152	#66ccff	#000000	#00000000	#00000000		53.498550	54.701983	40.219858	43.902063	41.765091	43.904816	41.766679	43.012675	40.994857	42.565229	41.769857	41.228394	40.999625	39.888808	40.229393	38.549221	38.684160	38.546468	38.682572	39.438609	37.909161	39.883303	38.679393	41.222889	37.904393	42.559724	38.676215	43.007171	39.449626	42.562477
153	#A0A0A0	#000000	#00000000	#00000000		53.498550	54.701983	43.319858	38.554723	44.094857	37.217888	43.323036	36.770443	42.549625	37.215137	41.779392	35.875550	40.234160	35.872798	38.688928	35.870046	37.913928	37.206881	38.685750	37.654327	38.684161	38.546467	40.229393	38.549219	40.999626	39.888806	41.773037	39.444112	41.774626	38.551971
154	#ffffff	#000000	#00000000	#00000000		53.498550	54.701983	44.869857	35.881053	43.324624	35.878302	43.323036	36.770443	44.094857	37.217888	43.319859	38.554724	44.090093	39.894310	44.860327	41.233896	46.405559	41.236647	46.407148	40.344506	47.180559	39.899811	46.410325	38.560225	47.185324	37.223390	46.413502	36.775944	45.640091	37.220639
155	#ffffff	#000000	#00000000	#00000000		53.498550	54.701983	49.510320	33.212884	48.740086	31.873298	47.966675	32.317993	47.965087	33.210133	46.419854	33.207382	45.644856	34.544218	44.869857	35.881053	45.640091	37.220639	46.413502	36.775944	47.185324	37.223390	47.960322	35.886555	49.505555	35.889305	49.507143	34.997165	48.735321	34.549719
156	#66ccff	#000000	#00000000	#00000000		53.498550	54.701983	49.510320	33.212884	48.735321	34.549719	49.507143	34.997165	50.280553	34.552470	51.050787	35.892056	52.596020	35.894807	54.141253	35.897558	54.916251	34.560723	54.144429	34.113277	54.146018	33.221136	52.600786	33.218386	51.830552	31.878799	51.057141	32.323494	51.055552	33.215635
157	#66ccff	#000000	#00000000	#00000000		53.498550	54.701983	47.960322	35.886555	47.185325	37.223390	47.957147	37.670836	48.730556	37.226141	49.500790	38.565728	51.046023	38.568478	52.591255	38.571228	53.366253	37.234393	52.594431	36.786947	52.596019	35.894806	51.050787	35.892056	50.280553	34.552470	49.507143	34.997165	49.505555	35.889305
158	#006699	#000000	#00000000	#00000000		53.498550	54.701983	51.041258	41.244900	50.266260	42.581735	49.494438	42.134289	49.496027	41.242149	47.950794	41.239398	47.180560	39.899812	46.410326	38.560226	47.185325	37.223390	47.957147	37.670836	48.730557	37.226141	49.500791	38.565727	51.046024	38.568478	51.044435	39.460619	50.271024	39.905314
159	#66ccff	#000000	#00000000	#00000000		53.498550	54.701983	52.581726	43.924072	54.126959	43.926823	54.128547	43.034683	53.356725	42.587237	54.131723	41.250402	53.361490	39.910815	52.591256	38.571229	51.046023	38.568478	51.044435	39.460619	50.271024	39.905314	51.041258	41.244900	50.266260	42.581735	51.038082	43.029181	51.811492	42.584486
160	#A0A0A0	#000000	#00000000	#00000000		53.498550	54.701983	47.941263	46.592241	48.711497	47.931827	49.484907	47.487132	49.486496	46.594992	51.031729	46.597743	51.806728	45.260907	52.581726	43.924072	51.811492	42.584486	51.038082	43.029181	50.266260	42.581735	49.491261	43.918570	47.946028	43.915819	47.944440	44.807960	48.716261	45.255406
161	#66ccff	#000000	#00000000	#00000000		53.498550	54.701983	51.031728	46.597744	49.486496	46.594992	49.484907	47.487132	50.256729	47.934578	49.481730	49.271413	50.251963	50.610999	51.022196	51.950585	52.567428	51.953337	52.569017	51.061197	53.342427	50.616503	52.572194	49.276916	53.347194	47.940082	52.575372	47.492636	51.801961	47.937330
162	#ffffff	#000000	#00000000	#00000000		53.498550	54.701983	49.472196	54.624254	51.017429	54.627006	51.019018	53.734866	50.247196	53.287420	51.022196	51.950585	50.251963	50.610999	49.481730	49.271413	47.936497	49.268661	47.934908	50.160801	47.161497	50.605495	47.931730	51.945082	47.156730	53.281916	47.928552	53.729362	48.701963	53.284668
163	#ffffff	#000000	#00000000	#00000000		53.498550	54.701983	49.481731	49.271413	50.256729	47.934578	49.484907	47.487132	48.711497	47.931827	47.941263	46.592241	46.396030	46.589490	44.850798	46.586739	44.075799	47.923575	44.847621	48.371020	44.846033	49.263161	46.391265	49.265912	47.161499	50.605498	47.934910	50.160803	47.936498	49.268662
164	#A0A0A0	#000000	#00000000	#00000000		53.498550	54.701983	43.310330	43.907567	42.535331	45.244402	43.307153	45.691848	44.080564	45.247153	44.850798	46.586739	46.396030	46.589490	47.941263	46.592241	48.716261	45.255406	47.944440	44.807960	47.946027	43.915820	46.400795	43.913069	45.630561	42.573483	44.857150	43.018178	44.855562	43.910318
165	#66ccff	#000000	#00000000	#00000000		53.498550	54.701983	44.860327	41.233897	44.085328	42.570732	44.857150	43.018178	45.630561	42.573483	46.400795	43.913069	47.946027	43.915820	49.491260	43.918571	50.266259	42.581735	49.494437	42.134290	49.496025	41.242149	47.950792	41.239398	47.180558	39.899812	46.407148	40.344507	46.405560	41.236647
166	#A0A0A0	#000000	#00000000	#00000000		53.498550	54.701983	43.310330	43.907567	44.855562	43.910318	44.857150	43.018178	44.085328	42.570732	44.860327	41.233897	44.090093	39.894310	43.319859	38.554724	41.774626	38.551974	41.773038	39.444114	40.999628	39.888809	41.769862	41.228395	40.994863	42.565230	41.766685	43.012676	42.540096	42.567981
167	#A0A0A0	#000000	#00000000	#00000000		53.498550	54.701983	43.310330	43.907567	42.540096	42.567981	41.766685	43.012676	41.765097	43.904816	40.219864	43.902065	39.444866	45.238901	38.669867	46.575736	39.440101	47.915322	40.213512	47.470627	40.985334	47.918073	41.760332	46.581238	43.305565	46.583988	43.307153	45.691848	42.535331	45.244402
168	#66ccff	#000000	#00000000	#00000000		53.498550	54.701983	44.850797	46.586740	44.080563	45.247153	43.307153	45.691848	43.305565	46.583988	41.760333	46.581238	40.985335	47.918074	40.210337	49.254909	40.980571	50.594495	41.753981	50.149800	42.525803	50.597246	43.300800	49.260411	44.846033	49.263161	44.847621	48.371020	44.075799	47.923575
169	#006699	#000000	#00000000	#00000000		53.498550	54.701983	41.750804	51.934081	40.980570	50.594495	41.753981	50.149800	42.525803	50.597246	43.300801	49.260410	44.846034	49.263161	46.391267	49.265912	47.161500	50.605498	46.388090	51.050193	46.386501	51.942334	44.841268	51.939583	44.066270	53.276418	43.294448	52.828972	43.296037	51.936832
170	#66ccff	#000000	#00000000	#00000000		53.498550	54.701983	47.931729	51.945081	47.161495	50.605495	46.388084	51.050190	46.386496	51.942331	44.841263	51.939580	44.066264	53.276415	43.291266	54.613250	44.061500	55.952836	44.834910	55.508141	45.606732	55.955587	46.381731	54.618752	47.926963	54.621503	47.928552	53.729362	47.156730	53.281916
171	#66ccff	#000000	#00000000	#00000000		53.498550	54.701983	38.660340	51.928576	37.885340	53.265411	38.657162	53.712857	39.430573	53.268163	40.200806	54.607749	41.746038	54.610501	43.291270	54.613253	44.066270	53.276418	43.294448	52.828972	43.296037	51.936832	41.750805	51.934080	40.980572	50.594494	40.207161	51.039188	40.205572	51.931328
172	#A0A0A0	#000000	#00000000	#00000000		53.498550	54.701983	38.669874	46.575733	37.124642	46.572981	37.123053	47.465121	37.894875	47.912568	37.119875	49.249402	37.890107	50.588989	38.660340	51.928575	40.205572	51.931328	40.207161	51.039188	40.980572	50.594494	40.210339	49.254907	40.985339	47.918072	40.213517	47.470626	39.440106	47.915320
173	#ffffff	#000000	#00000000	#00000000		53.498550	54.701983	35.579409	46.570229	36.349642	47.909815	37.123053	47.465121	37.124642	46.572981	38.669874	46.575732	39.444873	45.238898	40.219873	43.902063	39.449640	42.562477	38.676229	43.007171	37.904407	42.559725	37.129407	43.896560	35.584175	43.893808	35.582587	44.785948	36.354409	45.233394
174	#ffffff	#000000	#00000000	#00000000		53.498550	54.701983	30.948479	43.885552	30.173479	45.222387	30.945301	45.669833	31.718712	45.225139	32.488945	46.564725	34.034177	46.567477	35.579409	46.570229	36.354409	45.233394	35.582587	44.785948	35.584175	43.893808	34.038944	43.891056	33.268710	42.551470	32.495300	42.996164	32.493711	43.888304
175	#A0A0A0	#000000	#00000000	#00000000		53.498550	54.701983	26.308001	46.553713	27.078234	47.893299	27.851644	47.448605	27.853233	46.556465	29.398465	46.559218	30.173465	45.222383	30.948465	43.885548	30.178233	42.545962	29.404822	42.990656	28.633000	42.543209	27.858000	43.880044	26.312768	43.877291	26.311179	44.769432	27.083001	45.216878
176	#66ccff	#000000	#00000000	#00000000		53.498550	54.701983	24.767535	43.874539	25.537768	45.214126	26.311179	44.769432	26.312768	43.877291	27.858000	43.880043	28.632999	42.543208	29.407999	41.206374	28.637766	39.866787	27.864355	40.311481	27.092533	39.864036	26.317534	41.200870	24.772302	41.198118	24.770713	42.090259	25.542535	42.537705
177	#ffffff	#000000	#00000000	#00000000		53.498550	54.701983	20.136605	41.189863	19.361605	42.526697	20.133427	42.974143	20.906838	42.529449	21.677071	43.869035	23.222303	43.871787	24.767535	43.874539	25.542535	42.537705	24.770713	42.090259	24.772302	41.198118	23.227070	41.195366	22.456837	39.855780	21.683426	40.300474	21.681837	41.192615
178	#66ccff	#000000	#00000000	#00000000		53.498550	54.701983	18.586606	43.863533	20.131838	43.866284	20.133427	42.974143	19.361605	42.526697	20.136604	41.189862	19.366370	39.850276	18.596136	38.510690	17.050903	38.507939	17.049314	39.400080	16.275904	39.844774	17.046138	41.184361	16.271139	42.521196	17.042961	42.968642	17.816372	42.523947
179	#66ccff	#000000	#00000000	#00000000		53.498550	54.701983	10.865218	41.173365	10.090220	42.510200	10.862041	42.957646	11.635451	42.512951	12.405685	43.852537	13.950918	43.855288	15.496150	43.858039	16.271149	42.521203	15.499327	42.073758	15.500915	41.181617	13.955683	41.178866	13.185449	39.839280	12.412039	40.283975	12.410451	41.176115
180	#A0A0A0	#000000	#00000000	#00000000		53.498550	54.701983	9.315220	43.847035	10.860453	43.849786	10.862041	42.957646	10.090220	42.510200	10.865218	41.173365	10.094984	39.833778	9.324750	38.494192	7.779518	38.491441	7.777929	39.383582	7.004518	39.828277	7.774752	41.167863	6.999753	42.504698	7.771575	42.952144	8.544986	42.507449
181	#66ccff	#000000	#00000000	#00000000		53.498550	54.701983	6.224754	43.841534	7.769987	43.844285	7.771575	42.952144	6.999753	42.504698	7.774752	41.167863	7.004518	39.828277	6.234284	38.488691	4.689052	38.485940	4.687463	39.378081	3.914052	39.822775	4.684286	41.162362	3.909287	42.499197	4.681109	42.946643	5.454520	42.501948
182	#006699	#000000	#00000000	#00000000		53.498550	54.701983	3.143818	38.483189	4.689051	38.485940	4.687463	39.378081	3.914052	39.822775	4.684286	41.162362	3.909287	42.499197	3.134289	43.836032	1.589056	43.833281	1.590644	42.941141	0.818822	42.493695	1.593821	41.156860	0.823587	39.817274	1.596998	39.372579	2.368819	39.820025
183	#ffffff	#000000	#00000000	#00000000		53.498550	54.701983	1.584291	46.509703	2.354525	47.849289	3.127935	47.404594	3.129524	46.512453	4.674757	46.515204	5.449755	45.178369	6.224754	43.841534	5.454520	42.501948	4.681109	42.946643	3.909287	42.499197	3.134289	43.836032	1.589056	43.833281	1.587467	44.725422	2.359289	45.172867
184	#A0A0A0	#000000	#00000000	#00000000		53.498550	54.701983	9.315220	43.847035	8.544986	42.507449	7.771575	42.952144	7.769987	43.844284	6.224755	43.841534	5.449756	45.178369	4.674758	46.515204	5.444991	47.854790	6.218402	47.410095	6.990224	47.857541	7.765223	46.520706	9.310455	46.523457	9.312043	45.631316	8.540221	45.183870
185	#A0A0A0	#000000	#00000000	#00000000		53.498550	54.701983	9.315220	43.847035	8.540221	45.183870	9.312043	45.631316	10.085454	45.186621	10.855688	46.526207	12.400921	46.528958	13.946153	46.531709	14.721152	45.194874	13.949330	44.747428	13.950919	43.855288	12.405686	43.852537	11.635452	42.512951	10.862041	42.957646	10.860453	43.849786
186	#A0A0A0	#000000	#00000000	#00000000		53.498550	54.701983	13.946152	46.531709	14.716385	47.871295	15.489796	47.426601	15.491385	46.534460	17.036617	46.537212	17.811617	45.200378	18.586616	43.863543	17.816383	42.523957	17.042972	42.968651	16.271150	42.521205	15.496151	43.858040	13.950919	43.855288	13.949330	44.747428	14.721152	45.194874
187	#A0A0A0	#000000	#00000000	#00000000		53.498550	54.701983	21.677081	43.869047	20.906848	42.529460	20.133437	42.974154	20.131848	43.866295	18.586616	43.863543	17.811617	45.200378	17.036617	46.537212	17.806850	47.876799	18.580261	47.432105	19.352083	47.879551	20.127083	46.542717	21.672315	46.545468	21.673904	45.653328	20.902081	45.205881
188	#A0A0A0	#000000	#00000000	#00000000		53.498550	54.701983	26.308011	46.553726	27.083011	45.216891	26.311189	44.769445	25.537778	45.214139	24.767545	43.874552	23.222313	43.871799	21.677081	43.869047	20.902081	45.205881	21.673904	45.653328	21.672315	46.545468	23.217547	46.548221	23.987779	47.887808	24.761190	47.443114	24.762779	46.550973
189	#A0A0A0	#000000	#00000000	#00000000		53.498550	54.701983	26.308001	46.553713	24.762769	46.550960	24.761180	47.443101	25.533002	47.890547	24.758003	49.227382	25.528235	50.566968	26.298467	51.906555	27.843699	51.909308	27.845288	51.017167	28.618699	50.572473	27.848467	49.232887	28.623467	47.896052	27.851644	47.448605	27.078234	47.893299
190	#66ccff	#000000	#00000000	#00000000		53.498550	54.701983	27.848467	49.232887	28.618699	50.572473	29.392110	50.127779	29.393699	49.235638	30.938931	49.238391	31.713931	47.901557	32.488930	46.564722	31.718698	45.225136	30.945287	45.669830	30.173465	45.222383	29.398465	46.559218	27.853233	46.556465	27.851644	47.448605	28.623467	47.896052
191	#66ccff	#000000	#00000000	#00000000		53.498550	54.701983	37.119875	49.249401	37.894875	47.912567	37.123053	47.465121	36.349642	47.909815	35.579409	46.570229	34.034177	46.567477	32.488945	46.564725	31.713945	47.901559	32.485767	48.349005	32.484178	49.241146	34.029410	49.243898	34.799643	50.583484	35.573054	50.138790	35.574643	49.246649
192	#006699	#000000	#00000000	#00000000		53.498550	54.701983	34.029410	49.243898	34.799643	50.583484	34.026232	51.028178	33.254410	50.580732	32.479411	51.917567	30.934179	51.914815	29.388947	51.912063	28.618714	50.572477	29.392125	50.127783	29.393713	49.235642	30.938945	49.238394	31.713945	47.901559	32.485767	48.349005	32.484178	49.241146
193	#A0A0A0	#000000	#00000000	#00000000		53.498550	54.701983	26.298467	51.906555	25.523467	53.243389	26.295290	53.690836	27.068700	53.246142	27.838933	54.585729	29.384165	54.588481	30.929397	54.591234	31.704397	53.254400	30.932575	52.806953	30.934163	51.914812	29.388931	51.912060	28.618699	50.572473	27.845288	51.017167	27.843699	51.909308
194	#66ccff	#000000	#00000000	#00000000		53.498550	54.701983	30.929397	54.591233	31.699630	55.930820	32.473041	55.486126	32.474630	54.593985	34.019862	54.596737	34.794861	53.259902	35.569861	51.923068	34.799628	50.583481	34.026217	51.028175	33.254395	50.580730	32.479395	51.917564	30.934163	51.914812	30.932575	52.806953	31.704397	53.254399
195	#ffffff	#000000	#00000000	#00000000		53.498550	54.701983	37.110341	54.602244	38.655573	54.604997	38.657162	53.712857	37.885340	53.265410	38.660340	51.928575	37.890107	50.588989	37.119875	49.249402	35.574643	49.246649	35.573054	50.138790	34.799643	50.583484	35.569876	51.923071	34.794876	53.259905	35.566698	53.707352	36.340109	53.262658
196	#ffffff	#000000	#00000000	#00000000		53.498550	54.701983	32.469863	57.270406	33.240096	58.609992	34.013507	58.165298	34.015096	57.273158	35.560328	57.275910	36.335327	55.939075	37.110327	54.602240	36.340094	53.262654	35.566683	53.707348	34.794861	53.259902	34.019862	54.596737	32.474630	54.593985	32.473041	55.486126	33.244863	55.933571
197	#66ccff	#000000	#00000000	#00000000		53.498550	54.701983	55.653128	54.635259	56.428126	53.298423	55.656305	52.850978	54.882894	53.295672	54.112660	51.956086	52.567427	51.953335	51.022195	51.950585	50.247196	53.287420	51.019018	53.734866	51.017429	54.627006	52.562662	54.629757	53.332896	55.969343	54.106306	55.524648	54.107895	54.632508
198	#ffffff	#000000	#00000000	#00000000		53.498550	54.701983	24.748469	54.580224	26.293701	54.582977	26.295290	53.690836	25.523467	53.243389	26.298467	51.906555	25.528235	50.566968	24.758003	49.227382	23.212771	49.224629	23.211182	50.116770	22.437771	50.561464	23.208003	51.901050	22.433003	53.237885	23.204825	53.685331	23.978236	53.240637
199	#66ccff	#000000	#00000000	#00000000		53.498550	54.701983	24.758003	49.227382	25.533002	47.890547	24.761180	47.443101	23.987769	47.887795	23.217537	46.548208	21.672305	46.545455	20.127073	46.542702	19.352073	47.879537	20.123895	48.326984	20.122306	49.219124	21.667539	49.221877	22.437771	50.561464	23.211182	50.116770	23.212771	49.224629
200	#006699	#000000	#00000000	#00000000		53.498550	54.701983	18.577074	49.216372	19.352073	47.879538	20.123895	48.326984	20.122306	49.219124	21.667538	49.221876	22.437771	50.561462	23.208005	51.901049	22.433005	53.237883	21.661183	52.790438	20.887772	53.235132	20.117539	51.895545	18.572307	51.892793	18.573896	51.000653	19.347307	50.555959
201	#66ccff	#000000	#00000000	#00000000		53.498550	54.701983	17.036618	46.537212	15.491386	46.534459	15.489797	47.426600	16.261619	47.874046	15.486619	49.210881	16.256851	50.550468	17.027084	51.890054	18.572316	51.892807	18.573905	51.000666	19.347315	50.555972	18.577083	49.216386	19.352083	47.879551	18.580261	47.432105	17.806850	47.876799
202	#66ccff	#000000	#00000000	#00000000		53.498550	54.701983	21.658005	54.574719	22.433005	53.237884	21.661183	52.790438	20.887772	53.235132	20.117540	51.895545	18.572308	51.892792	17.027075	51.890040	16.252076	53.226874	17.023898	53.674321	17.022309	54.566461	18.567541	54.569214	19.337773	55.908801	20.111184	55.464107	20.112773	54.571966
203	#ffffff	#000000	#00000000	#00000000		53.498550	54.701983	15.477077	54.563709	17.022309	54.566461	17.023898	53.674321	16.252076	53.226874	17.027075	51.890040	16.256843	50.550453	15.486611	49.210866	13.941379	49.208114	13.939790	50.100254	13.166379	50.544948	13.936611	51.884535	13.161612	53.221369	13.933434	53.668816	14.706845	53.224122
204	#ffffff	#000000	#00000000	#00000000		53.498550	54.701983	15.486611	49.210866	16.261610	47.874031	15.489789	47.426585	14.716378	47.871279	13.946145	46.531693	12.400913	46.528941	10.855681	46.526189	10.080681	47.863024	10.852503	48.310469	10.850914	49.202610	12.396146	49.205362	13.166379	50.544948	13.939790	50.100254	13.941379	49.208114
205	#66ccff	#000000	#00000000	#00000000		53.498550	54.701983	10.855680	46.526188	10.085446	45.186602	9.312035	45.631297	9.310446	46.523438	7.765213	46.520687	6.990215	47.857522	6.215216	49.194357	6.985450	50.533944	7.758861	50.089249	8.530683	50.536694	9.305681	49.199859	10.850914	49.202610	10.852503	48.310469	10.080681	47.863024
206	#006699	#000000	#00000000	#00000000		53.498550	54.701983	7.755684	51.873530	6.985450	50.533944	7.758861	50.089249	8.530683	50.536694	9.305681	49.199859	10.850914	49.202610	12.396147	49.205361	13.166381	50.544947	12.392970	50.989642	12.391381	51.881782	10.846148	51.879032	10.071150	53.215867	9.299328	52.768421	9.300917	51.876280
207	#66ccff	#000000	#00000000	#00000000		53.498550	54.701983	13.936611	51.884535	13.166379	50.544948	12.392968	50.989642	12.391379	51.881783	10.846147	51.879030	10.071147	53.215865	9.296148	54.552699	10.066380	55.892286	10.839791	55.447592	11.611613	55.895038	12.386613	54.558204	13.931845	54.560957	13.933434	53.668816	13.161612	53.221369
208	#66ccff	#000000	#00000000	#00000000		53.498550	54.701983	4.665220	51.868025	3.890220	53.204859	4.662042	53.652305	5.435453	53.207611	6.205686	54.547198	7.750918	54.549949	9.296150	54.552701	10.071150	53.215867	9.299328	52.768421	9.300917	51.876280	7.755685	51.873529	6.985452	50.533942	6.212041	50.978636	6.210452	51.870777
209	#A0A0A0	#000000	#00000000	#00000000		53.498550	54.701983	4.674754	46.515182	3.129522	46.512429	3.127933	47.404570	3.899755	47.852016	3.124755	49.188851	3.894988	50.528437	4.665220	51.868024	6.210452	51.870777	6.212041	50.978636	6.985452	50.533942	6.215219	49.194356	6.990219	47.857521	6.218397	47.410074	5.444986	47.854768
210	#ffffff	#000000	#00000000	#00000000		53.498550	54.701983	3.115220	54.541692	4.660452	54.544445	4.662041	53.652305	3.890220	53.204858	4.665220	51.868024	3.894988	50.528437	3.124755	49.188851	1.579523	49.186098	1.577934	50.078239	0.804523	50.522933	1.574756	51.862519	0.799756	53.199353	1.571577	53.646800	2.344988	53.202106
211	#66ccff	#000000	#00000000	#00000000		53.498550	54.701983	3.124755	49.188851	3.899755	47.852016	3.127933	47.404570	2.354522	47.849264	1.584290	46.509677	0.039058	46.506924	-1.506175	46.504172	-2.281174	47.841006	-1.509352	48.288453	-1.510941	49.180593	0.034291	49.183346	0.804523	50.522933	1.577934	50.078239	1.579523	49.186098
212	#ffffff	#000000	#00000000	#00000000		53.498550	54.701983	-3.046643	43.825029	-3.821641	45.161864	-3.049819	45.609310	-2.276409	45.164615	-1.506175	46.504201	0.039058	46.506952	1.584291	46.509703	2.359289	45.172867	1.587467	44.725422	1.589056	43.833281	0.043824	43.830530	-0.726410	42.490944	-1.499821	42.935639	-1.501410	43.827780
213	#66ccff	#000000	#00000000	#00000000		53.498550	54.701983	0.043824	43.830530	1.589056	43.833281	1.590644	42.941141	0.818822	42.493695	1.593821	41.156860	0.823587	39.817274	0.053353	38.477688	-1.491880	38.474937	-1.493468	39.367077	-2.266878	39.811772	-1.496644	41.151358	-2.271643	42.488193	-1.499821	42.935639	-0.726410	42.490944
214	#006699	#000000	#00000000	#00000000		53.498550	54.701983	4.751002	3.692450	3.205770	3.689696	3.207360	2.797556	3.980771	2.352863	3.210540	1.013275	3.985540	-0.323559	4.760541	-1.660393	6.305774	-1.657639	6.304184	-0.765499	7.076005	-0.318052	6.301004	1.018782	7.071236	2.358369	6.297825	2.803063	5.526003	2.355616
215	#66ccff	#000000	#00000000	#00000000		53.498550	54.701983	7.851002	-1.654887	6.305770	-1.657640	6.304181	-0.765499	7.076003	-0.318053	6.301003	1.018782	7.071235	2.358369	7.841468	3.697955	9.386700	3.700708	9.388289	2.808567	10.161700	2.363873	9.391467	1.024287	10.166467	-0.312548	9.394645	-0.759994	8.621234	-0.315300
216	#A0A0A0	#000000	#00000000	#00000000		53.498550	54.701983	10.941465	-1.649383	9.396233	-1.652136	9.394644	-0.759995	10.166466	-0.312548	9.391466	1.024286	10.161699	2.363873	10.931931	3.703459	12.477163	3.706212	12.478752	2.814071	13.252163	2.369377	12.481930	1.029791	13.256930	-0.307044	12.485108	-0.754490	11.711697	-0.309796
217	#ffffff	#000000	#00000000	#00000000		53.498550	54.701983	43.386585	1.084829	44.161585	-0.252006	43.389763	-0.699452	42.616352	-0.254758	41.846119	-1.594344	40.300887	-1.597096	38.755655	-1.599848	37.980655	-0.263013	38.752477	0.184432	38.750888	1.076573	40.296120	1.079325	41.066353	2.418911	41.839764	1.974217	41.841353	1.082077
218	#66ccff	#000000	#00000000	#00000000		53.498550	54.701983	44.936581	-1.588844	43.391348	-1.591595	43.389760	-0.699455	44.161582	-0.252009	43.386583	1.084826	44.156817	2.424412	44.927051	3.763998	46.472284	3.766749	46.473872	2.874609	47.247282	2.429914	46.477048	1.090328	47.252046	-0.246507	46.480225	-0.693953	45.706815	-0.249258
219	#66ccff	#000000	#00000000	#00000000		53.498550	54.701983	52.657979	1.101331	53.432978	-0.235504	52.661156	-0.682950	51.887745	-0.238255	51.117511	-1.577841	49.572279	-1.580592	48.027046	-1.583343	47.252047	-0.246507	48.023869	0.200938	48.022281	1.093079	49.567514	1.095830	50.337748	2.435416	51.111159	1.990721	51.112746	1.098581
220	#66ccff	#000000	#00000000	#00000000		53.498550	54.701983	38.755654	-1.599847	37.985420	-2.939433	37.212010	-2.494738	37.210421	-1.602597	35.665188	-1.605348	34.890189	-0.268513	34.115191	1.068322	34.885425	2.407908	35.658835	1.963213	36.430657	2.410659	37.205656	1.073824	38.750889	1.076575	38.752477	0.184434	37.980656	-0.263012
221	#66ccff	#000000	#00000000	#00000000		53.498550	54.701983	14.031930	-1.643878	13.256930	-0.307044	14.028752	0.140403	14.802163	-0.304291	15.572395	1.035295	17.117628	1.038048	18.662860	1.040801	19.437859	-0.296034	18.666037	-0.743480	18.667626	-1.635621	17.122394	-1.638374	16.352162	-2.977960	15.578751	-2.533266	15.577162	-1.641126
222	#66ccff	#000000	#00000000	#00000000		53.498550	54.701983	1.670077	-1.665899	0.124844	-1.668653	0.123254	-0.776513	0.895076	-0.329066	0.120075	1.007767	0.890306	2.347355	1.660538	3.686942	3.205770	3.689696	3.207360	2.797556	3.980771	2.352863	3.210540	1.013275	3.985541	-0.323558	3.213719	-0.771005	2.440308	-0.326311
223	#66ccff	#000000	#00000000	#00000000		53.498550	54.701983	21.753324	1.046306	22.523558	2.385892	23.296969	1.941197	23.298557	1.049056	24.843790	1.051807	25.618789	-0.285028	26.393787	-1.621863	25.623553	-2.961449	24.850143	-2.516754	24.078321	-2.964200	23.303322	-1.627365	21.758089	-1.630116	21.756501	-0.737975	22.528323	-0.290529
224	#ffffff	#000000	#00000000	#00000000		53.498550	54.701983	55.672193	43.929579	54.901960	42.589992	54.128550	43.034686	54.126961	43.926827	52.581729	43.924074	51.806729	45.260909	51.031729	46.597743	51.801961	47.937330	52.575372	47.492636	53.347194	47.940083	54.122194	46.603248	55.667426	46.606001	55.669015	45.713860	54.897193	45.266414
225	#006699	#000000	#00000000	#00000000		53.498550	54.701983	52.572195	49.276916	53.347195	47.940081	54.119017	48.387528	54.117428	49.279669	55.662660	49.282421	56.432893	50.622008	57.203125	51.961595	56.428125	53.298429	55.656303	52.850983	54.882892	53.295677	54.112660	51.956090	52.567428	51.953337	52.569017	51.061197	53.342427	50.616503
226	#ffffff	#000000	#00000000	#00000000		53.498550	54.701983	54.141251	35.897556	52.596019	35.894806	52.594431	36.786947	53.366253	37.234393	52.591255	38.571228	53.361489	39.910814	54.131723	41.250400	55.676955	41.253150	55.678543	40.361009	56.451953	39.916315	55.681719	38.576729	56.456717	37.239894	55.684895	36.792448	54.911485	37.237143
227	#006699	#000000	#00000000	#00000000		53.498550	54.701983	52.600786	33.218386	51.830552	31.878799	52.603962	31.434105	53.375784	31.881550	54.150783	30.544715	55.696016	30.547466	57.241248	30.550217	58.011482	31.889803	57.238071	32.334498	57.236483	33.226638	55.691251	33.223887	54.916252	34.560722	54.144430	34.113277	54.146018	33.221136
228	#66ccff	#000000	#00000000	#00000000		53.498550	54.701983	55.700785	27.871050	54.930551	26.531464	54.157141	26.976158	54.155553	27.868299	52.610320	27.865548	51.835321	29.202383	51.060323	30.539219	51.830557	31.878805	52.603967	31.434110	53.375789	31.881555	54.150788	30.544720	55.696021	30.547471	55.697608	29.655331	54.925787	29.207885
229	#A0A0A0	#000000	#00000000	#00000000		53.498550	54.701983	55.738915	6.459676	57.284148	6.462427	57.285736	5.570286	56.513914	5.122840	57.288913	3.786005	56.518679	2.446419	55.748445	1.106833	54.203213	1.104082	54.201624	1.996223	53.428213	2.440918	54.198447	3.780504	53.423448	5.117339	54.195270	5.564785	54.968681	5.120090
230	#66ccff	#000000	#00000000	#00000000		53.498550	54.701983	54.131723	41.250402	53.356725	42.587237	54.128547	43.034683	54.901957	42.589988	55.672191	43.929574	57.217424	43.932325	58.762657	43.935075	59.537655	42.598240	58.765833	42.150794	58.767421	41.258654	57.222189	41.255903	56.451955	39.916317	55.678544	40.361012	55.676956	41.253152
231	#006699	#000000	#00000000	#00000000		53.498550	54.701983	0.034291	49.183346	0.804523	50.522933	0.031112	50.967627	-0.740709	50.520180	-1.515709	51.857014	-3.060941	51.854261	-4.606173	51.851508	-5.376405	50.511922	-4.602994	50.067228	-4.601406	49.175087	-3.056173	49.177840	-2.281173	47.841006	-1.509352	48.288453	-1.510941	49.180593
232	#ffffff	#000000	#00000000	#00000000		53.498550	54.701983	-1.525247	57.209854	-0.755015	58.549442	0.018396	58.104748	0.019986	57.212609	1.565218	57.215362	2.340219	55.878528	3.115220	54.541694	2.344988	53.202107	1.571577	53.646800	0.799756	53.199353	0.024755	54.536187	-1.520478	54.533433	-1.522067	55.425573	-0.750246	55.873020
233	#66ccff	#000000	#00000000	#00000000		53.498550	54.701983	-3.065711	54.530681	-2.295480	55.870269	-1.522069	55.425575	-1.520479	54.533435	0.024754	54.536189	0.799754	53.199355	1.574755	51.862521	0.804524	50.522934	0.031112	50.967627	-0.740709	50.520180	-1.515710	51.857014	-3.060942	51.854260	-3.062532	52.746400	-2.290711	53.193847
234	#66ccff	#000000	#00000000	#00000000		53.498550	54.701983	6.205686	54.547198	5.435453	53.207611	4.662042	53.652305	4.660453	54.544446	3.115220	54.541694	2.340221	55.878529	1.565221	57.215363	2.335454	58.554950	3.108865	58.110256	3.880687	58.557701	4.655687	57.220867	6.200919	57.223618	6.202508	56.331478	5.430686	55.884032
235	#ffffff	#000000	#00000000	#00000000		53.498550	54.701983	10.836616	57.231874	11.611616	55.895039	10.839794	55.447594	10.066383	55.892288	9.296150	54.552701	7.750918	54.549949	6.205686	54.547198	5.430686	55.884032	6.202508	56.331478	6.200919	57.223618	7.746151	57.226370	8.516385	58.565957	9.289795	58.121263	9.291384	57.229122
236	#ffffff	#000000	#00000000	#00000000		53.498550	54.701983	20.108005	57.248388	20.878237	58.587975	21.651648	58.143281	21.653237	57.251140	23.198469	57.253893	23.973469	55.917058	24.748469	54.580224	23.978236	53.240637	23.204825	53.685331	22.433003	53.237885	21.658004	54.574719	20.112771	54.571966	20.111183	55.464107	20.883005	55.911554
237	#A0A0A0	#000000	#00000000	#00000000		53.498550	54.701983	32.469861	57.270407	33.244861	55.933574	32.473040	55.486127	31.699629	55.930821	30.929397	54.591234	29.384165	54.588481	27.838933	54.585729	27.063933	55.922562	27.835754	56.370009	27.834165	57.262150	29.379397	57.264903	30.149630	58.604489	30.923040	58.159795	30.924629	57.267654
238	#66ccff	#000000	#00000000	#00000000		53.498550	54.701983	27.838933	54.585729	27.068700	53.246142	26.295290	53.690836	26.293701	54.582977	24.748469	54.580224	23.973469	55.917058	23.198469	57.253891	23.968701	58.593478	24.742112	58.148784	25.513933	58.596231	26.288933	57.259397	27.834165	57.262150	27.835754	56.370009	27.063933	55.922562
239	#66ccff	#000000	#00000000	#00000000		53.498550	54.701983	40.200806	54.607749	39.430573	53.268163	38.657162	53.712857	38.655573	54.604997	37.110340	54.602245	36.335341	55.939080	35.560341	57.275915	36.330574	58.615501	37.103985	58.170807	37.875807	58.618253	38.650807	57.281418	40.196039	57.284170	40.197628	56.392029	39.425806	55.944583
240	#ffffff	#000000	#00000000	#00000000		53.498550	54.701983	44.831736	57.292425	45.606736	55.955591	44.834914	55.508145	44.061503	55.952839	43.291270	54.613253	41.746038	54.610501	40.200806	54.607749	39.425806	55.944583	40.197628	56.392029	40.196039	57.284170	41.741271	57.286922	42.511504	58.626508	43.284915	58.181814	43.286504	57.289673
241	#66ccff	#000000	#00000000	#00000000		53.498550	54.701983	49.472196	54.624254	48.701963	53.284668	47.928552	53.729362	47.926963	54.621503	46.381732	54.618751	45.606732	55.955585	44.831732	57.292420	45.601965	58.632006	46.375376	58.187312	47.147198	58.634758	47.922198	57.297923	49.467430	57.300675	49.469018	56.408535	48.697197	55.961089
242	#A0A0A0	#000000	#00000000	#00000000		53.498550	54.701983	54.103127	57.308932	54.878126	55.972097	54.106304	55.524651	53.332893	55.969345	52.562660	54.629758	51.017428	54.627006	49.472196	54.624254	48.697197	55.961089	49.469019	56.408536	49.467430	57.300676	51.012662	57.303428	51.782895	58.643015	52.556306	58.198321	52.557895	57.306180
243	#66ccff	#000000	#00000000	#00000000		53.498550	54.701983	15.477077	54.563709	14.706845	53.224122	13.933434	53.668816	13.931845	54.560957	12.386613	54.558204	11.611613	55.895037	10.836613	57.231871	11.606845	58.571458	12.380256	58.126764	13.152077	58.574211	13.927077	57.237377	15.472309	57.240130	15.473898	56.347989	14.702077	55.900542
244	#A0A0A0	#000000	#00000000	#00000000		53.498550	54.701983	-2.998993	17.060799	-2.228759	18.400385	-1.455348	17.955690	-1.453761	17.063550	0.091472	17.066301	0.866471	15.729465	1.641469	14.392630	0.871235	13.053044	0.097825	13.497739	-0.673997	13.050293	-1.448996	14.387128	-2.994228	14.384378	-2.995816	15.276518	-2.223995	15.723964
245	#006699	#000000	#00000000	#00000000		53.498550	54.701983	-1.439465	9.034285	0.105768	9.037036	0.104180	9.929177	-0.669231	10.373871	0.101003	11.713458	-0.673995	13.050293	-1.448994	14.387128	-2.994227	14.384377	-2.992639	13.492237	-3.764461	13.044791	-2.989462	11.707956	-3.759696	10.368370	-2.986285	9.923675	-2.214463	10.371121
246	#66ccff	#000000	#00000000	#00000000		53.498550	54.701983	0.110539	6.360612	-0.659693	5.021026	-1.433104	5.465720	-1.434693	6.357860	-2.979925	6.355107	-3.754925	7.691942	-4.529924	9.028777	-3.759692	10.368363	-2.986281	9.923669	-2.214459	10.371116	-1.439459	9.034281	0.105773	9.037034	0.107362	8.144893	-0.664460	7.697447
247	#A0A0A0	#000000	#00000000	#00000000		53.498550	54.701983	-1.420388	-1.671407	-2.965621	-1.674161	-2.967211	-0.782021	-2.195389	-0.334574	-2.970390	1.002260	-2.200159	2.341847	-1.429927	3.681435	0.115305	3.684189	0.116895	2.792049	0.890306	2.347356	0.120075	1.007768	0.895076	-0.329066	0.123254	-0.776513	-0.650157	-0.331820
248	#66ccff	#000000	#00000000	#00000000		53.498550	54.701983	57.269852	14.491691	58.815084	14.494442	58.816672	13.602302	58.044850	13.154856	58.819849	11.818021	58.049615	10.478435	57.279381	9.138848	55.734148	9.136098	55.732561	10.028238	54.959150	10.472933	55.729384	11.812519	54.954385	13.149354	55.726207	13.596800	56.499618	13.152105
249	#A0A0A0	#000000	#00000000	#00000000		53.498550	54.701983	52.657980	1.101330	53.428213	2.440917	54.201624	1.996223	54.203213	1.104082	55.748445	1.106834	56.523444	-0.230001	57.298444	-1.566835	56.528211	-2.906422	55.754800	-2.461728	54.982978	-2.909173	54.207978	-1.572339	52.662746	-1.575091	52.661158	-0.682950	53.432979	-0.235504
250	#A0A0A0	#000000	#00000000	#00000000		53.498550	54.701983	-1.468055	25.092814	0.077178	25.095565	0.078766	24.203424	-0.693056	23.755979	0.081943	22.419143	-0.688291	21.079557	-1.458525	19.739971	-3.003758	19.737220	-3.005346	20.629361	-3.778757	21.074056	-3.008523	22.413642	-3.783521	23.750477	-3.011699	24.197923	-2.238289	23.753228
251	#A0A0A0	#000000	#00000000	#00000000		53.498550	54.701983	20.108005	57.248388	20.883005	55.911554	20.111183	55.464107	19.337772	55.908801	18.567539	54.569215	17.022307	54.566462	15.477075	54.563709	14.702075	55.900544	15.473897	56.347990	15.472309	57.240131	17.017541	57.242884	17.787773	58.582470	18.561184	58.137776	18.562773	57.245635
252	#66ccff	#000000	#00000000	#00000000		53.498550	54.701983	58.753125	49.287924	59.528125	47.951090	58.756303	47.503644	57.982892	47.948338	57.212659	46.608752	55.667427	46.606000	54.122195	46.603248	53.347195	47.940082	54.119017	48.387528	54.117428	49.279669	55.662660	49.282421	56.432893	50.622007	57.206304	50.177313	57.207893	49.285172
