seq_id	start_fill_color	start_stroke_color	done_fill_color	done_stroke_color	footnote	img_width	img_height	px_0	py_0	px_1	py_1	px_2	py_2	px_3	py_3	px_4	py_4	px_5	py_5	px_6	py_6	px_7	py_7	px_8	py_8	px_9	py_9	px_10	py_10	px_11	py_11	px_12	py_12
0	#66ccff	#000000	#00000000	#00000000	Starting tile pattern based on a chevron tiling in a <a href="https://cs.uwaterloo.ca/~csk/hat/examples/animation.gif">looping animated GIF</a> by David Smith, Joseph Samuel Myers, Craig S. Kaplan, and Chaim Goodman-Strauss, used under <a href="http://creativecommons.org/licenses/by/4.0/">CC BY 4.0</a> / This is a recreation of the original rather than a screenshot, and the cropping, colors, and vertical orientation differ slightly from the original.	53.498549	54.701979	20.660708	20.906270	20.660708	20.906270	19.526799	18.274774	16.680901	17.941018	16.680901	17.941018	16.680901	17.941018	16.680901	17.941018	17.814810	20.572514	16.102821	22.870256	16.102821	22.870256	16.102821	22.870256	18.948718	23.204013	20.660708	20.906270
1	#A0A0A0	#000000	#00000000	#00000000		53.498549	54.701979	21.238789	15.977031	21.238789	15.977031	19.526799	18.274774	20.660708	20.906270	20.660708	20.906270	20.660708	20.906270	20.660708	20.906270	22.372698	18.608528	25.218596	18.942284	25.218596	18.942284	25.218596	18.942284	24.084687	16.310788	21.238789	15.977031
2	#ffffff	#000000	#00000000	#00000000		53.498549	54.701979	16.680901	17.941018	16.680901	17.941018	19.526799	18.274774	21.238789	15.977031	21.238789	15.977031	21.238789	15.977031	21.238789	15.977031	18.392891	15.643275	17.258983	13.011776	17.258983	13.011776	17.258983	13.011776	15.546993	15.309519	16.680901	17.941018
3	#ffffff	#000000	#00000000	#00000000		53.498549	54.701979	12.701095	14.975762	12.701095	14.975762	13.835003	17.607261	16.680901	17.941018	16.680901	17.941018	16.680901	17.941018	16.680901	17.941018	15.546993	15.309519	17.258983	13.011776	17.258983	13.011776	17.258983	13.011776	14.413085	12.678020	12.701095	14.975762
4	#66ccff	#000000	#00000000	#00000000		53.498549	54.701979	12.123013	19.905004	12.123013	19.905004	14.968911	20.238760	16.680901	17.941018	16.680901	17.941018	16.680901	17.941018	16.680901	17.941018	13.835003	17.607261	12.701095	14.975762	12.701095	14.975762	12.701095	14.975762	10.989105	17.273505	12.123013	19.905004
5	#006699	#000000	#00000000	#00000000		53.498549	54.701979	16.102821	22.870256	16.102821	22.870256	13.256923	22.536500	12.123013	19.905004	12.123013	19.905004	12.123013	19.905004	12.123013	19.905004	14.968911	20.238760	16.680901	17.941018	16.680901	17.941018	16.680901	17.941018	17.814810	20.572514	16.102821	22.870256
6	#A0A0A0	#000000	#00000000	#00000000		53.498549	54.701979	25.796676	14.013045	25.796676	14.013045	22.950778	13.679289	21.238789	15.977031	21.238789	15.977031	21.238789	15.977031	21.238789	15.977031	24.084687	16.310788	25.218595	18.942287	25.218595	18.942287	25.218595	18.942287	26.930584	16.644544	25.796676	14.013045
7	#66ccff	#000000	#00000000	#00000000		53.498549	54.701979	21.238789	15.977031	21.238789	15.977031	22.950778	13.679289	21.816869	11.047793	21.816869	11.047793	21.816869	11.047793	21.816869	11.047793	20.104879	13.345535	17.258982	13.011779	17.258982	13.011779	17.258982	13.011779	18.392891	15.643275	21.238789	15.977031
8	#006699	#000000	#00000000	#00000000		53.498549	54.701979	21.816869	11.047793	21.816869	11.047793	20.104879	13.345535	17.258982	13.011779	17.258982	13.011779	17.258982	13.011779	17.258982	13.011779	18.970971	10.714036	17.837063	8.082537	17.837063	8.082537	17.837063	8.082537	20.682961	8.416294	21.816869	11.047793
9	#66ccff	#000000	#00000000	#00000000		53.498549	54.701979	17.258983	13.011776	17.258983	13.011776	18.970972	10.714033	17.837064	8.082535	17.837064	8.082535	17.837064	8.082535	17.837064	8.082535	16.125074	10.380277	13.279177	10.046521	13.279177	10.046521	13.279177	10.046521	14.413085	12.678020	17.258983	13.011776
10	#66ccff	#000000	#00000000	#00000000		53.498549	54.701979	12.701095	14.975762	12.701095	14.975762	14.413085	12.678020	13.279177	10.046521	13.279177	10.046521	13.279177	10.046521	13.279177	10.046521	11.567187	12.344263	8.721289	12.010507	8.721289	12.010507	8.721289	12.010507	9.855197	14.642006	12.701095	14.975762
11	#A0A0A0	#000000	#00000000	#00000000		53.498549	54.701979	8.143207	16.939748	8.143207	16.939748	10.989105	17.273505	12.701095	14.975762	12.701095	14.975762	12.701095	14.975762	12.701095	14.975762	9.855197	14.642006	8.721289	12.010507	8.721289	12.010507	8.721289	12.010507	7.009299	14.308249	8.143207	16.939748
12	#ffffff	#000000	#00000000	#00000000		53.498549	54.701979	8.143207	16.939748	8.143207	16.939748	6.431218	19.237491	7.565126	21.868990	7.565126	21.868990	7.565126	21.868990	7.565126	21.868990	9.277116	19.571247	12.123013	19.905004	12.123013	19.905004	12.123013	19.905004	10.989105	17.273505	8.143207	16.939748
13	#ffffff	#000000	#00000000	#00000000		53.498549	54.701979	7.565126	21.868990	7.565126	21.868990	8.699034	24.500489	11.544932	24.834245	11.544932	24.834245	11.544932	24.834245	11.544932	24.834245	10.411024	22.202746	12.123013	19.905004	12.123013	19.905004	12.123013	19.905004	9.277116	19.571247	7.565126	21.868990
14	#66ccff	#000000	#00000000	#00000000		53.498549	54.701979	11.544932	24.834245	11.544932	24.834245	14.390830	25.168002	16.102819	22.870259	16.102819	22.870259	16.102819	22.870259	16.102819	22.870259	13.256922	22.536503	12.123013	19.905004	12.123013	19.905004	12.123013	19.905004	10.411024	22.202746	11.544932	24.834245
15	#A0A0A0	#000000	#00000000	#00000000		53.498549	54.701979	15.524739	27.799498	15.524739	27.799498	18.370637	28.133254	20.082627	25.835512	20.082627	25.835512	20.082627	25.835512	20.082627	25.835512	17.236729	25.501755	16.102819	22.870259	16.102819	22.870259	16.102819	22.870259	14.390830	25.168002	15.524739	27.799498
16	#A0A0A0	#000000	#00000000	#00000000		53.498549	54.701979	20.082627	25.835512	20.082627	25.835512	21.794616	23.537769	20.660708	20.906270	20.660708	20.906270	20.660708	20.906270	20.660708	20.906270	18.948718	23.204013	16.102821	22.870256	16.102821	22.870256	16.102821	22.870256	17.236729	25.501755	20.082627	25.835512
17	#66ccff	#000000	#00000000	#00000000		53.498549	54.701979	20.660708	20.906270	20.660708	20.906270	21.794616	23.537769	24.640514	23.871526	24.640514	23.871526	24.640514	23.871526	24.640514	23.871526	23.506606	21.240027	25.218596	18.942284	25.218596	18.942284	25.218596	18.942284	22.372698	18.608528	20.660708	20.906270
18	#ffffff	#000000	#00000000	#00000000		53.498549	54.701979	20.082627	25.835512	20.082627	25.835512	21.216535	28.467011	24.062433	28.800767	24.062433	28.800767	24.062433	28.800767	24.062433	28.800767	22.928525	26.169268	24.640514	23.871526	24.640514	23.871526	24.640514	23.871526	21.794616	23.537769	20.082627	25.835512
19	#ffffff	#000000	#00000000	#00000000		53.498549	54.701979	24.062433	28.800767	24.062433	28.800767	26.908331	29.134524	28.620320	26.836781	28.620320	26.836781	28.620320	26.836781	28.620320	26.836781	25.774422	26.503025	24.640514	23.871526	24.640514	23.871526	24.640514	23.871526	22.928525	26.169268	24.062433	28.800767
20	#66ccff	#000000	#00000000	#00000000		53.498549	54.701979	28.620320	26.836781	28.620320	26.836781	26.908331	29.134524	28.042240	31.766020	28.042240	31.766020	28.042240	31.766020	28.042240	31.766020	29.754230	29.468277	32.600127	29.802034	32.600127	29.802034	32.600127	29.802034	31.466218	27.170537	28.620320	26.836781
21	#66ccff	#000000	#00000000	#00000000		53.498549	54.701979	28.620320	26.836781	28.620320	26.836781	30.332310	24.539038	29.198402	21.907540	29.198402	21.907540	29.198402	21.907540	29.198402	21.907540	27.486412	24.205282	24.640514	23.871526	24.640514	23.871526	24.640514	23.871526	25.774422	26.503025	28.620320	26.836781
22	#A0A0A0	#000000	#00000000	#00000000		53.498549	54.701979	33.178208	24.872795	33.178208	24.872795	30.332310	24.539038	28.620320	26.836781	28.620320	26.836781	28.620320	26.836781	28.620320	26.836781	31.466218	27.170537	32.600126	29.802036	32.600126	29.802036	32.600126	29.802036	34.312116	27.504294	33.178208	24.872795
23	#66ccff	#000000	#00000000	#00000000		53.498549	54.701979	28.042240	31.766020	28.042240	31.766020	26.908331	29.134524	24.062432	28.800770	24.062432	28.800770	24.062432	28.800770	24.062432	28.800770	25.196341	31.432266	23.484351	33.730009	23.484351	33.730009	23.484351	33.730009	26.330250	34.063762	28.042240	31.766020
24	#006699	#000000	#00000000	#00000000		53.498549	54.701979	23.484351	33.730009	23.484351	33.730009	20.638453	33.396252	19.504544	30.764756	19.504544	30.764756	19.504544	30.764756	19.504544	30.764756	22.350442	31.098512	24.062432	28.800770	24.062432	28.800770	24.062432	28.800770	25.196341	31.432266	23.484351	33.730009
25	#66ccff	#000000	#00000000	#00000000		53.498549	54.701979	19.504545	30.764753	19.504545	30.764753	22.350443	31.098510	24.062433	28.800767	24.062433	28.800767	24.062433	28.800767	24.062433	28.800767	21.216535	28.467011	20.082627	25.835512	20.082627	25.835512	20.082627	25.835512	18.370637	28.133254	19.504545	30.764753
26	#A0A0A0	#000000	#00000000	#00000000		53.498549	54.701979	15.524739	27.799498	15.524739	27.799498	13.812749	30.097241	14.946657	32.728740	14.946657	32.728740	14.946657	32.728740	14.946657	32.728740	16.658647	30.430997	19.504545	30.764753	19.504545	30.764753	19.504545	30.764753	18.370637	28.133254	15.524739	27.799498
27	#A0A0A0	#000000	#00000000	#00000000		53.498549	54.701979	15.524739	27.799498	15.524739	27.799498	14.390831	25.167999	11.544933	24.834243	11.544933	24.834243	11.544933	24.834243	11.544933	24.834243	12.678841	27.465742	10.966851	29.763484	10.966851	29.763484	10.966851	29.763484	13.812749	30.097241	15.524739	27.799498
28	#66ccff	#000000	#00000000	#00000000		53.498549	54.701979	10.966851	29.763484	10.966851	29.763484	9.254862	32.061227	10.388770	34.692726	10.388770	34.692726	10.388770	34.692726	10.388770	34.692726	12.100760	32.394983	14.946657	32.728740	14.946657	32.728740	14.946657	32.728740	13.812749	30.097241	10.966851	29.763484
29	#006699	#000000	#00000000	#00000000		53.498549	54.701979	6.408964	31.727470	6.408964	31.727470	8.120953	29.429728	10.966851	29.763484	10.966851	29.763484	10.966851	29.763484	10.966851	29.763484	9.254862	32.061227	10.388770	34.692726	10.388770	34.692726	10.388770	34.692726	7.542872	34.358969	6.408964	31.727470
30	#A0A0A0	#000000	#00000000	#00000000		53.498549	54.701979	11.544932	24.834245	11.544932	24.834245	8.699034	24.500489	6.987044	26.798231	6.987044	26.798231	6.987044	26.798231	6.987044	26.798231	9.832942	27.131988	10.966851	29.763484	10.966851	29.763484	10.966851	29.763484	12.678841	27.465742	11.544932	24.834245
31	#66ccff	#000000	#00000000	#00000000		53.498549	54.701979	6.987044	26.798231	6.987044	26.798231	8.699034	24.500489	7.565125	21.868993	7.565125	21.868993	7.565125	21.868993	7.565125	21.868993	5.853135	24.166735	3.007237	23.832979	3.007237	23.832979	3.007237	23.832979	4.141146	26.464475	6.987044	26.798231
32	#66ccff	#000000	#00000000	#00000000		53.498549	54.701979	6.987043	26.798234	6.987043	26.798234	5.275053	29.095977	6.408963	31.727473	6.408963	31.727473	6.408963	31.727473	6.408963	31.727473	8.120952	29.429730	10.966851	29.763484	10.966851	29.763484	10.966851	29.763484	9.832942	27.131988	6.987043	26.798234
33	#A0A0A0	#000000	#00000000	#00000000		53.498549	54.701979	2.429157	28.762218	2.429157	28.762218	5.275054	29.095974	6.987044	26.798231	6.987044	26.798231	6.987044	26.798231	6.987044	26.798231	4.141146	26.464475	3.007237	23.832979	3.007237	23.832979	3.007237	23.832979	1.295247	26.130721	2.429157	28.762218
34	#ffffff	#000000	#00000000	#00000000		53.498549	54.701979	2.429154	28.762223	2.429154	28.762223	0.717165	31.059965	1.851074	33.691462	1.851074	33.691462	1.851074	33.691462	1.851074	33.691462	3.563064	31.393719	6.408963	31.727473	6.408963	31.727473	6.408963	31.727473	5.275053	29.095977	2.429154	28.762223
35	#66ccff	#000000	#00000000	#00000000		53.498549	54.701979	-2.128734	30.726212	-2.128734	30.726212	-0.994825	33.357708	1.851074	33.691462	1.851074	33.691462	1.851074	33.691462	1.851074	33.691462	0.717165	31.059965	2.429154	28.762223	2.429154	28.762223	2.429154	28.762223	-0.416745	28.428469	-2.128734	30.726212
36	#006699	#000000	#00000000	#00000000		53.498549	54.701979	-2.706812	35.655452	-2.706812	35.655452	-3.840721	33.023955	-2.128734	30.726212	-2.128734	30.726212	-2.128734	30.726212	-2.128734	30.726212	-0.994825	33.357708	1.851074	33.691462	1.851074	33.691462	1.851074	33.691462	0.139087	35.989205	-2.706812	35.655452
37	#66ccff	#000000	#00000000	#00000000		53.498549	54.701979	1.272993	38.620701	1.272993	38.620701	2.984983	36.322958	1.851074	33.691462	1.851074	33.691462	1.851074	33.691462	1.851074	33.691462	0.139084	35.989204	-2.706815	35.655451	-2.706815	35.655451	-2.706815	35.655451	-1.572906	38.286947	1.272993	38.620701
38	#A0A0A0	#000000	#00000000	#00000000		53.498549	54.701979	-1.550654	25.796973	-1.550654	25.796973	-0.416745	28.428469	2.429154	28.762223	2.429154	28.762223	2.429154	28.762223	2.429154	28.762223	1.295245	26.130727	3.007232	23.832983	3.007232	23.832983	3.007232	23.832983	0.161333	23.499229	-1.550654	25.796973
39	#66ccff	#000000	#00000000	#00000000		53.498549	54.701979	-0.972576	20.867733	-0.972576	20.867733	0.161333	23.499229	3.007232	23.832983	3.007232	23.832983	3.007232	23.832983	3.007232	23.832983	1.873323	21.201487	3.585310	18.903743	3.585310	18.903743	3.585310	18.903743	0.739411	18.569989	-0.972576	20.867733
40	#006699	#000000	#00000000	#00000000		53.498549	54.701979	3.007232	23.832983	3.007232	23.832983	1.873323	21.201487	3.585310	18.903743	3.585310	18.903743	3.585310	18.903743	3.585310	18.903743	4.719219	21.535239	7.565116	21.868992	7.565116	21.868992	7.565116	21.868992	5.853129	24.166736	3.007232	23.832983
41	#A0A0A0	#000000	#00000000	#00000000		53.498549	54.701979	-0.394498	15.938493	-0.394498	15.938493	-2.106485	18.236237	-0.972576	20.867733	-0.972576	20.867733	-0.972576	20.867733	-0.972576	20.867733	0.739411	18.569989	3.585310	18.903743	3.585310	18.903743	3.585310	18.903743	2.451401	16.272247	-0.394498	15.938493
42	#A0A0A0	#000000	#00000000	#00000000		53.498549	54.701979	4.163390	13.974504	4.163390	13.974504	1.317491	13.640750	-0.394498	15.938493	-0.394498	15.938493	-0.394498	15.938493	-0.394498	15.938493	2.451401	16.272247	3.585310	18.903743	3.585310	18.903743	3.585310	18.903743	5.297300	16.606000	4.163390	13.974504
43	#66ccff	#000000	#00000000	#00000000		53.498549	54.701979	3.585310	18.903743	3.585310	18.903743	4.719219	21.535239	7.565117	21.868996	7.565117	21.868996	7.565117	21.868996	7.565117	21.868996	6.431208	19.237499	8.143198	16.939757	8.143198	16.939757	8.143198	16.939757	5.297300	16.606000	3.585310	18.903743
44	#A0A0A0	#000000	#00000000	#00000000		53.498549	54.701979	4.163392	13.974501	4.163392	13.974501	5.297300	16.606000	8.143198	16.939757	8.143198	16.939757	8.143198	16.939757	8.143198	16.939757	7.009289	14.308258	8.721279	12.010515	8.721279	12.010515	8.721279	12.010515	5.875381	11.676759	4.163392	13.974501
45	#A0A0A0	#000000	#00000000	#00000000		53.498549	54.701979	4.163392	13.974501	4.163392	13.974501	5.875381	11.676759	4.741472	9.045262	4.741472	9.045262	4.741472	9.045262	4.741472	9.045262	3.029482	11.343005	0.183584	11.009249	0.183584	11.009249	0.183584	11.009249	1.317494	13.640745	4.163392	13.974501
46	#66ccff	#000000	#00000000	#00000000		53.498549	54.701979	4.741472	9.045262	4.741472	9.045262	5.875381	11.676759	8.721280	12.010513	8.721280	12.010513	8.721280	12.010513	8.721280	12.010513	7.587371	9.379016	9.299361	7.081274	9.299361	7.081274	9.299361	7.081274	6.453462	6.747520	4.741472	9.045262
47	#66ccff	#000000	#00000000	#00000000		53.498549	54.701979	-0.394496	15.938488	-0.394496	15.938488	1.317494	13.640745	0.183584	11.009249	0.183584	11.009249	0.183584	11.009249	0.183584	11.009249	-1.528405	13.306991	-4.374304	12.973237	-4.374304	12.973237	-4.374304	12.973237	-3.240395	15.604734	-0.394496	15.938488
48	#A0A0A0	#000000	#00000000	#00000000		53.498549	54.701979	4.741472	9.045262	4.741472	9.045262	3.607564	6.413764	0.761666	6.080007	0.761666	6.080007	0.761666	6.080007	0.761666	6.080007	1.895574	8.711506	0.183584	11.009249	0.183584	11.009249	0.183584	11.009249	3.029482	11.343005	4.741472	9.045262
49	#A0A0A0	#000000	#00000000	#00000000		53.498549	54.701979	-3.218140	3.114752	-3.218140	3.114752	-2.084232	5.746251	0.761666	6.080007	0.761666	6.080007	0.761666	6.080007	0.761666	6.080007	-0.372242	3.448508	1.339748	1.150766	1.339748	1.150766	1.339748	1.150766	-1.506150	0.817009	-3.218140	3.114752
50	#66ccff	#000000	#00000000	#00000000		53.498549	54.701979	0.761666	6.080007	0.761666	6.080007	3.607564	6.413764	5.319554	4.116021	5.319554	4.116021	5.319554	4.116021	5.319554	4.116021	2.473656	3.782265	1.339748	1.150766	1.339748	1.150766	1.339748	1.150766	-0.372242	3.448508	0.761666	6.080007
51	#ffffff	#000000	#00000000	#00000000		53.498549	54.701979	5.319554	4.116021	5.319554	4.116021	3.607564	6.413764	4.741473	9.045260	4.741473	9.045260	4.741473	9.045260	4.741473	9.045260	6.453463	6.747517	9.299361	7.081274	9.299361	7.081274	9.299361	7.081274	8.165452	4.449777	5.319554	4.116021
52	#ffffff	#000000	#00000000	#00000000		53.498549	54.701979	9.877441	2.152035	9.877441	2.152035	7.031543	1.818278	5.319554	4.116021	5.319554	4.116021	5.319554	4.116021	5.319554	4.116021	8.165452	4.449777	9.299360	7.081276	9.299360	7.081276	9.299360	7.081276	11.011349	4.783534	9.877441	2.152035
53	#006699	#000000	#00000000	#00000000		53.498549	54.701979	8.721280	12.010513	8.721280	12.010513	7.587371	9.379016	9.299361	7.081274	9.299361	7.081274	9.299361	7.081274	9.299361	7.081274	10.433270	9.712770	13.279168	10.046526	13.279168	10.046526	13.279168	10.046526	11.567178	12.344269	8.721280	12.010513
54	#66ccff	#000000	#00000000	#00000000		53.498549	54.701979	9.299360	7.081276	9.299360	7.081276	10.433268	9.712775	13.279166	10.046532	13.279166	10.046532	13.279166	10.046532	13.279166	10.046532	12.145258	7.415033	13.857247	5.117290	13.857247	5.117290	13.857247	5.117290	11.011349	4.783534	9.299360	7.081276
55	#66ccff	#000000	#00000000	#00000000		53.498549	54.701979	9.877441	2.152035	9.877441	2.152035	11.011349	4.783534	13.857247	5.117290	13.857247	5.117290	13.857247	5.117290	13.857247	5.117290	12.723339	2.485791	14.435329	0.188049	14.435329	0.188049	14.435329	0.188049	11.589431	-0.145708	9.877441	2.152035
56	#006699	#000000	#00000000	#00000000		53.498549	54.701979	13.857247	5.117290	13.857247	5.117290	12.723339	2.485791	14.435329	0.188049	14.435329	0.188049	14.435329	0.188049	14.435329	0.188049	15.569237	2.819548	18.415135	3.153304	18.415135	3.153304	18.415135	3.153304	16.703145	5.451047	13.857247	5.117290
57	#ffffff	#000000	#00000000	#00000000		53.498549	54.701979	13.279166	10.046532	13.279166	10.046532	16.125064	10.380288	17.837053	8.082546	17.837053	8.082546	17.837053	8.082546	17.837053	8.082546	14.991155	7.748789	13.857247	5.117290	13.857247	5.117290	13.857247	5.117290	12.145258	7.415033	13.279166	10.046532
58	#66ccff	#000000	#00000000	#00000000		53.498549	54.701979	17.837053	8.082546	17.837053	8.082546	19.549043	5.784803	18.415135	3.153304	18.415135	3.153304	18.415135	3.153304	18.415135	3.153304	16.703145	5.451047	13.857247	5.117290	13.857247	5.117290	13.857247	5.117290	14.991155	7.748789	17.837053	8.082546
59	#66ccff	#000000	#00000000	#00000000		53.498549	54.701979	22.394941	6.118559	22.394941	6.118559	19.549043	5.784803	17.837053	8.082546	17.837053	8.082546	17.837053	8.082546	17.837053	8.082546	20.682951	8.416302	21.816861	11.047798	21.816861	11.047798	21.816861	11.047798	23.528850	8.750056	22.394941	6.118559
60	#ffffff	#000000	#00000000	#00000000		53.498549	54.701979	18.415135	3.153304	18.415135	3.153304	19.549043	5.784803	22.394941	6.118559	22.394941	6.118559	22.394941	6.118559	22.394941	6.118559	21.261033	3.487060	22.973023	1.189318	22.973023	1.189318	22.973023	1.189318	20.127125	0.855561	18.415135	3.153304
61	#66ccff	#000000	#00000000	#00000000		53.498549	54.701979	22.394942	6.118557	22.394942	6.118557	25.240840	6.452313	26.952830	4.154571	26.952830	4.154571	26.952830	4.154571	26.952830	4.154571	24.106932	3.820814	22.973023	1.189318	22.973023	1.189318	22.973023	1.189318	21.261033	3.487060	22.394942	6.118557
62	#ffffff	#000000	#00000000	#00000000		53.498549	54.701979	18.993215	-1.775935	18.993215	-1.775935	17.281226	0.521808	18.415135	3.153304	18.415135	3.153304	18.415135	3.153304	18.415135	3.153304	20.127125	0.855561	22.973023	1.189318	22.973023	1.189318	22.973023	1.189318	21.839113	-1.442178	18.993215	-1.775935
63	#006699	#000000	#00000000	#00000000		53.498549	54.701979	26.952831	4.154568	26.952831	4.154568	24.106932	3.820814	22.973023	1.189318	22.973023	1.189318	22.973023	1.189318	22.973023	1.189318	25.818922	1.523072	27.530911	-0.774671	27.530911	-0.774671	27.530911	-0.774671	28.664821	1.856825	26.952831	4.154568
64	#A0A0A0	#000000	#00000000	#00000000		53.498549	54.701979	26.374750	9.083807	26.374750	9.083807	25.240841	6.452310	22.394942	6.118557	22.394942	6.118557	22.394942	6.118557	22.394942	6.118557	23.528851	8.750053	21.816862	11.047796	21.816862	11.047796	21.816862	11.047796	24.662761	11.381549	26.374750	9.083807
65	#A0A0A0	#000000	#00000000	#00000000		53.498549	54.701979	25.796670	14.013046	25.796670	14.013046	27.508660	11.715303	26.374750	9.083807	26.374750	9.083807	26.374750	9.083807	26.374750	9.083807	24.662761	11.381549	21.816863	11.047793	21.816863	11.047793	21.816863	11.047793	22.950772	13.679289	25.796670	14.013046
66	#A0A0A0	#000000	#00000000	#00000000		53.498549	54.701979	25.796670	14.013046	25.796670	14.013046	26.930578	16.644545	29.776476	16.978301	29.776476	16.978301	29.776476	16.978301	29.776476	16.978301	28.642568	14.346802	30.354558	12.049060	30.354558	12.049060	30.354558	12.049060	27.508660	11.715303	25.796670	14.013046
67	#66ccff	#000000	#00000000	#00000000		53.498549	54.701979	25.218588	18.942287	25.218588	18.942287	26.352497	21.573786	29.198394	21.907543	29.198394	21.907543	29.198394	21.907543	29.198394	21.907543	28.064486	19.276044	29.776476	16.978301	29.776476	16.978301	29.776476	16.978301	26.930578	16.644545	25.218588	18.942287
68	#006699	#000000	#00000000	#00000000		53.498549	54.701979	24.640507	23.871529	24.640507	23.871529	23.506599	21.240030	25.218588	18.942287	25.218588	18.942287	25.218588	18.942287	25.218588	18.942287	26.352497	21.573786	29.198394	21.907543	29.198394	21.907543	29.198394	21.907543	27.486405	24.205285	24.640507	23.871529
69	#ffffff	#000000	#00000000	#00000000		53.498549	54.701979	29.198402	21.907540	29.198402	21.907540	30.332310	24.539038	33.178208	24.872795	33.178208	24.872795	33.178208	24.872795	33.178208	24.872795	32.044300	22.241296	33.756290	19.943553	33.756290	19.943553	33.756290	19.943553	30.910392	19.609797	29.198402	21.907540
70	#ffffff	#000000	#00000000	#00000000		53.498549	54.701979	29.776482	16.978301	29.776482	16.978301	28.064493	19.276043	29.198402	21.907540	29.198402	21.907540	29.198402	21.907540	29.198402	21.907540	30.910392	19.609797	33.756290	19.943553	33.756290	19.943553	33.756290	19.943553	32.622380	17.312057	29.776482	16.978301
71	#A0A0A0	#000000	#00000000	#00000000		53.498549	54.701979	29.776482	16.978301	29.776482	16.978301	32.622380	17.312057	34.334370	15.014314	34.334370	15.014314	34.334370	15.014314	34.334370	15.014314	31.488472	14.680558	30.354564	12.049059	30.354564	12.049059	30.354564	12.049059	28.642574	14.346802	29.776482	16.978301
72	#006699	#000000	#00000000	#00000000		53.498549	54.701979	34.912452	10.085073	34.912452	10.085073	33.200462	12.382815	30.354564	12.049059	30.354564	12.049059	30.354564	12.049059	30.354564	12.049059	32.066554	9.751317	30.932646	7.119818	30.932646	7.119818	30.932646	7.119818	33.778543	7.453574	34.912452	10.085073
73	#66ccff	#000000	#00000000	#00000000		53.498549	54.701979	30.354564	12.049059	30.354564	12.049059	32.066554	9.751317	30.932644	7.119820	30.932644	7.119820	30.932644	7.119820	30.932644	7.119820	29.220655	9.417563	26.374757	9.083806	26.374757	9.083806	26.374757	9.083806	27.508666	11.715303	30.354564	12.049059
74	#ffffff	#000000	#00000000	#00000000		53.498549	54.701979	26.374757	9.083806	26.374757	9.083806	29.220655	9.417563	30.932644	7.119820	30.932644	7.119820	30.932644	7.119820	30.932644	7.119820	28.086747	6.786064	26.952838	4.154565	26.952838	4.154565	26.952838	4.154565	25.240849	6.452307	26.374757	9.083806
75	#ffffff	#000000	#00000000	#00000000		53.498549	54.701979	30.932644	7.119820	30.932644	7.119820	32.644634	4.822078	31.510726	2.190579	31.510726	2.190579	31.510726	2.190579	31.510726	2.190579	29.798736	4.488321	26.952838	4.154565	26.952838	4.154565	26.952838	4.154565	28.086747	6.786064	30.932644	7.119820
76	#66ccff	#000000	#00000000	#00000000		53.498549	54.701979	31.510726	2.190579	31.510726	2.190579	30.376818	-0.440920	27.530920	-0.774677	27.530920	-0.774677	27.530920	-0.774677	27.530920	-0.774677	28.664828	1.856822	26.952838	4.154565	26.952838	4.154565	26.952838	4.154565	29.798736	4.488321	31.510726	2.190579
77	#A0A0A0	#000000	#00000000	#00000000		53.498549	54.701979	32.088808	-2.738663	32.088808	-2.738663	30.376818	-0.440920	31.510726	2.190579	31.510726	2.190579	31.510726	2.190579	31.510726	2.190579	33.222716	-0.107164	36.068614	0.226593	36.068614	0.226593	36.068614	0.226593	34.934705	-2.404906	32.088808	-2.738663
78	#66ccff	#000000	#00000000	#00000000		53.498549	54.701979	31.510726	2.190579	31.510726	2.190579	32.644634	4.822078	35.490532	5.155834	35.490532	5.155834	35.490532	5.155834	35.490532	5.155834	34.356624	2.524335	36.068614	0.226593	36.068614	0.226593	36.068614	0.226593	33.222716	-0.107164	31.510726	2.190579
79	#006699	#000000	#00000000	#00000000		53.498549	54.701979	36.068614	0.226593	36.068614	0.226593	38.914512	0.560349	40.048421	3.191845	40.048421	3.191845	40.048421	3.191845	40.048421	3.191845	37.202523	2.858089	35.490533	5.155831	35.490533	5.155831	35.490533	5.155831	34.356624	2.524335	36.068614	0.226593
80	#66ccff	#000000	#00000000	#00000000		53.498549	54.701979	35.490532	5.155834	35.490532	5.155834	32.644634	4.822078	30.932644	7.119820	30.932644	7.119820	30.932644	7.119820	30.932644	7.119820	33.778542	7.453577	34.912452	10.085073	34.912452	10.085073	34.912452	10.085073	36.624441	7.787330	35.490532	5.155834
81	#ffffff	#000000	#00000000	#00000000		53.498549	54.701979	39.470340	8.121084	39.470340	8.121084	38.336431	5.489588	35.490532	5.155834	35.490532	5.155834	35.490532	5.155834	35.490532	5.155834	36.624441	7.787330	34.912452	10.085073	34.912452	10.085073	34.912452	10.085073	37.758351	10.418827	39.470340	8.121084
82	#66ccff	#000000	#00000000	#00000000		53.498549	54.701979	40.048418	3.191844	40.048418	3.191844	37.202519	2.858090	35.490532	5.155834	35.490532	5.155834	35.490532	5.155834	35.490532	5.155834	38.336431	5.489588	39.470340	8.121084	39.470340	8.121084	39.470340	8.121084	41.182327	5.823340	40.048418	3.191844
83	#ffffff	#000000	#00000000	#00000000		53.498549	54.701979	44.028226	6.157094	44.028226	6.157094	45.740216	3.859352	44.606307	1.227855	44.606307	1.227855	44.606307	1.227855	44.606307	1.227855	42.894317	3.525598	40.048418	3.191844	40.048418	3.191844	40.048418	3.191844	41.182327	5.823340	44.028226	6.157094
84	#66ccff	#000000	#00000000	#00000000		53.498549	54.701979	44.028226	6.157094	44.028226	6.157094	41.182327	5.823340	39.470340	8.121084	39.470340	8.121084	39.470340	8.121084	39.470340	8.121084	42.316239	8.454838	43.450149	11.086334	43.450149	11.086334	43.450149	11.086334	45.162136	8.788591	44.028226	6.157094
85	#006699	#000000	#00000000	#00000000		53.498549	54.701979	43.450149	11.086334	43.450149	11.086334	41.738159	13.384077	38.892260	13.050323	38.892260	13.050323	38.892260	13.050323	38.892260	13.050323	40.604250	10.752580	39.470340	8.121084	39.470340	8.121084	39.470340	8.121084	42.316239	8.454838	43.450149	11.086334
86	#66ccff	#000000	#00000000	#00000000		53.498549	54.701979	38.892260	13.050323	38.892260	13.050323	40.604247	10.752579	39.470338	8.121083	39.470338	8.121083	39.470338	8.121083	39.470338	8.121083	37.758351	10.418827	34.912452	10.085073	34.912452	10.085073	34.912452	10.085073	36.046361	12.716569	38.892260	13.050323
87	#66ccff	#000000	#00000000	#00000000		53.498549	54.701979	34.334371	15.014312	34.334371	15.014312	36.046361	12.716569	34.912452	10.085073	34.912452	10.085073	34.912452	10.085073	34.912452	10.085073	33.200462	12.382815	30.354563	12.049062	30.354563	12.049062	30.354563	12.049062	31.488472	14.680558	34.334371	15.014312
88	#ffffff	#000000	#00000000	#00000000		53.498549	54.701979	34.334374	15.014313	34.334374	15.014313	35.468283	17.645809	38.314182	17.979563	38.314182	17.979563	38.314182	17.979563	38.314182	17.979563	37.180273	15.348067	38.892260	13.050323	38.892260	13.050323	38.892260	13.050323	36.046361	12.716569	34.334374	15.014313
89	#66ccff	#000000	#00000000	#00000000		53.498549	54.701979	33.756296	19.943553	33.756296	19.943553	36.602195	20.277307	38.314182	17.979563	38.314182	17.979563	38.314182	17.979563	38.314182	17.979563	35.468283	17.645809	34.334374	15.014313	34.334374	15.014313	34.334374	15.014313	32.622387	17.312057	33.756296	19.943553
90	#006699	#000000	#00000000	#00000000		53.498549	54.701979	37.736104	22.908803	37.736104	22.908803	34.890208	22.575050	33.756299	19.943554	33.756299	19.943554	33.756299	19.943554	33.756299	19.943554	36.602195	20.277307	38.314182	17.979563	38.314182	17.979563	38.314182	17.979563	39.448091	20.611059	37.736104	22.908803
91	#66ccff	#000000	#00000000	#00000000		53.498549	54.701979	33.178209	24.872792	33.178209	24.872792	36.024107	25.206549	37.736097	22.908806	37.736097	22.908806	37.736097	22.908806	37.736097	22.908806	34.890199	22.575050	33.756290	19.943553	33.756290	19.943553	33.756290	19.943553	32.044300	22.241296	33.178209	24.872792
92	#A0A0A0	#000000	#00000000	#00000000		53.498549	54.701979	37.158015	27.838048	37.158015	27.838048	36.024107	25.206549	33.178209	24.872792	33.178209	24.872792	33.178209	24.872792	33.178209	24.872792	34.312117	27.504291	32.600127	29.802034	32.600127	29.802034	32.600127	29.802034	35.446025	30.135790	37.158015	27.838048
93	#66ccff	#000000	#00000000	#00000000		53.498549	54.701979	36.579934	32.767289	36.579934	32.767289	35.446025	30.135790	32.600127	29.802034	32.600127	29.802034	32.600127	29.802034	32.600127	29.802034	33.734036	32.433533	32.022046	34.731275	32.022046	34.731275	32.022046	34.731275	34.867944	35.065032	36.579934	32.767289
94	#006699	#000000	#00000000	#00000000		53.498549	54.701979	32.600126	29.802036	32.600126	29.802036	33.734036	32.433533	32.022046	34.731275	32.022046	34.731275	32.022046	34.731275	32.022046	34.731275	30.888137	32.099779	28.042239	31.766023	28.042239	31.766023	28.042239	31.766023	29.754228	29.468280	32.600126	29.802036
95	#ffffff	#000000	#00000000	#00000000		53.498549	54.701979	36.001852	37.696531	36.001852	37.696531	37.713842	35.398788	36.579934	32.767289	36.579934	32.767289	36.579934	32.767289	36.579934	32.767289	34.867944	35.065032	32.022046	34.731275	32.022046	34.731275	32.022046	34.731275	33.155954	37.362774	36.001852	37.696531
96	#A0A0A0	#000000	#00000000	#00000000		53.498549	54.701979	37.158015	27.838048	37.158015	27.838048	35.446025	30.135790	36.579934	32.767289	36.579934	32.767289	36.579934	32.767289	36.579934	32.767289	38.291923	30.469547	41.137821	30.803303	41.137821	30.803303	41.137821	30.803303	40.003913	28.171804	37.158015	27.838048
97	#A0A0A0	#000000	#00000000	#00000000		53.498549	54.701979	37.158015	27.838048	37.158015	27.838048	40.003913	28.171804	41.715903	25.874061	41.715903	25.874061	41.715903	25.874061	41.715903	25.874061	38.870005	25.540305	37.736097	22.908806	37.736097	22.908806	37.736097	22.908806	36.024107	25.206549	37.158015	27.838048
98	#A0A0A0	#000000	#00000000	#00000000		53.498549	54.701979	41.715903	25.874061	41.715903	25.874061	43.427892	23.576319	42.293984	20.944820	42.293984	20.944820	42.293984	20.944820	42.293984	20.944820	40.581995	23.242562	37.736097	22.908806	37.736097	22.908806	37.736097	22.908806	38.870005	25.540305	41.715903	25.874061
99	#66ccff	#000000	#00000000	#00000000		53.498549	54.701979	42.293984	20.944820	42.293984	20.944820	41.160076	18.313321	38.314178	17.979565	38.314178	17.979565	38.314178	17.979565	38.314178	17.979565	39.448086	20.611064	37.736097	22.908806	37.736097	22.908806	37.736097	22.908806	40.581995	23.242562	42.293984	20.944820
100	#ffffff	#000000	#00000000	#00000000		53.498549	54.701979	38.314178	17.979565	38.314178	17.979565	41.160076	18.313321	42.872066	16.015578	42.872066	16.015578	42.872066	16.015578	42.872066	16.015578	40.026168	15.681822	38.892260	13.050323	38.892260	13.050323	38.892260	13.050323	37.180270	15.348066	38.314178	17.979565
101	#66ccff	#000000	#00000000	#00000000		53.498549	54.701979	42.872066	16.015578	42.872066	16.015578	44.584056	13.717836	43.450147	11.086337	43.450147	11.086337	43.450147	11.086337	43.450147	11.086337	41.738158	13.384079	38.892260	13.050323	38.892260	13.050323	38.892260	13.050323	40.026168	15.681822	42.872066	16.015578
102	#A0A0A0	#000000	#00000000	#00000000		53.498549	54.701979	48.008032	9.122343	48.008032	9.122343	46.874123	6.490847	44.028226	6.157094	44.028226	6.157094	44.028226	6.157094	44.028226	6.157094	45.162136	8.788591	43.450149	11.086334	43.450149	11.086334	43.450149	11.086334	46.296045	11.420087	48.008032	9.122343
103	#66ccff	#000000	#00000000	#00000000		53.498549	54.701979	48.586110	4.193103	48.586110	4.193103	47.452201	1.561607	44.606304	1.227854	44.606304	1.227854	44.606304	1.227854	44.606304	1.227854	45.740213	3.859351	44.028226	6.157094	44.028226	6.157094	44.028226	6.157094	46.874123	6.490847	48.586110	4.193103
104	#006699	#000000	#00000000	#00000000		53.498549	54.701979	49.164188	-0.736137	49.164188	-0.736137	50.298097	1.895360	48.586110	4.193103	48.586110	4.193103	48.586110	4.193103	48.586110	4.193103	47.452201	1.561607	44.606304	1.227854	44.606304	1.227854	44.606304	1.227854	46.318291	-1.069889	49.164188	-0.736137
105	#ffffff	#000000	#00000000	#00000000		53.498549	54.701979	48.008032	9.122343	48.008032	9.122343	50.853931	9.456097	52.565921	7.158354	52.565921	7.158354	52.565921	7.158354	52.565921	7.158354	49.720022	6.824601	48.586112	4.193104	48.586112	4.193104	48.586112	4.193104	46.874123	6.490847	48.008032	9.122343
106	#ffffff	#000000	#00000000	#00000000		53.498549	54.701979	52.565921	7.158354	52.565921	7.158354	54.277908	4.860611	53.143999	2.229114	53.143999	2.229114	53.143999	2.229114	53.143999	2.229114	51.432011	4.526858	48.586112	4.193104	48.586112	4.193104	48.586112	4.193104	49.720022	6.824601	52.565921	7.158354
107	#66ccff	#000000	#00000000	#00000000		53.498549	54.701979	51.987840	12.087593	51.987840	12.087593	53.699827	9.789850	52.565918	7.158353	52.565918	7.158353	52.565918	7.158353	52.565918	7.158353	50.853931	9.456097	48.008032	9.122343	48.008032	9.122343	48.008032	9.122343	49.141941	11.753840	51.987840	12.087593
108	#A0A0A0	#000000	#00000000	#00000000		53.498549	54.701979	47.429952	14.051582	47.429952	14.051582	49.141941	11.753840	48.008032	9.122343	48.008032	9.122343	48.008032	9.122343	48.008032	9.122343	46.296042	11.420086	43.450143	11.086332	43.450143	11.086332	43.450143	11.086332	44.584053	13.717828	47.429952	14.051582
109	#006699	#000000	#00000000	#00000000		53.498549	54.701979	56.545726	10.123603	56.545726	10.123603	54.833737	12.421346	51.987838	12.087592	51.987838	12.087592	51.987838	12.087592	51.987838	12.087592	53.699827	9.789850	52.565918	7.158353	52.565918	7.158353	52.565918	7.158353	55.411817	7.492107	56.545726	10.123603
110	#66ccff	#000000	#00000000	#00000000		53.498549	54.701979	57.123804	5.194363	57.123804	5.194363	54.277905	4.860610	52.565918	7.158353	52.565918	7.158353	52.565918	7.158353	52.565918	7.158353	55.411817	7.492107	56.545726	10.123603	56.545726	10.123603	56.545726	10.123603	58.257713	7.825860	57.123804	5.194363
111	#A0A0A0	#000000	#00000000	#00000000		53.498549	54.701979	47.429952	14.051582	47.429952	14.051582	48.563861	16.683078	51.409759	17.016835	51.409759	17.016835	51.409759	17.016835	51.409759	17.016835	50.275849	14.385338	51.987839	12.087596	51.987839	12.087596	51.987839	12.087596	49.141941	11.753840	47.429952	14.051582
112	#A0A0A0	#000000	#00000000	#00000000		53.498549	54.701979	47.429952	14.051582	47.429952	14.051582	44.584053	13.717828	42.872063	16.015571	42.872063	16.015571	42.872063	16.015571	42.872063	16.015571	45.717962	16.349325	46.851871	18.980821	46.851871	18.980821	46.851871	18.980821	48.563861	16.683078	47.429952	14.051582
113	#A0A0A0	#000000	#00000000	#00000000		53.498549	54.701979	42.872063	16.015571	42.872063	16.015571	41.160076	18.313315	42.293985	20.944811	42.293985	20.944811	42.293985	20.944811	42.293985	20.944811	44.005972	18.647067	46.851871	18.980821	46.851871	18.980821	46.851871	18.980821	45.717962	16.349325	42.872063	16.015571
114	#66ccff	#000000	#00000000	#00000000		53.498549	54.701979	51.409759	17.016835	51.409759	17.016835	48.563861	16.683078	46.851871	18.980821	46.851871	18.980821	46.851871	18.980821	46.851871	18.980821	49.697769	19.314577	50.831678	21.946074	50.831678	21.946074	50.831678	21.946074	52.543668	19.648331	51.409759	17.016835
115	#A0A0A0	#000000	#00000000	#00000000		53.498549	54.701979	55.389565	19.982090	55.389565	19.982090	54.255657	17.350591	51.409759	17.016835	51.409759	17.016835	51.409759	17.016835	51.409759	17.016835	52.543667	19.648334	50.831677	21.946076	50.831677	21.946076	50.831677	21.946076	53.677575	22.279833	55.389565	19.982090
116	#A0A0A0	#000000	#00000000	#00000000		53.498549	54.701979	51.409759	17.016835	51.409759	17.016835	54.255658	17.350589	55.967647	15.052846	55.967647	15.052846	55.967647	15.052846	55.967647	15.052846	53.121748	14.719092	51.987839	12.087596	51.987839	12.087596	51.987839	12.087596	50.275849	14.385338	51.409759	17.016835
117	#006699	#000000	#00000000	#00000000		53.498549	54.701979	46.851871	18.980821	46.851871	18.980821	49.697769	19.314577	50.831677	21.946076	50.831677	21.946076	50.831677	21.946076	50.831677	21.946076	47.985779	21.612320	46.273790	23.910062	46.273790	23.910062	46.273790	23.910062	45.139881	21.278564	46.851871	18.980821
118	#66ccff	#000000	#00000000	#00000000		53.498549	54.701979	42.293985	20.944811	42.293985	20.944811	43.427894	23.576307	46.273793	23.910061	46.273793	23.910061	46.273793	23.910061	46.273793	23.910061	45.139884	21.278565	46.851871	18.980821	46.851871	18.980821	46.851871	18.980821	44.005972	18.647067	42.293985	20.944811
119	#66ccff	#000000	#00000000	#00000000		53.498549	54.701979	50.831677	21.946076	50.831677	21.946076	47.985779	21.612320	46.273790	23.910062	46.273790	23.910062	46.273790	23.910062	46.273790	23.910062	49.119687	24.243819	50.253596	26.875318	50.253596	26.875318	50.253596	26.875318	51.965585	24.577575	50.831677	21.946076
120	#A0A0A0	#000000	#00000000	#00000000		53.498549	54.701979	54.811483	24.911332	54.811483	24.911332	56.523473	22.613589	55.389565	19.982090	55.389565	19.982090	55.389565	19.982090	55.389565	19.982090	53.677575	22.279833	50.831677	21.946076	50.831677	21.946076	50.831677	21.946076	51.965585	24.577575	54.811483	24.911332
121	#A0A0A0	#000000	#00000000	#00000000		53.498549	54.701979	54.811483	24.911332	54.811483	24.911332	51.965585	24.577575	50.253596	26.875318	50.253596	26.875318	50.253596	26.875318	50.253596	26.875318	53.099493	27.209074	54.233403	29.840571	54.233403	29.840571	54.233403	29.840571	55.945392	27.542828	54.811483	24.911332
122	#A0A0A0	#000000	#00000000	#00000000		53.498549	54.701979	50.253594	26.875320	50.253594	26.875320	48.541605	29.173063	49.675514	31.804559	49.675514	31.804559	49.675514	31.804559	49.675514	31.804559	51.387504	29.506817	54.233403	29.840571	54.233403	29.840571	54.233403	29.840571	53.099493	27.209074	50.253594	26.875320
123	#ffffff	#000000	#00000000	#00000000		53.498549	54.701979	50.253594	26.875320	50.253594	26.875320	49.119685	24.243824	46.273787	23.910068	46.273787	23.910068	46.273787	23.910068	46.273787	23.910068	47.407697	26.541564	45.695707	28.839307	45.695707	28.839307	45.695707	28.839307	48.541605	29.173063	50.253594	26.875320
124	#ffffff	#000000	#00000000	#00000000		53.498549	54.701979	46.273787	23.910068	46.273787	23.910068	43.427888	23.576314	41.715899	25.874057	41.715899	25.874057	41.715899	25.874057	41.715899	25.874057	44.561798	26.207810	45.695707	28.839307	45.695707	28.839307	45.695707	28.839307	47.407697	26.541564	46.273787	23.910068
125	#66ccff	#000000	#00000000	#00000000		53.498549	54.701979	41.715899	25.874057	41.715899	25.874057	40.003911	28.171800	41.137821	30.803297	41.137821	30.803297	41.137821	30.803297	41.137821	30.803297	42.849808	28.505553	45.695707	28.839307	45.695707	28.839307	45.695707	28.839307	44.561798	26.207810	41.715899	25.874057
126	#66ccff	#000000	#00000000	#00000000		53.498549	54.701979	45.695707	28.839307	45.695707	28.839307	43.983717	31.137049	45.117625	33.768548	45.117625	33.768548	45.117625	33.768548	45.117625	33.768548	46.829615	31.470806	49.675513	31.804562	49.675513	31.804562	49.675513	31.804562	48.541605	29.173063	45.695707	28.839307
127	#006699	#000000	#00000000	#00000000		53.498549	54.701979	41.137819	30.803293	41.137819	30.803293	42.849809	28.505550	45.695707	28.839307	45.695707	28.839307	45.695707	28.839307	45.695707	28.839307	43.983717	31.137049	45.117625	33.768548	45.117625	33.768548	45.117625	33.768548	42.271727	33.434792	41.137819	30.803293
128	#66ccff	#000000	#00000000	#00000000		53.498549	54.701979	40.559738	35.732534	40.559738	35.732534	43.405636	36.066291	45.117625	33.768548	45.117625	33.768548	45.117625	33.768548	45.117625	33.768548	42.271727	33.434792	41.137819	30.803293	41.137819	30.803293	41.137819	30.803293	39.425829	33.101035	40.559738	35.732534
129	#A0A0A0	#000000	#00000000	#00000000		53.498549	54.701979	36.579932	32.767279	36.579932	32.767279	37.713841	35.398775	40.559739	35.732532	40.559739	35.732532	40.559739	35.732532	40.559739	35.732532	39.425829	33.101035	41.137819	30.803293	41.137819	30.803293	41.137819	30.803293	38.291921	30.469536	36.579932	32.767279
130	#66ccff	#000000	#00000000	#00000000		53.498549	54.701979	40.559739	35.732532	40.559739	35.732532	37.713841	35.398775	36.001851	37.696518	36.001851	37.696518	36.001851	37.696518	36.001851	37.696518	38.847749	38.030274	39.981657	40.661773	39.981657	40.661773	39.981657	40.661773	41.693647	38.364031	40.559739	35.732532
131	#ffffff	#000000	#00000000	#00000000		53.498549	54.701979	31.443963	39.660504	31.443963	39.660504	34.289861	39.994260	36.001851	37.696518	36.001851	37.696518	36.001851	37.696518	36.001851	37.696518	33.155953	37.362761	32.022044	34.731265	32.022044	34.731265	32.022044	34.731265	30.310054	37.029008	31.443963	39.660504
132	#66ccff	#000000	#00000000	#00000000		53.498549	54.701979	32.022044	34.731265	32.022044	34.731265	30.888135	32.099769	28.042237	31.766012	28.042237	31.766012	28.042237	31.766012	28.042237	31.766012	29.176146	34.397509	27.464156	36.695251	27.464156	36.695251	27.464156	36.695251	30.310054	37.029008	32.022044	34.731265
133	#ffffff	#000000	#00000000	#00000000		53.498549	54.701979	27.464156	36.695251	27.464156	36.695251	29.176146	34.397509	28.042237	31.766012	28.042237	31.766012	28.042237	31.766012	28.042237	31.766012	26.330247	34.063755	23.484348	33.730001	23.484348	33.730001	23.484348	33.730001	24.618257	36.361498	27.464156	36.695251
134	#66ccff	#000000	#00000000	#00000000		53.498549	54.701979	18.926462	35.693991	18.926462	35.693991	21.772361	36.027745	23.484348	33.730001	23.484348	33.730001	23.484348	33.730001	23.484348	33.730001	20.638449	33.396247	19.504540	30.764751	19.504540	30.764751	19.504540	30.764751	17.792553	33.062495	18.926462	35.693991
135	#A0A0A0	#000000	#00000000	#00000000		53.498549	54.701979	14.946656	32.728742	14.946656	32.728742	16.080566	35.360238	18.926462	35.693991	18.926462	35.693991	18.926462	35.693991	18.926462	35.693991	17.792553	33.062495	19.504540	30.764751	19.504540	30.764751	19.504540	30.764751	16.658643	30.430999	14.946656	32.728742
136	#ffffff	#000000	#00000000	#00000000		53.498549	54.701979	14.946656	32.728742	14.946656	32.728742	12.100760	32.394990	10.388773	34.692733	10.388773	34.692733	10.388773	34.692733	10.388773	34.692733	13.234669	35.026486	14.368578	37.657982	14.368578	37.657982	14.368578	37.657982	16.080566	35.360238	14.946656	32.728742
137	#66ccff	#000000	#00000000	#00000000		53.498549	54.701979	5.830889	36.656724	5.830889	36.656724	8.676786	36.990477	10.388773	34.692733	10.388773	34.692733	10.388773	34.692733	10.388773	34.692733	7.542877	34.358981	6.408967	31.727484	6.408967	31.727484	6.408967	31.727484	4.696980	34.025228	5.830889	36.656724
138	#ffffff	#000000	#00000000	#00000000		53.498549	54.701979	1.851084	33.691475	1.851084	33.691475	2.984993	36.322972	5.830889	36.656724	5.830889	36.656724	5.830889	36.656724	5.830889	36.656724	4.696980	34.025228	6.408967	31.727484	6.408967	31.727484	6.408967	31.727484	3.563071	31.393732	1.851084	33.691475
139	#ffffff	#000000	#00000000	#00000000		53.498549	54.701979	-3.284893	40.584691	-3.284893	40.584691	-0.438994	40.918444	1.272993	38.620701	1.272993	38.620701	1.272993	38.620701	1.272993	38.620701	-1.572906	38.286947	-2.706815	35.655451	-2.706815	35.655451	-2.706815	35.655451	-4.418802	37.953194	-3.284893	40.584691
140	#66ccff	#000000	#00000000	#00000000		53.498549	54.701979	5.830889	36.656724	5.830889	36.656724	2.984993	36.322972	1.273006	38.620715	1.273006	38.620715	1.273006	38.620715	1.273006	38.620715	4.118902	38.954468	5.252812	41.585964	5.252812	41.585964	5.252812	41.585964	6.964799	39.288221	5.830889	36.656724
141	#A0A0A0	#000000	#00000000	#00000000		53.498549	54.701979	9.810695	39.621973	9.810695	39.621973	8.676786	36.990477	5.830889	36.656724	5.830889	36.656724	5.830889	36.656724	5.830889	36.656724	6.964799	39.288221	5.252812	41.585964	5.252812	41.585964	5.252812	41.585964	8.098708	41.919717	9.810695	39.621973
142	#ffffff	#000000	#00000000	#00000000		53.498549	54.701979	10.388776	34.692734	10.388776	34.692734	8.676786	36.990477	9.810695	39.621973	9.810695	39.621973	9.810695	39.621973	9.810695	39.621973	11.522685	37.324231	14.368584	37.657984	14.368584	37.657984	14.368584	37.657984	13.234675	35.026488	10.388776	34.692734
143	#66ccff	#000000	#00000000	#00000000		53.498549	54.701979	14.368578	37.657982	14.368578	37.657982	15.502488	40.289478	18.348384	40.623231	18.348384	40.623231	18.348384	40.623231	18.348384	40.623231	17.214475	37.991735	18.926462	35.693991	18.926462	35.693991	18.926462	35.693991	16.080566	35.360238	14.368578	37.657982
144	#006699	#000000	#00000000	#00000000		53.498549	54.701979	13.790501	42.587222	13.790501	42.587222	12.656591	39.955726	14.368578	37.657982	14.368578	37.657982	14.368578	37.657982	14.368578	37.657982	15.502488	40.289478	18.348384	40.623231	18.348384	40.623231	18.348384	40.623231	16.636397	42.920975	13.790501	42.587222
145	#ffffff	#000000	#00000000	#00000000		53.498549	54.701979	18.926462	35.693991	18.926462	35.693991	17.214475	37.991735	18.348384	40.623231	18.348384	40.623231	18.348384	40.623231	18.348384	40.623231	20.060371	38.325487	22.906268	38.659240	22.906268	38.659240	22.906268	38.659240	21.772358	36.027744	18.926462	35.693991
146	#66ccff	#000000	#00000000	#00000000		53.498549	54.701979	22.906268	38.659240	22.906268	38.659240	25.752167	38.992994	27.464156	36.695251	27.464156	36.695251	27.464156	36.695251	27.464156	36.695251	24.618257	36.361498	23.484348	33.730001	23.484348	33.730001	23.484348	33.730001	21.772358	36.027744	22.906268	38.659240
147	#006699	#000000	#00000000	#00000000		53.498549	54.701979	26.886076	41.624490	26.886076	41.624490	24.040178	41.290734	22.906269	38.659237	22.906269	38.659237	22.906269	38.659237	22.906269	38.659237	25.752167	38.992994	27.464156	36.695251	27.464156	36.695251	27.464156	36.695251	28.598066	39.326748	26.886076	41.624490
148	#66ccff	#000000	#00000000	#00000000		53.498549	54.701979	31.443962	39.660507	31.443962	39.660507	30.310054	37.029008	27.464156	36.695251	27.464156	36.695251	27.464156	36.695251	27.464156	36.695251	28.598064	39.326750	26.886075	41.624493	26.886075	41.624493	26.886075	41.624493	29.731973	41.958249	31.443962	39.660507
149	#A0A0A0	#000000	#00000000	#00000000		53.498549	54.701979	30.865881	44.589748	30.865881	44.589748	32.577871	42.292006	31.443962	39.660507	31.443962	39.660507	31.443962	39.660507	31.443962	39.660507	29.731973	41.958249	26.886075	41.624493	26.886075	41.624493	26.886075	41.624493	28.019983	44.255992	30.865881	44.589748
150	#66ccff	#000000	#00000000	#00000000		53.498549	54.701979	35.423768	42.625762	35.423768	42.625762	37.135758	40.328019	36.001850	37.696521	36.001850	37.696521	36.001850	37.696521	36.001850	37.696521	34.289860	39.994263	31.443962	39.660507	31.443962	39.660507	31.443962	39.660507	32.577871	42.292006	35.423768	42.625762
151	#006699	#000000	#00000000	#00000000		53.498549	54.701979	39.981656	40.661776	39.981656	40.661776	38.269666	42.959518	35.423768	42.625762	35.423768	42.625762	35.423768	42.625762	35.423768	42.625762	37.135758	40.328019	36.001850	37.696521	36.001850	37.696521	36.001850	37.696521	38.847748	38.030277	39.981656	40.661776
152	#66ccff	#000000	#00000000	#00000000		53.498549	54.701979	39.403574	45.591017	39.403574	45.591017	41.115564	43.293275	39.981656	40.661776	39.981656	40.661776	39.981656	40.661776	39.981656	40.661776	38.269666	42.959518	35.423768	42.625762	35.423768	42.625762	35.423768	42.625762	36.557677	45.257261	39.403574	45.591017
153	#A0A0A0	#000000	#00000000	#00000000		53.498549	54.701979	44.539545	38.697787	44.539545	38.697787	43.405636	36.066291	40.559738	35.732534	40.559738	35.732534	40.559738	35.732534	40.559738	35.732534	41.693647	38.364031	39.981657	40.661773	39.981657	40.661773	39.981657	40.661773	42.827555	40.995530	44.539545	38.697787
154	#ffffff	#000000	#00000000	#00000000		53.498549	54.701979	45.117625	33.768548	45.117625	33.768548	43.405636	36.066291	44.539545	38.697787	44.539545	38.697787	44.539545	38.697787	44.539545	38.697787	46.251535	36.400045	49.097434	36.733798	49.097434	36.733798	49.097434	36.733798	47.963524	34.102302	45.117625	33.768548
155	#ffffff	#000000	#00000000	#00000000		53.498549	54.701979	49.675511	31.804558	49.675511	31.804558	46.829612	31.470805	45.117625	33.768548	45.117625	33.768548	45.117625	33.768548	45.117625	33.768548	47.963524	34.102302	49.097434	36.733798	49.097434	36.733798	49.097434	36.733798	50.809421	34.436055	49.675511	31.804558
156	#66ccff	#000000	#00000000	#00000000		53.498549	54.701979	49.675511	31.804558	49.675511	31.804558	50.809421	34.436055	53.655320	34.769808	53.655320	34.769808	53.655320	34.769808	53.655320	34.769808	52.521410	32.138312	54.233400	29.840569	54.233400	29.840569	54.233400	29.840569	51.387501	29.506816	49.675511	31.804558
157	#66ccff	#000000	#00000000	#00000000		53.498549	54.701979	49.097434	36.733798	49.097434	36.733798	50.231343	39.365295	53.077239	39.699047	53.077239	39.699047	53.077239	39.699047	53.077239	39.699047	51.943330	37.067551	53.655317	34.769807	53.655317	34.769807	53.655317	34.769807	50.809421	34.436055	49.097434	36.733798
158	#006699	#000000	#00000000	#00000000		53.498549	54.701979	48.519353	41.663037	48.519353	41.663037	47.385444	39.031541	49.097434	36.733798	49.097434	36.733798	49.097434	36.733798	49.097434	36.733798	50.231343	39.365295	53.077242	39.699048	53.077242	39.699048	53.077242	39.699048	51.365252	41.996791	48.519353	41.663037
159	#66ccff	#000000	#00000000	#00000000		53.498549	54.701979	52.499161	44.628287	52.499161	44.628287	54.211148	42.330544	53.077239	39.699047	53.077239	39.699047	53.077239	39.699047	53.077239	39.699047	51.365252	41.996791	48.519353	41.663037	48.519353	41.663037	48.519353	41.663037	49.653262	44.294533	52.499161	44.628287
160	#A0A0A0	#000000	#00000000	#00000000		53.498549	54.701979	47.941273	46.592276	47.941273	46.592276	50.787172	46.926030	52.499161	44.628287	52.499161	44.628287	52.499161	44.628287	52.499161	44.628287	49.653262	44.294533	48.519353	41.663037	48.519353	41.663037	48.519353	41.663037	46.807363	43.960780	47.941273	46.592276
161	#66ccff	#000000	#00000000	#00000000		53.498549	54.701979	52.499161	44.628287	52.499161	44.628287	50.787172	46.926030	51.921081	49.557526	51.921081	49.557526	51.921081	49.557526	51.921081	49.557526	53.633071	47.259784	56.478968	47.593540	56.478968	47.593540	56.478968	47.593540	55.345059	44.962044	52.499161	44.628287
162	#ffffff	#000000	#00000000	#00000000		53.498549	54.701979	51.343000	54.486765	51.343000	54.486765	53.054990	52.189022	51.921081	49.557526	51.921081	49.557526	51.921081	49.557526	51.921081	49.557526	50.209091	51.855269	47.363192	51.521515	47.363192	51.521515	47.363192	51.521515	48.497101	54.153011	51.343000	54.486765
163	#ffffff	#000000	#00000000	#00000000		53.498549	54.701979	51.921081	49.557526	51.921081	49.557526	50.787172	46.926030	47.941273	46.592276	47.941273	46.592276	47.941273	46.592276	47.941273	46.592276	49.075182	49.223772	47.363195	51.521516	47.363195	51.521516	47.363195	51.521516	50.209094	51.855270	51.921081	49.557526
164	#A0A0A0	#000000	#00000000	#00000000		53.498549	54.701979	43.961464	43.627026	43.961464	43.627026	45.095374	46.258522	47.941273	46.592276	47.941273	46.592276	47.941273	46.592276	47.941273	46.592276	46.807363	43.960780	48.519350	41.663036	48.519350	41.663036	48.519350	41.663036	45.673451	41.329282	43.961464	43.627026
165	#66ccff	#000000	#00000000	#00000000		53.498549	54.701979	44.539542	38.697786	44.539542	38.697786	45.673451	41.329282	48.519350	41.663036	48.519350	41.663036	48.519350	41.663036	48.519350	41.663036	47.385441	39.031540	49.097428	36.733796	49.097428	36.733796	49.097428	36.733796	46.251529	36.400042	44.539542	38.697786
166	#A0A0A0	#000000	#00000000	#00000000		53.498549	54.701979	43.961464	43.627026	43.961464	43.627026	45.673451	41.329282	44.539542	38.697786	44.539542	38.697786	44.539542	38.697786	44.539542	38.697786	42.827555	40.995530	39.981659	40.661777	39.981659	40.661777	39.981659	40.661777	41.115568	43.293273	43.961464	43.627026
167	#A0A0A0	#000000	#00000000	#00000000		53.498549	54.701979	43.961464	43.627026	43.961464	43.627026	41.115568	43.293273	39.403581	45.591017	39.403581	45.591017	39.403581	45.591017	39.403581	45.591017	42.249477	45.924770	43.383386	48.556266	43.383386	48.556266	43.383386	48.556266	45.095374	46.258522	43.961464	43.627026
168	#66ccff	#000000	#00000000	#00000000		53.498549	54.701979	47.941270	46.592275	47.941270	46.592275	45.095374	46.258522	43.383386	48.556266	43.383386	48.556266	43.383386	48.556266	43.383386	48.556266	46.229283	48.890019	47.363192	51.521515	47.363192	51.521515	47.363192	51.521515	49.075179	49.223771	47.941270	46.592275
169	#006699	#000000	#00000000	#00000000		53.498549	54.701979	43.383384	48.556265	43.383384	48.556265	46.229283	48.890019	47.363192	51.521515	47.363192	51.521515	47.363192	51.521515	47.363192	51.521515	44.517293	51.187761	42.805303	53.485504	42.805303	53.485504	42.805303	53.485504	41.671394	50.854007	43.383384	48.556265
170	#66ccff	#000000	#00000000	#00000000		53.498549	54.701979	47.363192	51.521515	47.363192	51.521515	44.517293	51.187761	42.805303	53.485504	42.805303	53.485504	42.805303	53.485504	42.805303	53.485504	45.651202	53.819257	46.785112	56.450754	46.785112	56.450754	46.785112	56.450754	48.497101	54.153011	47.363192	51.521515
171	#66ccff	#000000	#00000000	#00000000		53.498549	54.701979	38.825496	50.520251	38.825496	50.520251	39.959405	53.151747	42.805303	53.485504	42.805303	53.485504	42.805303	53.485504	42.805303	53.485504	41.671394	50.854007	43.383384	48.556265	43.383384	48.556265	43.383384	48.556265	40.537486	48.222508	38.825496	50.520251
172	#A0A0A0	#000000	#00000000	#00000000		53.498549	54.701979	39.403578	45.591009	39.403578	45.591009	37.691588	47.888752	38.825496	50.520251	38.825496	50.520251	38.825496	50.520251	38.825496	50.520251	40.537486	48.222508	43.383384	48.556265	43.383384	48.556265	43.383384	48.556265	42.249476	45.924766	39.403578	45.591009
173	#ffffff	#000000	#00000000	#00000000		53.498549	54.701979	34.845690	47.554996	34.845690	47.554996	37.691588	47.888752	39.403578	45.591009	39.403578	45.591009	39.403578	45.591009	39.403578	45.591009	36.557680	45.257253	35.423771	42.625757	35.423771	42.625757	35.423771	42.625757	33.711781	44.923499	34.845690	47.554996
174	#ffffff	#000000	#00000000	#00000000		53.498549	54.701979	30.865883	44.589743	30.865883	44.589743	31.999792	47.221239	34.845690	47.554996	34.845690	47.554996	34.845690	47.554996	34.845690	47.554996	33.711781	44.923499	35.423771	42.625757	35.423771	42.625757	35.423771	42.625757	32.577873	42.292000	30.865883	44.589743
175	#A0A0A0	#000000	#00000000	#00000000		53.498549	54.701979	26.307993	46.553734	26.307993	46.553734	29.153891	46.887491	30.865881	44.589748	30.865881	44.589748	30.865881	44.589748	30.865881	44.589748	28.019983	44.255992	26.886075	41.624493	26.886075	41.624493	26.886075	41.624493	25.174085	43.922235	26.307993	46.553734
176	#66ccff	#000000	#00000000	#00000000		53.498549	54.701979	22.328187	43.588479	22.328187	43.588479	25.174085	43.922235	26.886075	41.624493	26.886075	41.624493	26.886075	41.624493	26.886075	41.624493	24.040177	41.290736	22.906268	38.659240	22.906268	38.659240	22.906268	38.659240	21.194278	40.956983	22.328187	43.588479
177	#ffffff	#000000	#00000000	#00000000		53.498549	54.701979	18.348380	40.623226	18.348380	40.623226	19.482289	43.254723	22.328187	43.588479	22.328187	43.588479	22.328187	43.588479	22.328187	43.588479	21.194278	40.956983	22.906268	38.659240	22.906268	38.659240	22.906268	38.659240	20.060370	38.325484	18.348380	40.623226
178	#66ccff	#000000	#00000000	#00000000		53.498549	54.701979	17.770299	45.552465	17.770299	45.552465	19.482289	43.254723	18.348380	40.623226	18.348380	40.623226	18.348380	40.623226	18.348380	40.623226	16.636390	42.920969	13.790491	42.587215	13.790491	42.587215	13.790491	42.587215	14.924400	45.218711	17.770299	45.552465
179	#66ccff	#000000	#00000000	#00000000		53.498549	54.701979	9.810698	39.621974	9.810698	39.621974	10.944607	42.253471	13.790506	42.587224	13.790506	42.587224	13.790506	42.587224	13.790506	42.587224	12.656597	39.955728	14.368584	37.657984	14.368584	37.657984	14.368584	37.657984	11.522685	37.324231	9.810698	39.621974
180	#A0A0A0	#000000	#00000000	#00000000		53.498549	54.701979	9.232617	44.551213	9.232617	44.551213	10.944607	42.253471	9.810698	39.621974	9.810698	39.621974	9.810698	39.621974	9.810698	39.621974	8.098708	41.919717	5.252809	41.585963	5.252809	41.585963	5.252809	41.585963	6.386718	44.217459	9.232617	44.551213
181	#66ccff	#000000	#00000000	#00000000		53.498549	54.701979	4.674728	46.515202	4.674728	46.515202	6.386718	44.217459	5.252809	41.585963	5.252809	41.585963	5.252809	41.585963	5.252809	41.585963	3.540819	43.883706	0.694920	43.549952	0.694920	43.549952	0.694920	43.549952	1.828829	46.181448	4.674728	46.515202
182	#006699	#000000	#00000000	#00000000		53.498549	54.701979	5.252806	41.585962	5.252806	41.585962	3.540819	43.883706	0.694920	43.549952	0.694920	43.549952	0.694920	43.549952	0.694920	43.549952	2.406907	41.252208	1.272998	38.620712	1.272998	38.620712	1.272998	38.620712	4.118897	38.954466	5.252806	41.585962
183	#ffffff	#000000	#00000000	#00000000		53.498549	54.701979	0.116840	48.479191	0.116840	48.479191	2.962739	48.812945	4.674728	46.515202	4.674728	46.515202	4.674728	46.515202	4.674728	46.515202	1.828829	46.181448	0.694920	43.549952	0.694920	43.549952	0.694920	43.549952	-1.017070	45.847694	0.116840	48.479191
184	#A0A0A0	#000000	#00000000	#00000000		53.498549	54.701979	9.232617	44.551213	9.232617	44.551213	6.386718	44.217459	4.674731	46.515203	4.674731	46.515203	4.674731	46.515203	4.674731	46.515203	7.520630	46.848957	8.654539	49.480453	8.654539	49.480453	8.654539	49.480453	10.366526	47.182709	9.232617	44.551213
185	#A0A0A0	#000000	#00000000	#00000000		53.498549	54.701979	9.232617	44.551213	9.232617	44.551213	10.366526	47.182709	13.212425	47.516463	13.212425	47.516463	13.212425	47.516463	13.212425	47.516463	12.078516	44.884967	13.790506	42.587224	13.790506	42.587224	13.790506	42.587224	10.944607	42.253471	9.232617	44.551213
186	#A0A0A0	#000000	#00000000	#00000000		53.498549	54.701979	13.212425	47.516463	13.212425	47.516463	16.058323	47.850220	17.770313	45.552477	17.770313	45.552477	17.770313	45.552477	17.770313	45.552477	14.924415	45.218721	13.790506	42.587224	13.790506	42.587224	13.790506	42.587224	12.078516	44.884967	13.212425	47.516463
187	#A0A0A0	#000000	#00000000	#00000000		53.498549	54.701979	22.328201	43.588491	22.328201	43.588491	19.482303	43.254735	17.770313	45.552477	17.770313	45.552477	17.770313	45.552477	17.770313	45.552477	20.616211	45.886233	21.750120	48.517730	21.750120	48.517730	21.750120	48.517730	23.462110	46.219987	22.328201	43.588491
188	#A0A0A0	#000000	#00000000	#00000000		53.498549	54.701979	26.308009	46.553741	26.308009	46.553741	25.174100	43.922245	22.328201	43.588491	22.328201	43.588491	22.328201	43.588491	22.328201	43.588491	23.462110	46.219987	21.750120	48.517730	21.750120	48.517730	21.750120	48.517730	24.596019	48.851484	26.308009	46.553741
189	#A0A0A0	#000000	#00000000	#00000000		53.498549	54.701979	26.307993	46.553734	26.307993	46.553734	24.596003	48.851477	25.729912	51.482976	25.729912	51.482976	25.729912	51.482976	25.729912	51.482976	27.441901	49.185233	30.287799	49.518990	30.287799	49.518990	30.287799	49.518990	29.153891	46.887491	26.307993	46.553734
190	#66ccff	#000000	#00000000	#00000000		53.498549	54.701979	30.287799	49.518990	30.287799	49.518990	33.133697	49.852746	34.845687	47.555004	34.845687	47.555004	34.845687	47.555004	34.845687	47.555004	31.999789	47.221247	30.865881	44.589748	30.865881	44.589748	30.865881	44.589748	29.153891	46.887491	30.287799	49.518990
191	#66ccff	#000000	#00000000	#00000000		53.498549	54.701979	38.825496	50.520251	38.825496	50.520251	37.691588	47.888752	34.845690	47.554996	34.845690	47.554996	34.845690	47.554996	34.845690	47.554996	35.979598	50.186495	34.267609	52.484237	34.267609	52.484237	34.267609	52.484237	37.113506	52.817994	38.825496	50.520251
192	#006699	#000000	#00000000	#00000000		53.498549	54.701979	34.267609	52.484237	34.267609	52.484237	31.421711	52.150481	30.287801	49.518984	30.287801	49.518984	30.287801	49.518984	30.287801	49.518984	33.133699	49.852741	34.845689	47.554998	34.845689	47.554998	34.845689	47.554998	35.979598	50.186495	34.267609	52.484237
193	#A0A0A0	#000000	#00000000	#00000000		53.498549	54.701979	25.729912	51.482976	25.729912	51.482976	26.863820	54.114475	29.709718	54.448231	29.709718	54.448231	29.709718	54.448231	29.709718	54.448231	28.575809	51.816732	30.287799	49.518990	30.287799	49.518990	30.287799	49.518990	27.441901	49.185233	25.729912	51.482976
194	#66ccff	#000000	#00000000	#00000000		53.498549	54.701979	29.709719	54.448229	29.709719	54.448229	32.555617	54.781985	34.267606	52.484242	34.267606	52.484242	34.267606	52.484242	34.267606	52.484242	31.421708	52.150486	30.287799	49.518990	30.287799	49.518990	30.287799	49.518990	28.575809	51.816732	29.709719	54.448229
195	#ffffff	#000000	#00000000	#00000000		53.498549	54.701979	38.247415	55.449493	38.247415	55.449493	39.959404	53.151750	38.825496	50.520251	38.825496	50.520251	38.825496	50.520251	38.825496	50.520251	37.113506	52.817994	34.267609	52.484237	34.267609	52.484237	34.267609	52.484237	35.401517	55.115736	38.247415	55.449493
196	#ffffff	#000000	#00000000	#00000000		53.498549	54.701979	33.689526	57.413481	33.689526	57.413481	36.535424	57.747238	38.247414	55.449495	38.247414	55.449495	38.247414	55.449495	38.247414	55.449495	35.401516	55.115739	34.267606	52.484242	34.267606	52.484242	34.267606	52.484242	32.555617	54.781985	33.689526	57.413481
197	#66ccff	#000000	#00000000	#00000000		53.498549	54.701979	55.900889	52.522776	55.900889	52.522776	54.766980	49.891280	51.921081	49.557526	51.921081	49.557526	51.921081	49.557526	51.921081	49.557526	53.054990	52.189022	51.343000	54.486765	51.343000	54.486765	51.343000	54.486765	54.188899	54.820519	55.900889	52.522776
198	#ffffff	#000000	#00000000	#00000000		53.498549	54.701979	25.151830	56.412217	25.151830	56.412217	26.863820	54.114475	25.729912	51.482976	25.729912	51.482976	25.729912	51.482976	25.729912	51.482976	24.017922	53.780718	21.172024	53.446962	21.172024	53.446962	21.172024	53.446962	22.305932	56.078461	25.151830	56.412217
199	#66ccff	#000000	#00000000	#00000000		53.498549	54.701979	25.729912	51.482976	25.729912	51.482976	24.596003	48.851477	21.750106	48.517721	21.750106	48.517721	21.750106	48.517721	21.750106	48.517721	22.884014	51.149219	21.172024	53.446962	21.172024	53.446962	21.172024	53.446962	24.017922	53.780718	25.729912	51.482976
200	#006699	#000000	#00000000	#00000000		53.498549	54.701979	21.750104	48.517723	21.750104	48.517723	22.884014	51.149219	21.172024	53.446962	21.172024	53.446962	21.172024	53.446962	21.172024	53.446962	20.038115	50.815466	17.192217	50.481709	17.192217	50.481709	17.192217	50.481709	18.904207	48.183967	21.750104	48.517723
201	#66ccff	#000000	#00000000	#00000000		53.498549	54.701979	17.770312	45.552480	17.770312	45.552480	16.058322	47.850222	17.192232	50.481719	17.192232	50.481719	17.192232	50.481719	17.192232	50.481719	18.904221	48.183976	21.750120	48.517730	21.750120	48.517730	21.750120	48.517730	20.616211	45.886233	17.770312	45.552480
202	#66ccff	#000000	#00000000	#00000000		53.498549	54.701979	21.172023	53.446965	21.172023	53.446965	20.038115	50.815466	17.192217	50.481709	17.192217	50.481709	17.192217	50.481709	17.192217	50.481709	18.326125	53.113208	16.614135	55.410951	16.614135	55.410951	16.614135	55.410951	19.460033	55.744707	21.172023	53.446965
203	#ffffff	#000000	#00000000	#00000000		53.498549	54.701979	16.614135	55.410951	16.614135	55.410951	18.326125	53.113208	17.192217	50.481709	17.192217	50.481709	17.192217	50.481709	17.192217	50.481709	15.480227	52.779452	12.634329	52.445696	12.634329	52.445696	12.634329	52.445696	13.768237	55.077194	16.614135	55.410951
204	#ffffff	#000000	#00000000	#00000000		53.498549	54.701979	17.192217	50.481709	17.192217	50.481709	16.058308	47.850213	13.212410	47.516457	13.212410	47.516457	13.212410	47.516457	13.212410	47.516457	14.346319	50.147953	12.634329	52.445696	12.634329	52.445696	12.634329	52.445696	15.480227	52.779452	17.192217	50.481709
205	#66ccff	#000000	#00000000	#00000000		53.498549	54.701979	13.212410	47.516457	13.212410	47.516457	10.366511	47.182703	8.654521	49.480445	8.654521	49.480445	8.654521	49.480445	8.654521	49.480445	11.500420	49.814199	12.634329	52.445696	12.634329	52.445696	12.634329	52.445696	14.346319	50.147953	13.212410	47.516457
206	#006699	#000000	#00000000	#00000000		53.498549	54.701979	8.654521	49.480445	8.654521	49.480445	11.500420	49.814199	12.634329	52.445696	12.634329	52.445696	12.634329	52.445696	12.634329	52.445696	9.788430	52.111942	8.076440	54.409684	8.076440	54.409684	8.076440	54.409684	6.942531	51.778188	8.654521	49.480445
207	#66ccff	#000000	#00000000	#00000000		53.498549	54.701979	12.634329	52.445696	12.634329	52.445696	9.788431	52.111939	8.076442	54.409682	8.076442	54.409682	8.076442	54.409682	8.076442	54.409682	10.922339	54.743438	12.056248	57.374937	12.056248	57.374937	12.056248	57.374937	13.768237	55.077194	12.634329	52.445696
208	#66ccff	#000000	#00000000	#00000000		53.498549	54.701979	4.096633	51.444432	4.096633	51.444432	5.230543	54.075928	8.076440	54.409684	8.076440	54.409684	8.076440	54.409684	8.076440	54.409684	6.942531	51.778188	8.654521	49.480445	8.654521	49.480445	8.654521	49.480445	5.808623	49.146689	4.096633	51.444432
209	#A0A0A0	#000000	#00000000	#00000000		53.498549	54.701979	4.674715	46.515190	4.674715	46.515190	2.962725	48.812933	4.096633	51.444432	4.096633	51.444432	4.096633	51.444432	4.096633	51.444432	5.808623	49.146689	8.654521	49.480445	8.654521	49.480445	8.654521	49.480445	7.520613	46.848946	4.674715	46.515190
210	#ffffff	#000000	#00000000	#00000000		53.498549	54.701979	3.518552	56.373673	3.518552	56.373673	5.230541	54.075931	4.096633	51.444432	4.096633	51.444432	4.096633	51.444432	4.096633	51.444432	2.384644	53.742174	-0.461254	53.408418	-0.461254	53.408418	-0.461254	53.408418	0.672654	56.039917	3.518552	56.373673
211	#66ccff	#000000	#00000000	#00000000		53.498549	54.701979	4.096633	51.444432	4.096633	51.444432	2.962725	48.812933	0.116827	48.479176	0.116827	48.479176	0.116827	48.479176	0.116827	48.479176	1.250735	51.110675	-0.461254	53.408418	-0.461254	53.408418	-0.461254	53.408418	2.384644	53.742174	4.096633	51.444432
212	#ffffff	#000000	#00000000	#00000000		53.498549	54.701979	-3.862969	45.513941	-3.862969	45.513941	-2.729059	48.145437	0.116840	48.479191	0.116840	48.479191	0.116840	48.479191	0.116840	48.479191	-1.017070	45.847694	0.694920	43.549952	0.694920	43.549952	0.694920	43.549952	-2.150979	43.216198	-3.862969	45.513941
213	#66ccff	#000000	#00000000	#00000000		53.498549	54.701979	0.694920	43.549952	0.694920	43.549952	2.406907	41.252208	1.272998	38.620712	1.272998	38.620712	1.272998	38.620712	1.272998	38.620712	-0.438989	40.918456	-3.284888	40.584702	-3.284888	40.584702	-3.284888	40.584702	-2.150979	43.216198	0.694920	43.549952
214	#006699	#000000	#00000000	#00000000		53.498549	54.701979	1.339748	1.150766	1.339748	1.150766	3.051737	-1.146977	5.897635	-0.813221	5.897635	-0.813221	5.897635	-0.813221	5.897635	-0.813221	4.185645	1.484522	5.319554	4.116021	5.319554	4.116021	5.319554	4.116021	2.473656	3.782265	1.339748	1.150766
215	#66ccff	#000000	#00000000	#00000000		53.498549	54.701979	5.897635	-0.813221	5.897635	-0.813221	4.185645	1.484522	5.319554	4.116021	5.319554	4.116021	5.319554	4.116021	5.319554	4.116021	7.031543	1.818278	9.877441	2.152035	9.877441	2.152035	9.877441	2.152035	8.743533	-0.479464	5.897635	-0.813221
216	#A0A0A0	#000000	#00000000	#00000000		53.498549	54.701979	10.455523	-2.777207	10.455523	-2.777207	8.743533	-0.479464	9.877441	2.152035	9.877441	2.152035	9.877441	2.152035	9.877441	2.152035	11.589431	-0.145708	14.435329	0.188049	14.435329	0.188049	14.435329	0.188049	13.301421	-2.443450	10.455523	-2.777207
217	#ffffff	#000000	#00000000	#00000000		53.498549	54.701979	44.606307	1.227855	44.606307	1.227855	43.472398	-1.403641	40.626500	-1.737397	40.626500	-1.737397	40.626500	-1.737397	40.626500	-1.737397	41.760409	0.894099	40.048419	3.191841	40.048419	3.191841	40.048419	3.191841	42.894317	3.525598	44.606307	1.227855
218	#66ccff	#000000	#00000000	#00000000		53.498549	54.701979	45.184382	-3.701386	45.184382	-3.701386	43.472395	-1.403642	44.606304	1.227854	44.606304	1.227854	44.606304	1.227854	44.606304	1.227854	46.318291	-1.069889	49.164188	-0.736137	49.164188	-0.736137	49.164188	-0.736137	48.030278	-3.367633	45.184382	-3.701386
219	#66ccff	#000000	#00000000	#00000000		53.498549	54.701979	53.143999	2.229114	53.143999	2.229114	52.010089	-0.402382	49.164190	-0.736136	49.164190	-0.736136	49.164190	-0.736136	49.164190	-0.736136	50.298100	1.895361	48.586112	4.193104	48.586112	4.193104	48.586112	4.193104	51.432011	4.526858	53.143999	2.229114
220	#66ccff	#000000	#00000000	#00000000		53.498549	54.701979	40.626501	-1.737394	40.626501	-1.737394	37.780602	-2.071147	36.068613	0.226595	36.068613	0.226595	36.068613	0.226595	36.068613	0.226595	38.914512	0.560349	40.048421	3.191845	40.048421	3.191845	40.048421	3.191845	41.760411	0.894103	40.626501	-1.737394
221	#66ccff	#000000	#00000000	#00000000		53.498549	54.701979	14.435329	0.188049	14.435329	0.188049	15.569237	2.819548	18.415135	3.153304	18.415135	3.153304	18.415135	3.153304	18.415135	3.153304	17.281227	0.521805	18.993217	-1.775938	18.993217	-1.775938	18.993217	-1.775938	16.147319	-2.109694	14.435329	0.188049
222	#66ccff	#000000	#00000000	#00000000		53.498549	54.701979	1.917829	-3.778476	1.917829	-3.778476	0.205839	-1.480733	1.339748	1.150766	1.339748	1.150766	1.339748	1.150766	1.339748	1.150766	3.051737	-1.146977	5.897635	-0.813221	5.897635	-0.813221	5.897635	-0.813221	4.763727	-3.444720	1.917829	-3.778476
223	#66ccff	#000000	#00000000	#00000000		53.498549	54.701979	22.973023	1.189318	22.973023	1.189318	25.818922	1.523072	27.530911	-0.774671	27.530911	-0.774671	27.530911	-0.774671	27.530911	-0.774671	24.685012	-1.108425	23.551103	-3.739921	23.551103	-3.739921	23.551103	-3.739921	21.839113	-1.442178	22.973023	1.189318
224	#ffffff	#000000	#00000000	#00000000		53.498549	54.701979	57.057049	42.664301	57.057049	42.664301	54.211151	42.330545	52.499161	44.628287	52.499161	44.628287	52.499161	44.628287	52.499161	44.628287	55.345059	44.962044	56.478967	47.593543	56.478967	47.593543	56.478967	47.593543	58.190957	45.295800	57.057049	42.664301
225	#006699	#000000	#00000000	#00000000		53.498549	54.701979	56.478968	47.593540	56.478968	47.593540	57.612877	50.225039	55.900887	52.522781	55.900887	52.522781	55.900887	52.522781	55.900887	52.522781	54.766979	49.891283	51.921081	49.557526	51.921081	49.557526	51.921081	49.557526	53.633071	47.259784	56.478968	47.593540
226	#ffffff	#000000	#00000000	#00000000		53.498549	54.701979	53.655317	34.769807	53.655317	34.769807	51.943330	37.067551	53.077239	39.699047	53.077239	39.699047	53.077239	39.699047	53.077239	39.699047	54.789226	37.401304	57.635123	37.735056	57.635123	37.735056	57.635123	37.735056	56.501213	35.103560	53.655317	34.769807
227	#006699	#000000	#00000000	#00000000		53.498549	54.701979	54.233400	29.840569	54.233400	29.840569	57.079298	30.174326	58.213207	32.805822	58.213207	32.805822	58.213207	32.805822	58.213207	32.805822	55.367309	32.472066	53.655320	34.769808	53.655320	34.769808	53.655320	34.769808	52.521410	32.138312	54.233400	29.840569
228	#66ccff	#000000	#00000000	#00000000		53.498549	54.701979	58.791289	27.876581	58.791289	27.876581	55.945390	27.542827	54.233403	29.840571	54.233403	29.840571	54.233403	29.840571	54.233403	29.840571	57.079302	30.174324	58.213211	32.805821	58.213211	32.805821	58.213211	32.805821	59.925198	30.508077	58.791289	27.876581
229	#A0A0A0	#000000	#00000000	#00000000		53.498549	54.701979	57.123807	5.194364	57.123807	5.194364	58.835797	2.896622	57.701887	0.265126	57.701887	0.265126	57.701887	0.265126	57.701887	0.265126	55.989898	2.562868	53.143999	2.229114	53.143999	2.229114	53.143999	2.229114	54.277908	4.860611	57.123807	5.194364
230	#66ccff	#000000	#00000000	#00000000		53.498549	54.701979	53.077239	39.699047	53.077239	39.699047	54.211148	42.330544	57.057047	42.664297	57.057047	42.664297	57.057047	42.664297	57.057047	42.664297	55.923138	40.032801	57.635128	37.735058	57.635128	37.735058	57.635128	37.735058	54.789229	37.401305	53.077239	39.699047
231	#006699	#000000	#00000000	#00000000		53.498549	54.701979	-0.461254	53.408418	-0.461254	53.408418	-3.307152	53.074661	-4.441062	50.443165	-4.441062	50.443165	-4.441062	50.443165	-4.441062	50.443165	-1.595164	50.776921	0.116826	48.479179	0.116826	48.479179	0.116826	48.479179	1.250735	51.110675	-0.461254	53.408418
232	#ffffff	#000000	#00000000	#00000000		53.498549	54.701979	-1.039336	58.337659	-1.039336	58.337659	1.806562	58.671416	3.518552	56.373673	3.518552	56.373673	3.518552	56.373673	3.518552	56.373673	0.672654	56.039917	-0.461254	53.408418	-0.461254	53.408418	-0.461254	53.408418	-2.173244	55.706160	-1.039336	58.337659
233	#66ccff	#000000	#00000000	#00000000		53.498549	54.701979	-5.019142	55.372404	-5.019142	55.372404	-2.173243	55.706158	-0.461253	53.408415	-0.461253	53.408415	-0.461253	53.408415	-0.461253	53.408415	-3.307152	53.074661	-4.441062	50.443165	-4.441062	50.443165	-4.441062	50.443165	-6.153051	52.740908	-5.019142	55.372404
234	#66ccff	#000000	#00000000	#00000000		53.498549	54.701979	8.076440	54.409684	8.076440	54.409684	5.230543	54.075928	3.518553	56.373670	3.518553	56.373670	3.518553	56.373670	3.518553	56.373670	6.364451	56.707427	7.498359	59.338926	7.498359	59.338926	7.498359	59.338926	9.210349	57.041183	8.076440	54.409684
235	#ffffff	#000000	#00000000	#00000000		53.498549	54.701979	12.056246	57.374940	12.056246	57.374940	10.922338	54.743441	8.076440	54.409684	8.076440	54.409684	8.076440	54.409684	8.076440	54.409684	9.210349	57.041183	7.498359	59.338926	7.498359	59.338926	7.498359	59.338926	10.344257	59.672682	12.056246	57.374940
236	#ffffff	#000000	#00000000	#00000000		53.498549	54.701979	20.593942	58.376204	20.593942	58.376204	23.439840	58.709960	25.151830	56.412217	25.151830	56.412217	25.151830	56.412217	25.151830	56.412217	22.305932	56.078461	21.172024	53.446962	21.172024	53.446962	21.172024	53.446962	19.460034	55.744705	20.593942	58.376204
237	#A0A0A0	#000000	#00000000	#00000000		53.498549	54.701979	33.689524	57.413487	33.689524	57.413487	32.555616	54.781988	29.709718	54.448231	29.709718	54.448231	29.709718	54.448231	29.709718	54.448231	30.843626	57.079730	29.131636	59.377473	29.131636	59.377473	29.131636	59.377473	31.977534	59.711229	33.689524	57.413487
238	#66ccff	#000000	#00000000	#00000000		53.498549	54.701979	29.709718	54.448231	29.709718	54.448231	26.863820	54.114475	25.151830	56.412217	25.151830	56.412217	25.151830	56.412217	25.151830	56.412217	27.997728	56.745974	29.131636	59.377473	29.131636	59.377473	29.131636	59.377473	30.843626	57.079730	29.709718	54.448231
239	#66ccff	#000000	#00000000	#00000000		53.498549	54.701979	42.805303	53.485504	42.805303	53.485504	39.959405	53.151747	38.247416	55.449490	38.247416	55.449490	38.247416	55.449490	38.247416	55.449490	41.093314	55.783246	42.227222	58.414745	42.227222	58.414745	42.227222	58.414745	43.939212	56.117003	42.805303	53.485504
240	#ffffff	#000000	#00000000	#00000000		53.498549	54.701979	46.785109	56.450759	46.785109	56.450759	45.651201	53.819260	42.805303	53.485504	42.805303	53.485504	42.805303	53.485504	42.805303	53.485504	43.939212	56.117003	42.227222	58.414745	42.227222	58.414745	42.227222	58.414745	45.073120	58.748502	46.785109	56.450759
241	#66ccff	#000000	#00000000	#00000000		53.498549	54.701979	51.342999	54.486768	51.342999	54.486768	48.497101	54.153011	46.785112	56.450754	46.785112	56.450754	46.785112	56.450754	46.785112	56.450754	49.631010	56.784510	50.764919	59.416007	50.764919	59.416007	50.764919	59.416007	52.476909	57.118264	51.342999	54.486768
242	#A0A0A0	#000000	#00000000	#00000000		53.498549	54.701979	55.322808	57.452018	55.322808	57.452018	54.188898	54.820521	51.342999	54.486768	51.342999	54.486768	51.342999	54.486768	51.342999	54.486768	52.476909	57.118264	50.764919	59.416007	50.764919	59.416007	50.764919	59.416007	53.610818	59.749760	55.322808	57.452018
243	#66ccff	#000000	#00000000	#00000000		53.498549	54.701979	16.614135	55.410951	16.614135	55.410951	13.768237	55.077194	12.056248	57.374937	12.056248	57.374937	12.056248	57.374937	12.056248	57.374937	14.902145	57.708693	16.036054	60.340192	16.036054	60.340192	16.036054	60.340192	17.748043	58.042450	16.614135	55.410951
244	#A0A0A0	#000000	#00000000	#00000000		53.498549	54.701979	-4.952386	17.902479	-4.952386	17.902479	-2.106488	18.236235	-0.394498	15.938493	-0.394498	15.938493	-0.394498	15.938493	-0.394498	15.938493	-3.240396	15.604736	-4.374305	12.973240	-4.374305	12.973240	-4.374305	12.973240	-6.086295	15.270983	-4.952386	17.902479
245	#006699	#000000	#00000000	#00000000		53.498549	54.701979	0.183582	11.009248	0.183582	11.009248	-1.528405	13.306991	-4.374304	12.973237	-4.374304	12.973237	-4.374304	12.973237	-4.374304	12.973237	-2.662317	10.675494	-3.796226	8.043997	-3.796226	8.043997	-3.796226	8.043997	-0.950327	8.377751	0.183582	11.009248
246	#66ccff	#000000	#00000000	#00000000		53.498549	54.701979	0.761666	6.080007	0.761666	6.080007	-2.084232	5.746251	-3.796222	8.043993	-3.796222	8.043993	-3.796222	8.043993	-3.796222	8.043993	-0.950324	8.377750	0.183584	11.009249	0.183584	11.009249	0.183584	11.009249	1.895574	8.711506	0.761666	6.080007
247	#A0A0A0	#000000	#00000000	#00000000		53.498549	54.701979	-2.640058	-1.814490	-2.640058	-1.814490	-4.352048	0.483253	-3.218140	3.114752	-3.218140	3.114752	-3.218140	3.114752	-3.218140	3.114752	-1.506150	0.817009	1.339748	1.150766	1.339748	1.150766	1.339748	1.150766	0.205839	-1.480733	-2.640058	-1.814490
248	#66ccff	#000000	#00000000	#00000000		53.498549	54.701979	55.967646	15.052842	55.967646	15.052842	57.679633	12.755099	56.545724	10.123602	56.545724	10.123602	56.545724	10.123602	56.545724	10.123602	54.833737	12.421346	51.987838	12.087592	51.987838	12.087592	51.987838	12.087592	53.121747	14.719088	55.967646	15.052842
249	#A0A0A0	#000000	#00000000	#00000000		53.498549	54.701979	53.144000	2.229112	53.144000	2.229112	55.989898	2.562868	57.701887	0.265126	57.701887	0.265126	57.701887	0.265126	57.701887	0.265126	54.855989	-0.068631	53.722080	-2.700127	53.722080	-2.700127	53.722080	-2.700127	52.010090	-0.402385	53.144000	2.229112
250	#A0A0A0	#000000	#00000000	#00000000		53.498549	54.701979	-1.550657	25.796972	-1.550657	25.796972	0.161333	23.499229	-0.972576	20.867733	-0.972576	20.867733	-0.972576	20.867733	-0.972576	20.867733	-2.684566	23.165475	-5.530465	22.831722	-5.530465	22.831722	-5.530465	22.831722	-4.396556	25.463218	-1.550657	25.796972
251	#A0A0A0	#000000	#00000000	#00000000		53.498549	54.701979	20.593942	58.376204	20.593942	58.376204	19.460034	55.744705	16.614136	55.410948	16.614136	55.410948	16.614136	55.410948	16.614136	55.410948	17.748044	58.042447	16.036055	60.340190	16.036055	60.340190	16.036055	60.340190	18.881953	60.673946	20.593942	58.376204
252	#66ccff	#000000	#00000000	#00000000		53.498549	54.701979	60.458775	50.558795	60.458775	50.558795	59.324865	47.927299	56.478967	47.593543	56.478967	47.593543	56.478967	47.593543	56.478967	47.593543	57.612877	50.225039	55.900887	52.522781	55.900887	52.522781	55.900887	52.522781	58.746785	52.856538	60.458775	50.558795
