seq_id	start_fill_color	start_stroke_color	done_fill_color	done_stroke_color	footnote	img_width	img_height	px_0	py_0	px_1	py_1	px_2	py_2	px_3	py_3	px_4	py_4	px_5	py_5	px_6	py_6	px_7	py_7	px_8	py_8	px_9	py_9	px_10	py_10	px_11	py_11	px_12	py_12
0	#66ccff	#000000	#00000000	#00000000	Starting tile pattern based on a 'comet' tiling in a <a href="https://cs.uwaterloo.ca/~csk/hat/examples/animation.gif">looping animated GIF</a> by David Smith, Joseph Samuel Myers, Craig S. Kaplan, and Chaim Goodman-Strauss, used under <a href="http://creativecommons.org/licenses/by/4.0/">CC BY 4.0</a> / This is a recreation of the original rather than a screenshot, and the cropping, colors, and vertical orientation differ slightly from the original.	53.498549	54.701979	19.699551	19.640399	20.257677	17.719856	20.257677	17.719856	20.257677	17.719856	18.873501	16.276232	14.988897	17.230070	14.430771	19.150613	14.430771	19.150613	14.430771	19.150613	16.373074	18.673693	17.757250	20.117318	17.757250	20.117318	17.757250	20.117318
1	#A0A0A0	#000000	#00000000	#00000000		53.498549	54.701979	22.199977	17.242935	20.257674	17.719855	20.257674	17.719855	20.257674	17.719855	19.699551	19.640399	22.467902	22.527645	24.410205	22.050725	24.410205	22.050725	24.410205	22.050725	23.026028	20.607102	23.584154	18.686559	23.584154	18.686559	23.584154	18.686559
2	#ffffff	#000000	#00000000	#00000000		53.498549	54.701979	18.873500	16.276230	20.257676	17.719854	20.257676	17.719854	20.257676	17.719854	22.199977	17.242935	23.316231	13.401848	21.932055	11.958224	21.932055	11.958224	21.932055	11.958224	21.373929	13.878767	19.431626	14.355687	19.431626	14.355687	19.431626	14.355687
3	#ffffff	#000000	#00000000	#00000000		53.498549	54.701979	14.162846	13.865903	13.604720	15.786447	13.604720	15.786447	13.604720	15.786447	14.988895	17.230071	18.873501	16.276232	19.431627	14.355689	19.431627	14.355689	19.431627	14.355689	17.489324	14.832608	16.105149	13.388984	16.105149	13.388984	16.105149	13.388984
4	#66ccff	#000000	#00000000	#00000000		53.498549	54.701979	10.546162	20.104454	11.930337	21.548078	11.930337	21.548078	11.930337	21.548078	13.872640	21.071159	14.988895	17.230074	13.604720	15.786447	13.604720	15.786447	13.604720	15.786447	13.046592	17.706990	11.104289	18.183910	11.104289	18.183910	11.104289	18.183910
5	#006699	#000000	#00000000	#00000000		53.498549	54.701979	16.373069	18.673696	17.757244	20.117320	17.757244	20.117320	17.757244	20.117320	17.199118	22.037863	13.314514	22.991702	11.930339	21.548078	11.930339	21.548078	11.930339	21.548078	13.872640	21.071159	14.430766	19.150616	14.430766	19.150616	14.430766	19.150616
6	#A0A0A0	#000000	#00000000	#00000000		53.498549	54.701979	26.642708	14.368551	25.258531	12.924928	25.258531	12.924928	25.258531	12.924928	23.316229	13.401849	22.199977	17.242935	23.584154	18.686559	23.584154	18.686559	23.584154	18.686559	24.142280	16.766016	26.084582	16.289094	26.084582	16.289094	26.084582	16.289094
7	#66ccff	#000000	#00000000	#00000000		53.498549	54.701979	23.316230	13.401851	25.258532	12.924930	25.258531	12.924928	25.258531	12.924928	25.816657	11.004385	23.048304	8.117140	21.106001	8.594061	21.106001	8.594061	21.106001	8.594061	22.490179	10.037685	21.932053	11.958228	21.932053	11.958228	21.932053	11.958228
8	#006699	#000000	#00000000	#00000000		53.498549	54.701979	19.163699	9.070983	21.106001	8.594061	21.106001	8.594061	21.106001	8.594061	22.490179	10.037685	21.373927	13.878771	19.431625	14.355692	19.431625	14.355692	19.431625	14.355692	19.989751	12.435149	18.605574	10.991526	18.605574	10.991526	18.605574	10.991526
9	#66ccff	#000000	#00000000	#00000000		53.498549	54.701979	17.489324	14.832608	19.431627	14.355689	19.431627	14.355689	19.431627	14.355689	19.989755	12.435145	17.221404	9.547896	15.279101	10.024816	15.279101	10.024816	15.279101	10.024816	16.663277	11.468440	16.105149	13.388984	16.105149	13.388984	16.105149	13.388984
10	#66ccff	#000000	#00000000	#00000000		53.498549	54.701979	14.162846	13.865903	16.105149	13.388984	16.105149	13.388984	16.105149	13.388984	16.663277	11.468440	13.894926	8.581191	11.952623	9.058111	11.952623	9.058111	11.952623	9.058111	13.336798	10.501735	12.778671	12.422279	12.778671	12.422279	12.778671	12.422279
11	#A0A0A0	#000000	#00000000	#00000000		53.498549	54.701979	9.720112	16.740287	11.104288	18.183911	11.104288	18.183911	11.104288	18.183911	13.046591	17.706991	14.162845	13.865906	12.778671	12.422279	12.778671	12.422279	12.778671	12.422279	12.220543	14.342823	10.278240	14.819743	10.278240	14.819743	10.278240	14.819743
12	#ffffff	#000000	#00000000	#00000000		53.498549	54.701979	9.720112	16.740287	7.777809	17.217206	7.777809	17.217206	7.777809	17.217206	7.219682	19.137750	9.988032	22.024999	11.930335	21.548079	11.930335	21.548079	11.930335	21.548079	10.546160	20.104455	11.104288	18.183911	11.104288	18.183911	11.104288	18.183911
13	#ffffff	#000000	#00000000	#00000000		53.498549	54.701979	9.988032	22.024999	9.429906	23.945542	9.429906	23.945542	9.429906	23.945542	10.814082	25.389166	14.698686	24.435328	15.256812	22.514785	15.256812	22.514785	15.256812	22.514785	13.314509	22.991705	11.930333	21.548080	11.930333	21.548080	11.930333	21.548080
14	#66ccff	#000000	#00000000	#00000000		53.498549	54.701979	14.698686	24.435328	16.082863	25.878951	16.082863	25.878951	16.082863	25.878951	18.025166	25.402032	19.141418	21.560946	17.757241	20.117322	17.757241	20.117322	17.757241	20.117322	17.199115	22.037865	15.256812	22.514785	15.256812	22.514785	15.256812	22.514785
15	#A0A0A0	#000000	#00000000	#00000000		53.498549	54.701979	15.524737	27.799494	16.908914	29.243118	16.908914	29.243118	16.908914	29.243118	18.851216	28.766196	19.967468	24.925110	18.583291	23.481487	18.583291	23.481487	18.583291	23.481487	18.025165	25.402030	16.082863	25.878951	16.082863	25.878951	16.082863	25.878951
16	#A0A0A0	#000000	#00000000	#00000000		53.498549	54.701979	19.967468	24.925110	21.909770	24.448189	21.909770	24.448189	21.909770	24.448189	22.467896	22.527646	19.699543	19.640401	17.757241	20.117322	17.757241	20.117322	17.757241	20.117322	19.141418	21.560946	18.583292	23.481489	18.583292	23.481489	18.583291	23.481487
17	#66ccff	#000000	#00000000	#00000000		53.498549	54.701979	22.467895	22.527644	21.909770	24.448189	21.909770	24.448189	21.909770	24.448189	23.293947	25.891812	27.178552	24.937971	27.736678	23.017428	27.736678	23.017428	27.736678	23.017428	25.794375	23.494348	24.410198	22.050724	24.410198	22.050724	24.410198	22.050724
18	#ffffff	#000000	#00000000	#00000000		53.498549	54.701979	19.967468	24.925110	19.409343	26.845655	19.409343	26.845655	19.409343	26.845655	20.793519	28.289277	24.678123	27.335434	25.236248	25.414889	25.236248	25.414889	25.236248	25.414889	23.293946	25.891811	21.909770	24.448189	21.909770	24.448189	21.909770	24.448189
19	#ffffff	#000000	#00000000	#00000000		53.498549	54.701979	24.678123	27.335434	26.062300	28.779056	26.062300	28.779056	26.062300	28.779056	28.004602	28.302134	29.120851	24.461047	27.736675	23.017426	27.736675	23.017426	27.736675	23.017426	27.178550	24.937970	25.236248	25.414892	25.236248	25.414892	25.236248	25.414892
20	#66ccff	#000000	#00000000	#00000000		53.498549	54.701979	28.004604	28.302135	26.062300	28.779056	26.062300	28.779056	26.062300	28.779056	25.504174	30.699599	28.272529	33.586843	30.214831	33.109921	30.214831	33.109921	30.214831	33.109921	28.830655	31.666300	29.388781	29.745757	29.388781	29.745757	29.388781	29.745757
21	#66ccff	#000000	#00000000	#00000000		53.498549	54.701979	29.120851	24.461047	31.063153	23.984126	31.063153	23.984126	31.063153	23.984126	31.621279	22.063583	28.852926	19.176338	26.910623	19.653259	26.910623	19.653259	26.910623	19.653259	28.294800	21.096881	27.736674	23.017424	27.736674	23.017424	27.736675	23.017426
22	#A0A0A0	#000000	#00000000	#00000000		53.498549	54.701979	32.447332	25.427748	31.063156	23.984127	31.063156	23.984127	31.063156	23.984127	29.120851	24.461047	28.004602	28.302134	29.388778	29.745756	29.388778	29.745756	29.388778	29.745756	29.946904	27.825213	31.889206	27.348291	31.889206	27.348291	31.889206	27.348291
23	#66ccff	#000000	#00000000	#00000000		53.498549	54.701979	25.504175	30.699600	26.062300	28.779056	26.062300	28.779056	26.062300	28.779056	24.678123	27.335432	20.793517	28.289273	20.235392	30.209816	20.235392	30.209816	20.235392	30.209816	22.177695	29.732897	23.561872	31.176520	23.561872	31.176520	23.561872	31.176520
24	#006699	#000000	#00000000	#00000000		53.498549	54.701979	22.177695	29.732897	23.561872	31.176520	23.561872	31.176520	23.561872	31.176520	23.003746	33.097063	19.119141	34.050904	17.734964	32.607281	17.734964	32.607281	17.734964	32.607281	19.677267	32.130361	20.235392	30.209818	20.235392	30.209818	20.235392	30.209816
25	#66ccff	#000000	#00000000	#00000000		53.498549	54.701979	16.350789	31.163663	17.734965	32.607284	17.734965	32.607284	17.734965	32.607284	19.677268	32.130363	20.793518	28.289275	19.409343	26.845655	19.409343	26.845655	19.409343	26.845655	18.851217	28.766198	16.908915	29.243120	16.908915	29.243120	16.908915	29.243120
26	#A0A0A0	#000000	#00000000	#00000000		53.498549	54.701979	15.524739	27.799498	13.582437	28.276419	13.582437	28.276419	13.582437	28.276419	13.024311	30.196962	15.792664	33.084207	17.734966	32.607286	17.734966	32.607286	17.734966	32.607286	16.350789	31.163663	16.908915	29.243120	16.908915	29.243120	16.908915	29.243120
27	#A0A0A0	#000000	#00000000	#00000000		53.498549	54.701979	15.524739	27.799498	16.082865	25.878955	16.082865	25.878955	16.082865	25.878955	14.698689	24.435333	10.814085	25.389176	10.255959	27.309719	10.255959	27.309719	10.255959	27.309719	12.198261	26.832798	13.582437	28.276419	13.582437	28.276419	13.582437	28.276419
28	#66ccff	#000000	#00000000	#00000000		53.498549	54.701979	12.198261	26.832798	10.255959	27.309719	10.255959	27.309719	10.255959	27.309719	9.697833	29.230262	12.466188	32.117506	14.408490	31.640585	14.408490	31.640585	14.408490	31.640585	13.024314	30.196963	13.582440	28.276420	13.582437	28.276419	13.582437	28.276419
29	#006699	#000000	#00000000	#00000000		53.498549	54.701979	10.523883	32.594427	8.581581	33.071348	8.581581	33.071348	8.581581	33.071348	7.197405	31.627727	8.313654	27.786640	10.255956	27.309718	10.255956	27.309718	10.255959	27.309719	9.697833	29.230262	11.082009	30.673884	11.082009	30.673884	11.082009	30.673884
30	#A0A0A0	#000000	#00000000	#00000000		53.498549	54.701979	10.814085	25.389176	9.429907	23.945553	9.429907	23.945553	9.429907	23.945553	7.487604	24.422472	6.371353	28.263559	7.755530	29.707182	7.755530	29.707182	7.755530	29.707182	8.313656	27.786639	10.255959	27.309719	10.255959	27.309719	10.255959	27.309719
31	#66ccff	#000000	#00000000	#00000000		53.498549	54.701979	7.487606	24.422476	9.429908	23.945555	9.429907	23.945553	9.429907	23.945553	9.988033	22.025010	7.219680	19.137765	5.277378	19.614686	5.277378	19.614686	5.277378	19.614686	6.661555	21.058310	6.103429	22.978853	6.103429	22.978853	6.103429	22.978853
32	#66ccff	#000000	#00000000	#00000000		53.498549	54.701979	6.371353	28.263559	4.429051	28.740480	4.429051	28.740480	4.429051	28.740480	3.870925	30.661023	6.639278	33.548268	8.581580	33.071347	8.581580	33.071347	8.581580	33.071347	7.197403	31.627723	7.755529	29.707180	7.755530	29.707182	7.755530	29.707182
33	#A0A0A0	#000000	#00000000	#00000000		53.498549	54.701979	3.044873	27.296855	4.429050	28.740478	4.429050	28.740478	4.429050	28.740478	6.371353	28.263559	7.487604	24.422472	6.103427	22.978849	6.103427	22.978849	6.103427	22.978849	5.545301	24.899392	3.602998	25.376312	3.602998	25.376312	3.602998	25.376312
34	#ffffff	#000000	#00000000	#00000000		53.498549	54.701979	3.044874	27.296858	1.102572	27.773780	1.102572	27.773780	1.102572	27.773780	0.544446	29.694323	3.312801	32.581567	5.255104	32.104645	5.255104	32.104645	5.255104	32.104645	3.870927	30.661024	4.429053	28.740481	4.429051	28.740480	4.429051	28.740480
35	#66ccff	#000000	#00000000	#00000000		53.498549	54.701979	-4.166211	27.283996	-4.724337	29.204539	-4.724337	29.204539	-4.724337	29.204539	-3.340160	30.648162	0.544445	29.694321	1.102572	27.773780	1.102572	27.773780	1.102572	27.773780	-0.839731	28.250699	-2.223908	26.807076	-2.223908	26.807076	-2.223908	26.807076
36	#006699	#000000	#00000000	#00000000		53.498549	54.701979	-0.013680	31.614864	-0.571806	33.535407	-0.571806	33.535407	-0.571806	33.535407	-2.514108	34.012328	-5.282462	31.125083	-4.724336	29.204540	-4.724336	29.204540	-4.724336	29.204540	-3.340160	30.648162	-1.397858	30.171241	-1.397858	30.171241	-1.397858	30.171241
37	#66ccff	#000000	#00000000	#00000000		53.498549	54.701979	0.812372	34.979032	2.754674	34.502111	2.754674	34.502111	2.754674	34.502111	3.312799	32.581566	0.544446	29.694323	-1.397856	30.171244	-1.397856	30.171244	-1.397856	30.171244	-0.013679	31.614866	-0.571804	33.535411	-0.571804	33.535411	-0.571804	33.535411
38	#A0A0A0	#000000	#00000000	#00000000		53.498549	54.701979	-1.665781	24.886535	-2.223907	26.807078	-2.223907	26.807078	-2.223908	26.807076	-0.839731	28.250699	3.044874	27.296858	3.603000	25.376315	3.603000	25.376315	3.603000	25.376315	1.660698	25.853237	0.276521	24.409613	0.276521	24.409613	0.276521	24.409613
39	#66ccff	#000000	#00000000	#00000000		53.498549	54.701979	0.834648	22.489072	0.276522	24.409615	0.276522	24.409615	0.276521	24.409613	1.660698	25.853237	5.545303	24.899396	6.103429	22.978853	6.103429	22.978853	6.103429	22.978853	4.161127	23.455774	2.776950	22.012151	2.776950	22.012151	2.776950	22.012151
40	#006699	#000000	#00000000	#00000000		53.498549	54.701979	6.661558	21.058310	6.103432	22.978853	6.103432	22.978853	6.103429	22.978853	4.161126	23.455772	1.392775	20.568526	1.950901	18.647983	1.950901	18.647983	1.950901	18.647983	3.335078	20.091607	5.277381	19.614687	5.277381	19.614687	5.277381	19.614687
41	#A0A0A0	#000000	#00000000	#00000000		53.498549	54.701979	0.566722	17.204361	-1.375580	17.681282	-1.375580	17.681282	-1.375580	17.681282	-1.933706	19.601825	0.834647	22.489070	2.776949	22.012149	2.776949	22.012149	2.776950	22.012151	1.392773	20.568527	1.950899	18.647984	1.950899	18.647984	1.950899	18.647984
42	#A0A0A0	#000000	#00000000	#00000000		53.498549	54.701979	5.009454	14.329978	3.625277	12.886355	3.625277	12.886355	3.625277	12.886355	1.682974	13.363275	0.566722	17.204361	1.950899	18.647984	1.950899	18.647984	1.950899	18.647984	2.509025	16.727441	4.451328	16.250521	4.451328	16.250521	4.451328	16.250521
43	#66ccff	#000000	#00000000	#00000000		53.498549	54.701979	2.509025	16.727441	1.950899	18.647984	1.950899	18.647984	1.950899	18.647984	3.335074	20.091608	7.219678	19.137770	7.777804	17.217227	7.777804	17.217227	7.777804	17.217227	5.835501	17.694147	4.451326	16.250522	4.451326	16.250522	4.451328	16.250521
44	#A0A0A0	#000000	#00000000	#00000000		53.498549	54.701979	5.009453	14.329981	4.451325	16.250525	4.451325	16.250525	4.451326	16.250522	5.835501	17.694147	9.720106	16.740310	10.278234	14.819766	10.278234	14.819766	10.278234	14.819766	8.335931	15.296686	6.951756	13.853061	6.951756	13.853061	6.951756	13.853061
45	#A0A0A0	#000000	#00000000	#00000000		53.498549	54.701979	5.009453	14.329981	6.951756	13.853061	6.951756	13.853061	6.951756	13.853061	7.509883	11.932517	4.741533	9.045269	2.799230	9.522188	2.799230	9.522188	2.799230	9.522188	4.183405	10.965813	3.625277	12.886357	3.625277	12.886357	3.625277	12.886357
46	#66ccff	#000000	#00000000	#00000000		53.498549	54.701979	7.509882	11.932518	6.951756	13.853061	6.951756	13.853061	6.951756	13.853061	8.335931	15.296686	12.220535	14.342847	12.778663	12.422303	12.778663	12.422303	12.778663	12.422303	10.836360	12.899223	9.452185	11.455599	9.452185	11.455599	9.452185	11.455599
47	#66ccff	#000000	#00000000	#00000000		53.498549	54.701979	1.682974	13.363276	3.625277	12.886357	3.625277	12.886357	3.625277	12.886357	4.183405	10.965813	1.415054	8.078564	-0.527249	8.555484	-0.527249	8.555484	-0.527249	8.555484	0.856927	9.999108	0.298799	11.919652	0.298799	11.919652	0.298799	11.919652
48	#A0A0A0	#000000	#00000000	#00000000		53.498549	54.701979	4.741533	9.045269	5.299659	7.124726	5.299659	7.124726	5.299659	7.124726	3.915483	5.681101	0.030879	6.634940	-0.527247	8.555483	-0.527247	8.555483	-0.527247	8.555483	1.415056	8.078563	2.799232	9.522188	2.799230	9.522188	2.799230	9.522188
49	#A0A0A0	#000000	#00000000	#00000000		53.498549	54.701979	-0.795172	3.270773	-1.353298	5.191316	-1.353298	5.191316	-1.353298	5.191316	0.030877	6.634941	3.915483	5.681101	4.473609	3.760558	4.473609	3.760558	4.473609	3.760558	2.531306	4.237478	1.147131	2.793854	1.147131	2.793854	1.147131	2.793854
50	#66ccff	#000000	#00000000	#00000000		53.498549	54.701979	3.915483	5.681101	5.299660	7.124725	5.299660	7.124725	5.299660	7.124725	7.241964	6.647805	8.358215	2.806719	6.974038	1.363096	6.974038	1.363096	6.974038	1.363096	6.415912	3.283639	4.473609	3.760558	4.473609	3.760558	4.473609	3.760558
51	#ffffff	#000000	#00000000	#00000000		53.498549	54.701979	7.241964	6.647803	5.299660	7.124725	5.299660	7.124725	5.299660	7.124725	4.741535	9.045268	7.509886	11.932514	9.452189	11.455594	9.452189	11.455594	9.452189	11.455594	8.068014	10.011970	8.626140	8.091427	8.626140	8.091427	8.626140	8.091427
52	#ffffff	#000000	#00000000	#00000000		53.498549	54.701979	11.684698	3.773419	10.300523	2.329795	10.300523	2.329795	10.300523	2.329795	8.358220	2.806715	7.241965	6.647800	8.626140	8.091427	8.626140	8.091427	8.626140	8.091427	9.184267	6.170883	11.126570	5.693963	11.126570	5.693963	11.126570	5.693963
53	#006699	#000000	#00000000	#00000000		53.498549	54.701979	13.336791	10.501759	12.778663	12.422303	12.778663	12.422303	12.778663	12.422303	10.836360	12.899223	8.068009	10.011974	8.626137	8.091430	8.626137	8.091430	8.626137	8.091430	10.010312	9.535055	11.952615	9.058135	11.952615	9.058135	11.952615	9.058135
54	#66ccff	#000000	#00000000	#00000000		53.498549	54.701979	9.184266	6.170884	8.626140	8.091427	8.626140	8.091427	8.626140	8.091427	10.010315	9.535051	13.894919	8.581213	14.453047	6.660669	14.453047	6.660669	14.453047	6.660669	12.510744	7.137588	11.126569	5.693964	11.126569	5.693964	11.126569	5.693964
55	#66ccff	#000000	#00000000	#00000000		53.498549	54.701979	11.684695	3.773423	11.126568	5.693967	11.126568	5.693967	11.126569	5.693964	12.510744	7.137588	16.395349	6.183752	16.953477	4.263208	16.953477	4.263208	16.953477	4.263208	15.011174	4.740128	13.626998	3.296503	13.626998	3.296503	13.626998	3.296503
56	#006699	#000000	#00000000	#00000000		53.498549	54.701979	17.511604	2.342664	16.953477	4.263208	16.953477	4.263208	16.953477	4.263208	15.011174	4.740128	12.242823	1.852879	12.800951	-0.067665	12.800951	-0.067665	12.800951	-0.067665	14.185126	1.375959	16.127429	0.899040	16.127429	0.899040	16.127429	0.899040
57	#ffffff	#000000	#00000000	#00000000		53.498549	54.701979	13.894918	8.581216	15.279094	10.024840	15.279094	10.024840	15.279094	10.024840	17.221397	9.547920	18.337651	5.706835	16.953476	4.263211	16.953476	4.263211	16.953476	4.263211	16.395349	6.183752	14.453046	6.660672	14.453046	6.660672	14.453046	6.660672
58	#66ccff	#000000	#00000000	#00000000		53.498549	54.701979	18.337651	5.706835	20.279954	5.229915	20.279954	5.229915	20.279954	5.229915	20.838082	3.309371	18.069731	0.422123	16.127428	0.899042	16.127428	0.899042	16.127428	0.899042	17.511604	2.342667	16.953476	4.263211	16.953476	4.263211	16.953476	4.263211
59	#66ccff	#000000	#00000000	#00000000		53.498549	54.701979	21.664130	6.673537	20.279955	5.229913	20.279955	5.229913	20.279955	5.229913	18.337652	5.706832	17.221397	9.547920	18.605572	10.991545	18.605572	10.991545	18.605572	10.991545	19.163700	9.071001	21.106003	8.594081	21.106003	8.594081	21.106003	8.594081
60	#ffffff	#000000	#00000000	#00000000		53.498549	54.701979	20.838080	3.309372	20.279954	5.229915	20.279954	5.229915	20.279954	5.229915	21.664130	6.673540	25.548734	5.719701	26.106862	3.799157	26.106862	3.799157	26.106862	3.799157	24.164559	4.276077	22.780383	2.832453	22.780383	2.832453	22.780383	2.832453
61	#66ccff	#000000	#00000000	#00000000		53.498549	54.701979	25.548734	5.719701	26.932909	7.163326	26.932909	7.163326	26.932909	7.163326	28.875212	6.686406	29.991467	2.845321	28.607291	1.401696	28.607291	1.401696	28.607291	1.401696	28.049164	3.322240	26.106861	3.799160	26.106862	3.799157	26.106862	3.799157
62	#ffffff	#000000	#00000000	#00000000		53.498549	54.701979	20.570158	-1.975339	18.627855	-1.498419	18.627855	-1.498419	18.627855	-1.498419	18.069730	0.422124	20.838081	3.309370	22.780383	2.832453	22.780383	2.832453	22.780383	2.832453	21.396208	1.388828	21.954334	-0.531715	21.954334	-0.531715	21.954334	-0.531715
63	#006699	#000000	#00000000	#00000000		53.498549	54.701979	27.223117	-0.041931	28.607292	1.401694	28.607292	1.401694	28.607291	1.401696	28.049164	3.322240	24.164559	4.276077	22.780383	2.832453	22.780383	2.832453	22.780383	2.832453	24.722686	2.355533	25.280814	0.434989	25.280814	0.434989	25.280814	0.434989
64	#A0A0A0	#000000	#00000000	#00000000		53.498549	54.701979	26.374782	9.083867	26.932910	7.163323	26.932910	7.163323	26.932910	7.163323	25.548734	5.719701	21.664129	6.673538	21.106001	8.594082	21.106001	8.594082	21.106001	8.594082	23.048304	8.117162	24.432479	9.560787	24.432479	9.560787	24.432479	9.560787
65	#A0A0A0	#000000	#00000000	#00000000		53.498549	54.701979	26.642704	14.368578	28.585007	13.891659	28.585007	13.891659	28.585007	13.891659	29.143133	11.971116	26.374782	9.083870	24.432479	9.560787	24.432479	9.560787	24.432479	9.560787	25.816655	11.004411	25.258529	12.924954	25.258529	12.924954	25.258529	12.924954
66	#A0A0A0	#000000	#00000000	#00000000		53.498549	54.701979	26.642704	14.368578	26.084578	16.289121	26.084578	16.289121	26.084578	16.289121	27.468754	17.732746	31.353358	16.778907	31.911484	14.858364	31.911484	14.858364	31.911484	14.858364	29.969181	15.335284	28.585005	13.891659	28.585005	13.891659	28.585005	13.891659
67	#66ccff	#000000	#00000000	#00000000		53.498549	54.701979	24.142275	16.766041	23.584149	18.686584	23.584149	18.686584	23.584149	18.686584	24.968326	20.130207	28.852932	19.176366	29.411057	17.255823	29.411057	17.255823	29.411057	17.255823	27.468754	17.732743	26.084577	16.289119	26.084578	16.289121	26.084578	16.289121
68	#006699	#000000	#00000000	#00000000		53.498549	54.701979	28.294807	21.096911	27.736681	23.017454	27.736681	23.017454	27.736681	23.017454	25.794378	23.494374	23.026026	20.607128	23.584152	18.686585	23.584152	18.686585	23.584149	18.686584	24.968326	20.130207	26.910629	19.653288	26.910629	19.653288	26.910629	19.653288
69	#ffffff	#000000	#00000000	#00000000		53.498549	54.701979	31.621278	22.063581	31.063153	23.984126	31.063153	23.984126	31.063153	23.984126	32.447330	25.427749	36.331935	24.473908	36.890061	22.553365	36.890061	22.553365	36.890061	22.553365	34.947758	23.030285	33.563581	21.586661	33.563581	21.586661	33.563581	21.586661
70	#ffffff	#000000	#00000000	#00000000		53.498549	54.701979	31.353356	16.778870	29.411053	17.255789	29.411053	17.255789	29.411053	17.255789	28.852927	19.176332	31.621279	22.063578	33.563581	21.586661	33.563581	21.586661	33.563581	21.586661	32.179406	20.143037	32.737531	18.222494	32.737531	18.222494	32.737531	18.222494
71	#A0A0A0	#000000	#00000000	#00000000		53.498549	54.701979	31.353354	16.778871	32.737531	18.222494	32.737531	18.222494	32.737531	18.222494	34.679834	17.745574	35.796086	13.904488	34.411909	12.460865	34.411909	12.460865	34.411909	12.460865	33.853783	14.381408	31.911480	14.858328	31.911480	14.858328	31.911480	14.858328
72	#006699	#000000	#00000000	#00000000		53.498549	54.701979	31.643557	9.573617	33.585860	9.096698	33.585860	9.096698	33.585860	9.096698	34.970035	10.540322	33.853782	14.381409	31.911480	14.858328	31.911480	14.858328	31.911480	14.858328	32.469606	12.937785	31.085431	11.494160	31.085431	11.494160	31.085431	11.494160
73	#66ccff	#000000	#00000000	#00000000		53.498549	54.701979	29.969177	15.335247	31.911480	14.858328	31.911480	14.858328	31.911480	14.858328	32.469608	12.937784	29.701257	10.050535	27.758954	10.527455	27.758954	10.527455	27.758954	10.527455	29.143130	11.971079	28.585002	13.891623	28.585002	13.891623	28.585002	13.891623
74	#ffffff	#000000	#00000000	#00000000		53.498549	54.701979	26.374781	9.083829	27.758956	10.527454	27.758954	10.527455	27.758954	10.527455	29.701257	10.050535	30.817511	6.209448	29.433336	4.765824	29.433336	4.765824	29.433336	4.765824	28.875210	6.686367	26.932907	7.163286	26.932907	7.163286	26.932907	7.163286
75	#ffffff	#000000	#00000000	#00000000		53.498549	54.701979	30.817511	6.209448	32.759814	5.732528	32.759814	5.732528	32.759814	5.732528	33.317942	3.811984	30.549591	0.924736	28.607288	1.401655	28.607288	1.401655	28.607288	1.401655	29.991463	2.845280	29.433336	4.765824	29.433336	4.765824	29.433336	4.765824
76	#66ccff	#000000	#00000000	#00000000		53.498549	54.701979	30.549591	0.924736	31.107717	-0.995807	31.107717	-0.995807	31.107717	-0.995807	29.723541	-2.439432	25.838937	-1.485593	25.280811	0.434950	25.280811	0.434950	25.280811	0.434950	27.223114	-0.041970	28.607290	1.401654	28.607288	1.401655	28.607288	1.401655
77	#A0A0A0	#000000	#00000000	#00000000		53.498549	54.701979	33.050022	-1.472728	31.107719	-0.995808	31.107719	-0.995808	31.107719	-0.995808	30.549591	0.924736	33.317942	3.811984	35.260245	3.335065	35.260245	3.335065	35.260245	3.335065	33.876069	1.891440	34.434197	-0.029104	34.434197	-0.029104	34.434197	-0.029104
78	#66ccff	#000000	#00000000	#00000000		53.498549	54.701979	33.317942	3.811984	32.759816	5.732527	32.759816	5.732527	32.759816	5.732527	34.143991	7.176152	38.028595	6.222313	38.586721	4.301770	38.586721	4.301770	38.586721	4.301770	36.644418	4.778690	35.260243	3.335066	35.260243	3.335066	35.260243	3.335066
79	#006699	#000000	#00000000	#00000000		53.498549	54.701979	36.644418	4.778690	35.260241	3.335067	35.260241	3.335067	35.260241	3.335067	35.818367	1.414523	39.702972	0.460682	41.087149	1.904306	41.087149	1.904306	41.087149	1.904306	39.144846	2.381225	38.586720	4.301768	38.586720	4.301768	38.586721	4.301770
80	#66ccff	#000000	#00000000	#00000000		53.498549	54.701979	34.143987	7.176154	32.759812	5.732529	32.759812	5.732529	32.759812	5.732529	30.817509	6.209449	29.701257	10.050535	31.085433	11.494159	31.085433	11.494159	31.085433	11.494159	31.643559	9.573616	33.585862	9.096697	33.585862	9.096697	33.585862	9.096697
81	#ffffff	#000000	#00000000	#00000000		53.498549	54.701979	38.854645	9.586481	39.412771	7.665938	39.412771	7.665938	39.412771	7.665938	38.028593	6.222314	34.143988	7.176155	33.585862	9.096697	33.585862	9.096697	33.585862	9.096697	35.528165	8.619777	36.912342	10.063400	36.912342	10.063400	36.912342	10.063400
82	#66ccff	#000000	#00000000	#00000000		53.498549	54.701979	42.471324	3.347930	41.087147	1.904307	41.087147	1.904307	41.087147	1.904307	39.144845	2.381228	38.028593	6.222314	39.412771	7.665938	39.412771	7.665938	39.412771	7.665938	39.970896	5.745395	41.913199	5.268473	41.913199	5.268473	41.913199	5.268473
83	#ffffff	#000000	#00000000	#00000000		53.498549	54.701979	43.297375	6.712095	45.239677	6.235173	45.239677	6.235173	45.239677	6.235173	45.797803	4.314630	43.029448	1.427386	41.087146	1.904308	41.087146	1.904308	41.087146	1.904308	42.471322	3.347929	41.913196	5.268472	41.913199	5.268473	41.913199	5.268473
84	#66ccff	#000000	#00000000	#00000000		53.498549	54.701979	43.297376	6.712094	41.913199	5.268473	41.913199	5.268473	41.913199	5.268473	39.970897	5.745396	38.854651	9.586484	40.238829	11.030105	40.238829	11.030105	40.238829	11.030105	40.796952	9.109561	42.739253	8.632638	42.739253	8.632638	42.739253	8.632638
85	#006699	#000000	#00000000	#00000000		53.498549	54.701979	40.796952	9.109561	42.739253	8.632638	42.739253	8.632638	42.739253	8.632638	44.123431	10.076258	43.007185	13.917346	41.064884	14.394269	41.064884	14.394269	41.064884	14.394269	41.623007	12.473726	40.238829	11.030105	40.238829	11.030105	40.238829	11.030105
86	#66ccff	#000000	#00000000	#00000000		53.498549	54.701979	39.122570	14.871190	41.064872	14.394269	41.064872	14.394269	41.064872	14.394269	41.622998	12.473726	38.854645	9.586481	36.912343	10.063402	36.912343	10.063402	36.912342	10.063400	38.296519	11.507024	37.738393	13.427567	37.738393	13.427567	37.738393	13.427567
87	#66ccff	#000000	#00000000	#00000000		53.498549	54.701979	35.796093	13.904487	37.738396	13.427568	37.738396	13.427568	37.738393	13.427567	38.296519	11.507024	35.528167	8.619778	33.585864	9.096697	33.585864	9.096697	33.585864	9.096697	34.970041	10.540321	34.411915	12.460864	34.411915	12.460864	34.411915	12.460864
88	#ffffff	#000000	#00000000	#00000000		53.498549	54.701979	35.796090	13.904486	35.237964	15.825029	35.237964	15.825029	35.237964	15.825029	36.622141	17.268653	40.506746	16.314812	41.064872	14.394269	41.064872	14.394269	41.064872	14.394269	39.122569	14.871188	37.738392	13.427565	37.738393	13.427567	37.738393	13.427567
89	#66ccff	#000000	#00000000	#00000000		53.498549	54.701979	32.179410	20.143037	33.563587	21.586660	33.563587	21.586660	33.563587	21.586660	35.505889	21.109739	36.622141	17.268653	35.237964	15.825029	35.237964	15.825029	35.237964	15.825029	34.679838	17.745572	32.737536	18.222494	32.737536	18.222494	32.737536	18.222494
90	#006699	#000000	#00000000	#00000000		53.498549	54.701979	38.006317	18.712274	39.390494	20.155898	39.390494	20.155898	39.390494	20.155898	38.832368	22.076441	34.947763	23.030282	33.563586	21.586659	33.563586	21.586659	33.563587	21.586660	35.505889	21.109739	36.064015	19.189196	36.064015	19.189196	36.064015	19.189196
91	#66ccff	#000000	#00000000	#00000000		53.498549	54.701979	36.331935	24.473908	37.716112	25.917532	37.716112	25.917532	37.716112	25.917532	39.658415	25.440612	40.774667	21.599526	39.390490	20.155902	39.390490	20.155902	39.390490	20.155902	38.832364	22.076445	36.890061	22.553365	36.890061	22.553365	36.890061	22.553365
92	#A0A0A0	#000000	#00000000	#00000000		53.498549	54.701979	37.157985	27.838073	37.716111	25.917530	37.716111	25.917530	37.716112	25.917532	36.331935	24.473908	32.447330	25.427749	31.889204	27.348292	31.889204	27.348292	31.889204	27.348292	33.831506	26.871371	35.215683	28.314994	35.215683	28.314994	35.215683	28.314994
93	#66ccff	#000000	#00000000	#00000000		53.498549	54.701979	34.657556	30.235536	35.215682	28.314992	35.215682	28.314992	35.215683	28.314994	33.831506	26.871371	29.946901	27.825212	29.388775	29.745755	29.388775	29.745755	29.388775	29.745755	31.331077	29.268834	32.715254	30.712457	32.715254	30.712457	32.715254	30.712457
94	#006699	#000000	#00000000	#00000000		53.498549	54.701979	28.830647	31.666297	29.388773	29.745754	29.388773	29.745754	29.388775	29.745755	31.331078	29.268835	34.099430	32.156081	33.541304	34.076624	33.541304	34.076624	33.541304	34.076624	32.157127	32.633001	30.214824	33.109921	30.214824	33.109921	30.214824	33.109921
95	#ffffff	#000000	#00000000	#00000000		53.498549	54.701979	34.925483	35.520247	36.867785	35.043325	36.867785	35.043325	36.867785	35.043325	37.425911	33.122782	34.657557	30.235537	32.715255	30.712459	32.715255	30.712459	32.715254	30.712457	34.099432	32.156080	33.541306	34.076623	33.541306	34.076623	33.541306	34.076623
96	#A0A0A0	#000000	#00000000	#00000000		53.498549	54.701979	37.157984	27.838071	35.215682	28.314992	35.215682	28.314992	35.215682	28.314992	34.657556	30.235536	37.425911	33.122782	39.368213	32.645861	39.368213	32.645861	39.368213	32.645861	37.984036	31.202237	38.542162	29.281694	38.542162	29.281694	38.542162	29.281694
97	#A0A0A0	#000000	#00000000	#00000000		53.498549	54.701979	37.157984	27.838071	38.542162	29.281694	38.542162	29.281694	38.542162	29.281694	40.484465	28.804775	41.600716	24.963689	40.216539	23.520065	40.216539	23.520065	40.216539	23.520065	39.658413	25.440608	37.716110	25.917528	37.716110	25.917528	37.716110	25.917528
98	#A0A0A0	#000000	#00000000	#00000000		53.498549	54.701979	41.600716	24.963689	43.543018	24.486767	43.543018	24.486767	43.543018	24.486767	44.101144	22.566224	41.332791	19.678979	39.390489	20.155901	39.390489	20.155901	39.390489	20.155901	40.774666	21.599524	40.216540	23.520067	40.216540	23.520067	40.216539	23.520065
99	#66ccff	#000000	#00000000	#00000000		53.498549	54.701979	41.332791	19.678979	41.890917	17.758436	41.890917	17.758436	41.890917	17.758436	40.506741	16.314815	36.622137	17.268657	36.064011	19.189200	36.064011	19.189200	36.064011	19.189200	38.006313	18.712279	39.390489	20.155901	39.390489	20.155901	39.390489	20.155901
100	#ffffff	#000000	#00000000	#00000000		53.498549	54.701979	40.506740	16.314813	41.890917	17.758436	41.890917	17.758436	41.890917	17.758436	43.833220	17.281517	44.949472	13.440430	43.565295	11.996807	43.565295	11.996807	43.565295	11.996807	43.007169	13.917350	41.064866	14.394270	41.064866	14.394270	41.064866	14.394270
101	#66ccff	#000000	#00000000	#00000000		53.498549	54.701979	44.949472	13.440430	46.891774	12.963509	46.891774	12.963509	46.891774	12.963509	47.449900	11.042966	44.681547	8.155721	42.739244	8.632642	42.739244	8.632642	42.739244	8.632642	44.123422	10.076266	43.565296	11.996809	43.565296	11.996809	43.565295	11.996807
102	#A0A0A0	#000000	#00000000	#00000000		53.498549	54.701979	48.008034	9.122412	48.566157	7.201868	48.566157	7.201868	48.566157	7.201868	47.181979	5.758247	43.297376	6.712094	42.739253	8.632638	42.739253	8.632638	42.739253	8.632638	44.681554	8.155715	46.065732	9.599335	46.065732	9.599335	46.065732	9.599335
103	#66ccff	#000000	#00000000	#00000000		53.498549	54.701979	50.508458	6.724945	51.066581	4.804401	51.066581	4.804401	51.066581	4.804401	49.682403	3.360780	45.797801	4.314627	45.239678	6.235171	45.239678	6.235171	45.239678	6.235171	47.181979	5.758247	48.566157	7.201868	48.566157	7.201868	48.566157	7.201868
104	#006699	#000000	#00000000	#00000000		53.498549	54.701979	46.355924	2.394083	46.914047	0.473539	46.914047	0.473539	46.914047	0.473539	48.856348	-0.003384	51.624704	2.883857	51.066581	4.804401	51.066581	4.804401	51.066581	4.804401	49.682403	3.360780	47.740102	3.837704	47.740102	3.837704	47.740102	3.837704
105	#ffffff	#000000	#00000000	#00000000		53.498549	54.701979	48.008034	9.122412	49.392211	10.566033	49.392211	10.566033	49.392211	10.566033	51.334513	10.089110	52.450759	6.248022	51.066581	4.804401	51.066581	4.804401	51.066581	4.804401	50.508458	6.724945	48.566157	7.201868	48.566157	7.201868	48.566157	7.201868
106	#ffffff	#000000	#00000000	#00000000		53.498549	54.701979	52.450759	6.248022	54.393060	5.771099	54.393060	5.771099	54.393060	5.771099	54.951183	3.850555	52.182827	0.963313	50.240526	1.440237	50.240526	1.440237	50.240526	1.440237	51.624704	2.883857	51.066581	4.804401	51.066581	4.804401	51.066581	4.804401
107	#66ccff	#000000	#00000000	#00000000		53.498549	54.701979	51.602444	15.373818	53.544745	14.896895	53.544745	14.896895	53.544745	14.896895	54.102869	12.976351	51.334513	10.089110	49.392211	10.566033	49.392211	10.566033	49.392211	10.566033	50.776389	12.009653	50.218266	13.930197	50.218266	13.930197	50.218266	13.930197
108	#A0A0A0	#000000	#00000000	#00000000		53.498549	54.701979	48.275965	14.407121	50.218266	13.930197	50.218266	13.930197	50.218266	13.930197	50.776389	12.009653	48.008034	9.122412	46.065732	9.599335	46.065732	9.599335	46.065732	9.599335	47.449910	11.042956	46.891787	12.963500	46.891787	12.963500	46.891787	12.963500
109	#006699	#000000	#00000000	#00000000		53.498549	54.701979	53.276814	9.612186	55.219115	9.135263	55.219115	9.135263	55.219115	9.135263	56.603293	10.578884	55.487046	14.419972	53.544745	14.896895	53.544745	14.896895	53.544745	14.896895	54.102869	12.976351	52.718691	11.532730	52.718691	11.532730	52.718691	11.532730
110	#66ccff	#000000	#00000000	#00000000		53.498549	54.701979	55.777238	7.214719	54.393060	5.771099	54.393060	5.771099	54.393060	5.771099	52.450759	6.248022	51.334513	10.089110	52.718691	11.532730	52.718691	11.532730	52.718691	11.532730	53.276814	9.612186	55.219115	9.135263	55.219115	9.135263	55.219115	9.135263
111	#A0A0A0	#000000	#00000000	#00000000		53.498549	54.701979	48.275965	14.407121	47.717842	16.327664	47.717842	16.327664	47.717842	16.327664	49.102020	17.771285	52.986622	16.817439	53.544745	14.896895	53.544745	14.896895	53.544745	14.896895	51.602444	15.373818	50.218266	13.930197	50.218266	13.930197	50.218266	13.930197
112	#A0A0A0	#000000	#00000000	#00000000		53.498549	54.701979	48.275965	14.407121	46.891787	12.963500	46.891787	12.963500	46.891787	12.963500	44.949486	13.440423	43.833240	17.281511	45.217418	18.725131	45.217418	18.725131	45.217418	18.725131	45.775541	16.804588	47.717842	16.327664	47.717842	16.327664	47.717842	16.327664
113	#A0A0A0	#000000	#00000000	#00000000		53.498549	54.701979	43.833240	17.281511	41.890938	17.758434	41.890938	17.758434	41.890938	17.758434	41.332815	19.678978	44.101171	22.566219	46.043472	22.089296	46.043472	22.089296	46.043472	22.089296	44.659294	20.645675	45.217418	18.725131	45.217418	18.725131	45.217418	18.725131
114	#66ccff	#000000	#00000000	#00000000		53.498549	54.701979	49.102020	17.771285	47.717842	16.327664	47.717842	16.327664	47.717842	16.327664	45.775541	16.804588	44.659294	20.645675	46.043472	22.089296	46.043472	22.089296	46.043472	22.089296	46.601595	20.168752	48.543897	19.691829	48.543897	19.691829	48.543897	19.691829
115	#A0A0A0	#000000	#00000000	#00000000		53.498549	54.701979	53.812677	20.181603	54.370800	18.261059	54.370800	18.261059	54.370800	18.261059	52.986622	16.817439	49.102020	17.771285	48.543897	19.691829	48.543897	19.691829	48.543897	19.691829	50.486198	19.214906	51.870376	20.658526	51.870376	20.658526	51.870376	20.658526
116	#A0A0A0	#000000	#00000000	#00000000		53.498549	54.701979	52.986622	16.817439	54.370800	18.261059	54.370800	18.261059	54.370800	18.261059	56.313101	17.784136	57.429348	13.943048	56.045170	12.499428	56.045170	12.499428	56.045170	12.499428	55.487046	14.419972	53.544745	14.896895	53.544745	14.896895	53.544745	14.896895
117	#006699	#000000	#00000000	#00000000		53.498549	54.701979	47.427650	23.532917	46.043472	22.089296	46.043472	22.089296	46.043472	22.089296	46.601595	20.168752	50.486198	19.214906	51.870376	20.658526	51.870376	20.658526	51.870376	20.658526	49.928075	21.135450	49.369951	23.055994	49.369951	23.055994	49.369951	23.055994
118	#66ccff	#000000	#00000000	#00000000		53.498549	54.701979	44.101171	22.566219	43.543048	24.486763	43.543048	24.486763	43.543048	24.486763	44.927226	25.930384	48.811828	24.976537	49.369951	23.055994	49.369951	23.055994	49.369951	23.055994	47.427650	23.532917	46.043472	22.089296	46.043472	22.089296	46.043472	22.089296
119	#66ccff	#000000	#00000000	#00000000		53.498549	54.701979	53.254554	22.102147	51.870376	20.658526	51.870376	20.658526	51.870376	20.658526	49.928075	21.135450	48.811828	24.976537	50.196006	26.420158	50.196006	26.420158	50.196006	26.420158	50.754129	24.499614	52.696430	24.022691	52.696430	24.022691	52.696430	24.022691
120	#A0A0A0	#000000	#00000000	#00000000		53.498549	54.701979	54.080608	25.466312	56.022910	24.989389	56.022910	24.989389	56.022910	24.989389	56.581033	23.068845	53.812677	20.181603	51.870376	20.658526	51.870376	20.658526	51.870376	20.658526	53.254554	22.102147	52.696430	24.022691	52.696430	24.022691	52.696430	24.022691
121	#A0A0A0	#000000	#00000000	#00000000		53.498549	54.701979	54.080608	25.466312	52.696430	24.022691	52.696430	24.022691	52.696430	24.022691	50.754129	24.499614	49.637883	28.340702	51.022061	29.784323	51.022061	29.784323	51.022061	29.784323	51.580184	27.863779	53.522485	27.386856	53.522485	27.386856	53.522485	27.386856
122	#A0A0A0	#000000	#00000000	#00000000		53.498549	54.701979	49.637883	28.340702	47.695582	28.817625	47.695582	28.817625	47.695582	28.817625	47.137459	30.738169	49.905814	33.625410	51.848116	33.148487	51.848116	33.148487	51.848116	33.148487	50.463938	31.704867	51.022061	29.784323	51.022061	29.784323	51.022061	29.784323
123	#ffffff	#000000	#00000000	#00000000		53.498549	54.701979	49.637883	28.340702	50.196006	26.420158	50.196006	26.420158	50.196006	26.420158	48.811828	24.976537	44.927226	25.930384	44.369103	27.850928	44.369103	27.850928	44.369103	27.850928	46.311404	27.374004	47.695582	28.817625	47.695582	28.817625	47.695582	28.817625
124	#ffffff	#000000	#00000000	#00000000		53.498549	54.701979	44.927226	25.930384	43.543048	24.486763	43.543048	24.486763	43.543048	24.486763	41.600747	24.963686	40.484500	28.804774	41.868678	30.248395	41.868678	30.248395	41.868678	30.248395	42.426801	28.327851	44.369103	27.850928	44.369103	27.850928	44.369103	27.850928
125	#66ccff	#000000	#00000000	#00000000		53.498549	54.701979	40.484500	28.804774	38.542199	29.281697	38.542199	29.281697	38.542199	29.281697	37.984076	31.202241	40.752432	34.089482	42.694733	33.612559	42.694733	33.612559	42.694733	33.612559	41.310555	32.168939	41.868678	30.248395	41.868678	30.248395	41.868678	30.248395
126	#66ccff	#000000	#00000000	#00000000		53.498549	54.701979	46.311404	27.374004	44.369103	27.850928	44.369103	27.850928	44.369103	27.850928	43.810979	29.771472	46.579335	32.658713	48.521636	32.181790	48.521636	32.181790	48.521636	32.181790	47.137459	30.738169	47.695582	28.817625	47.695582	28.817625	47.695582	28.817625
127	#006699	#000000	#00000000	#00000000		53.498549	54.701979	44.637034	33.135636	42.694733	33.612559	42.694733	33.612559	42.694733	33.612559	41.310555	32.168939	42.426801	28.327851	44.369103	27.850928	44.369103	27.850928	44.369103	27.850928	43.810979	29.771472	45.195157	31.215092	45.195157	31.215092	45.195157	31.215092
128	#66ccff	#000000	#00000000	#00000000		53.498549	54.701979	42.136610	35.533103	43.520788	36.976724	43.520788	36.976724	43.520788	36.976724	45.463089	36.499801	46.579335	32.658713	45.195157	31.215092	45.195157	31.215092	45.195157	31.215092	44.637034	33.135636	42.694733	33.612559	42.694733	33.612559	42.694733	33.612559
129	#A0A0A0	#000000	#00000000	#00000000		53.498549	54.701979	37.425953	33.122785	36.867830	35.043329	36.867830	35.043329	36.867830	35.043329	38.252008	36.486950	42.136610	35.533103	42.694733	33.612559	42.694733	33.612559	42.694733	33.612559	40.752432	34.089482	39.368254	32.645862	39.368254	32.645862	39.368254	32.645862
130	#66ccff	#000000	#00000000	#00000000		53.498549	54.701979	38.252008	36.486950	36.867830	35.043329	36.867830	35.043329	36.867830	35.043329	34.925528	35.520252	33.809282	39.361340	35.193460	40.804961	35.193460	40.804961	35.193460	40.804961	35.751583	38.884417	37.693884	38.407493	37.693884	38.407493	37.693884	38.407493
131	#ffffff	#000000	#00000000	#00000000		53.498549	54.701979	30.482803	38.394642	31.866981	39.838263	31.866981	39.838263	31.866981	39.838263	33.809282	39.361340	34.925528	35.520252	33.541351	34.076631	33.541351	34.076631	33.541351	34.076631	32.983227	35.997175	31.040926	36.474098	31.040926	36.474098	31.040926	36.474098
132	#66ccff	#000000	#00000000	#00000000		53.498549	54.701979	32.983227	35.997175	33.541351	34.076631	33.541351	34.076631	33.541351	34.076631	32.157173	32.633011	28.272570	33.586857	27.714447	35.507401	27.714447	35.507401	27.714447	35.507401	29.656748	35.030478	31.040926	36.474098	31.040926	36.474098	31.040926	36.474098
133	#ffffff	#000000	#00000000	#00000000		53.498549	54.701979	25.772146	35.984324	27.714447	35.507401	27.714447	35.507401	27.714447	35.507401	28.272570	33.586857	25.504214	30.699616	23.561913	31.176539	23.561913	31.176539	23.561913	31.176539	24.946091	32.620160	24.387968	34.540703	24.387968	34.540703	24.387968	34.540703
134	#66ccff	#000000	#00000000	#00000000		53.498549	54.701979	20.503366	35.494550	21.887544	36.938170	21.887544	36.938170	21.887544	36.938170	23.829845	36.461247	24.946091	32.620160	23.561913	31.176539	23.561913	31.176539	23.561913	31.176539	23.003790	33.097083	21.061489	33.574006	21.061489	33.574006	21.061489	33.574006
135	#A0A0A0	#000000	#00000000	#00000000		53.498549	54.701979	15.792709	33.084232	15.234585	35.004775	15.234585	35.004775	15.234585	35.004775	16.618763	36.448396	20.503366	35.494550	21.061489	33.574006	21.061489	33.574006	21.061489	33.574006	19.119188	34.050929	17.735010	32.607308	17.735010	32.607308	17.735010	32.607308
136	#ffffff	#000000	#00000000	#00000000		53.498549	54.701979	15.792709	33.084232	14.408531	31.640611	14.408531	31.640611	14.408531	31.640611	12.466230	32.117534	11.349983	35.958622	12.734161	37.402243	12.734161	37.402243	12.734161	37.402243	13.292284	35.481699	15.234585	35.004775	15.234585	35.004775	15.234585	35.004775
137	#66ccff	#000000	#00000000	#00000000		53.498549	54.701979	8.023504	34.991924	9.407682	36.435545	9.407682	36.435545	9.407682	36.435545	11.349983	35.958622	12.466230	32.117534	11.082052	30.673913	11.082052	30.673913	11.082052	30.673913	10.523928	32.594457	8.581627	33.071380	8.581627	33.071380	8.581627	33.071380
138	#ffffff	#000000	#00000000	#00000000		53.498549	54.701979	3.312847	32.581606	2.754724	34.502150	2.754724	34.502150	2.754724	34.502150	4.138902	35.945771	8.023504	34.991924	8.581627	33.071380	8.581627	33.071380	8.581627	33.071380	6.639326	33.548304	5.255148	32.104683	5.255148	32.104683	5.255148	32.104683
139	#ffffff	#000000	#00000000	#00000000		53.498549	54.701979	-3.630358	37.853418	-2.246182	39.297040	-2.246182	39.297040	-2.246182	39.297040	-0.303880	38.820118	0.812371	34.979030	-0.571804	33.535411	-0.571804	33.535411	-0.571804	33.535411	-1.129930	35.455954	-3.072232	35.932875	-3.072232	35.932875	-3.072232	35.932875
140	#66ccff	#000000	#00000000	#00000000		53.498549	54.701979	4.138902	35.945771	2.754724	34.502150	2.754724	34.502150	2.754724	34.502150	0.812423	34.979073	-0.303824	38.820161	1.080354	40.263782	1.080354	40.263782	1.080354	40.263782	1.638477	38.343238	3.580779	37.866315	3.580779	37.866315	3.580779	37.866315
141	#A0A0A0	#000000	#00000000	#00000000		53.498549	54.701979	8.849559	38.356089	9.407682	36.435545	9.407682	36.435545	9.407682	36.435545	8.023504	34.991924	4.138902	35.945771	3.580779	37.866315	3.580779	37.866315	3.580779	37.866315	5.523080	37.389391	6.907258	38.833012	6.907258	38.833012	6.907258	38.833012
142	#ffffff	#000000	#00000000	#00000000		53.498549	54.701979	11.349983	35.958622	9.407682	36.435545	9.407682	36.435545	9.407682	36.435545	8.849559	38.356089	11.617915	41.243330	13.560216	40.766407	13.560216	40.766407	13.560216	40.766407	12.176038	39.322786	12.734161	37.402243	12.734161	37.402243	12.734161	37.402243
143	#66ccff	#000000	#00000000	#00000000		53.498549	54.701979	13.292284	35.481699	12.734161	37.402243	12.734161	37.402243	12.734161	37.402243	14.118339	38.845863	18.002941	37.892017	18.561065	35.971473	18.561065	35.971473	18.561065	35.971473	16.618763	36.448396	15.234585	35.004775	15.234585	35.004775	15.234585	35.004775
144	#006699	#000000	#00000000	#00000000		53.498549	54.701979	17.444818	39.812561	16.886695	41.733105	16.886695	41.733105	16.886695	41.733105	14.944394	42.210028	12.176038	39.322786	12.734161	37.402243	12.734161	37.402243	12.734161	37.402243	14.118339	38.845863	16.060640	38.368940	16.060640	38.368940	16.060640	38.368940
145	#ffffff	#000000	#00000000	#00000000		53.498549	54.701979	20.503366	35.494550	18.561065	35.971473	18.561065	35.971473	18.561065	35.971473	18.002941	37.892017	20.771297	40.779258	22.713598	40.302335	22.713598	40.302335	22.713598	40.302335	21.329420	38.858714	21.887544	36.938170	21.887544	36.938170	21.887544	36.938170
146	#66ccff	#000000	#00000000	#00000000		53.498549	54.701979	21.329420	38.858714	22.713598	40.302335	22.713598	40.302335	22.713598	40.302335	24.655900	39.825412	25.772146	35.984324	24.387968	34.540703	24.387968	34.540703	24.387968	34.540703	23.829845	36.461247	21.887544	36.938170	21.887544	36.938170	21.887544	36.938170
147	#006699	#000000	#00000000	#00000000		53.498549	54.701979	27.156324	37.427945	28.540502	38.871565	28.540502	38.871565	28.540502	38.871565	27.982379	40.792109	24.097776	41.745956	22.713598	40.302335	22.713598	40.302335	22.713598	40.302335	24.655900	39.825412	25.214023	37.904868	25.214023	37.904868	25.214023	37.904868
148	#66ccff	#000000	#00000000	#00000000		53.498549	54.701979	30.482803	38.394642	31.040926	36.474098	31.040926	36.474098	31.040926	36.474098	29.656748	35.030478	25.772146	35.984324	25.214023	37.904868	25.214023	37.904868	25.214023	37.904868	27.156324	37.427945	28.540502	38.871565	28.540502	38.871565	28.540502	38.871565
149	#A0A0A0	#000000	#00000000	#00000000		53.498549	54.701979	30.750734	43.679351	32.693036	43.202428	32.693036	43.202428	32.693036	43.202428	33.251159	41.281884	30.482803	38.394642	28.540502	38.871565	28.540502	38.871565	28.540502	38.871565	29.924680	40.315186	29.366557	42.235730	29.366557	42.235730	29.366557	42.235730
150	#66ccff	#000000	#00000000	#00000000		53.498549	54.701979	34.077214	44.646048	36.019515	44.169125	36.019515	44.169125	36.019515	44.169125	36.577638	42.248581	33.809282	39.361340	31.866981	39.838263	31.866981	39.838263	31.866981	39.838263	33.251159	41.281884	32.693036	43.202428	32.693036	43.202428	32.693036	43.202428
151	#006699	#000000	#00000000	#00000000		53.498549	54.701979	35.751583	38.884417	37.693884	38.407493	37.693884	38.407493	37.693884	38.407493	39.078062	39.851114	37.961816	43.692202	36.019515	44.169125	36.019515	44.169125	36.019515	44.169125	36.577638	42.248581	35.193460	40.804961	35.193460	40.804961	35.193460	40.804961
152	#66ccff	#000000	#00000000	#00000000		53.498549	54.701979	39.904117	43.215279	41.846418	42.738356	41.846418	42.738356	41.846418	42.738356	42.404541	40.817812	39.636185	37.930570	37.693884	38.407493	37.693884	38.407493	37.693884	38.407493	39.078062	39.851114	38.519939	41.771658	38.519939	41.771658	38.519939	41.771658
153	#A0A0A0	#000000	#00000000	#00000000		53.498549	54.701979	42.962665	38.897268	43.520788	36.976724	43.520788	36.976724	43.520788	36.976724	42.136610	35.533103	38.252008	36.486950	37.693884	38.407493	37.693884	38.407493	37.693884	38.407493	39.636185	37.930570	41.020363	39.374191	41.020363	39.374191	41.020363	39.374191
154	#ffffff	#000000	#00000000	#00000000		53.498549	54.701979	45.463089	36.499801	43.520788	36.976724	43.520788	36.976724	43.520788	36.976724	42.962665	38.897268	45.731020	41.784509	47.673322	41.307586	47.673322	41.307586	47.673322	41.307586	46.289144	39.863965	46.847267	37.943421	46.847267	37.943421	46.847267	37.943421
155	#ffffff	#000000	#00000000	#00000000		53.498549	54.701979	49.905814	33.625410	48.521636	32.181790	48.521636	32.181790	48.521636	32.181790	46.579335	32.658713	45.463089	36.499801	46.847267	37.943421	46.847267	37.943421	46.847267	37.943421	47.405390	36.022878	49.347691	35.545954	49.347691	35.545954	49.347691	35.545954
156	#66ccff	#000000	#00000000	#00000000		53.498549	54.701979	49.905814	33.625410	49.347691	35.545954	49.347691	35.545954	49.347691	35.545954	50.731869	36.989575	54.616471	36.035729	55.174595	34.115185	55.174595	34.115185	55.174595	34.115185	53.232294	34.592108	51.848116	33.148487	51.848116	33.148487	51.848116	33.148487
157	#66ccff	#000000	#00000000	#00000000		53.498549	54.701979	47.405390	36.022878	46.847267	37.943421	46.847267	37.943421	46.847267	37.943421	48.231445	39.387042	52.116047	38.433196	52.674170	36.512652	52.674170	36.512652	52.674170	36.512652	50.731869	36.989575	49.347691	35.545954	49.347691	35.545954	49.347691	35.545954
158	#006699	#000000	#00000000	#00000000		53.498549	54.701979	51.557924	40.353740	50.999801	42.274283	50.999801	42.274283	50.999801	42.274283	49.057500	42.751207	46.289144	39.863965	46.847267	37.943421	46.847267	37.943421	46.847267	37.943421	48.231445	39.387042	50.173746	38.910119	50.173746	38.910119	50.173746	38.910119
159	#66ccff	#000000	#00000000	#00000000		53.498549	54.701979	52.383979	43.717904	54.326280	43.240981	54.326280	43.240981	54.326280	43.240981	54.884403	41.320437	52.116047	38.433196	50.173746	38.910119	50.173746	38.910119	50.173746	38.910119	51.557924	40.353740	50.999801	42.274283	50.999801	42.274283	50.999801	42.274283
160	#A0A0A0	#000000	#00000000	#00000000		53.498549	54.701979	47.941253	46.592294	49.325431	48.035915	49.325431	48.035915	49.325431	48.035915	51.267732	47.558992	52.383979	43.717904	50.999801	42.274283	50.999801	42.274283	50.999801	42.274283	50.441677	44.194827	48.499376	44.671751	48.499376	44.671751	48.499376	44.671751
161	#66ccff	#000000	#00000000	#00000000		53.498549	54.701979	51.267732	47.558992	49.325431	48.035915	49.325431	48.035915	49.325431	48.035915	48.767308	49.956459	51.535664	52.843700	53.477965	52.366777	53.477965	52.366777	53.477965	52.366777	52.093787	50.923156	52.651910	49.002613	52.651910	49.002613	52.651910	49.002613
162	#ffffff	#000000	#00000000	#00000000		53.498549	54.701979	49.035239	55.241167	50.977541	54.764244	50.977541	54.764244	50.977541	54.764244	51.535664	52.843700	48.767308	49.956459	46.825007	50.433382	46.825007	50.433382	46.825007	50.433382	48.209185	51.877003	47.651061	53.797547	47.651061	53.797547	47.651061	53.797547
163	#ffffff	#000000	#00000000	#00000000		53.498549	54.701979	48.767308	49.956459	49.325431	48.035915	49.325431	48.035915	49.325431	48.035915	47.941253	46.592294	44.056651	47.546141	43.498528	49.466685	43.498528	49.466685	43.498528	49.466685	45.440829	48.989761	46.825007	50.433382	46.825007	50.433382	46.825007	50.433382
164	#A0A0A0	#000000	#00000000	#00000000		53.498549	54.701979	43.230596	44.181976	42.672473	46.102520	42.672473	46.102520	42.672473	46.102520	44.056651	47.546141	47.941253	46.592294	48.499376	44.671751	48.499376	44.671751	48.499376	44.671751	46.557075	45.148674	45.172897	43.705053	45.172897	43.705053	45.172897	43.705053
165	#66ccff	#000000	#00000000	#00000000		53.498549	54.701979	45.731020	41.784509	45.172897	43.705053	45.172897	43.705053	45.172897	43.705053	46.557075	45.148674	50.441677	44.194827	50.999801	42.274283	50.999801	42.274283	50.999801	42.274283	49.057500	42.751207	47.673322	41.307586	47.673322	41.307586	47.673322	41.307586
166	#A0A0A0	#000000	#00000000	#00000000		53.498549	54.701979	43.230596	44.181976	45.172897	43.705053	45.172897	43.705053	45.172897	43.705053	45.731020	41.784509	42.962665	38.897268	41.020363	39.374191	41.020363	39.374191	41.020363	39.374191	42.404541	40.817812	41.846418	42.738356	41.846418	42.738356	41.846418	42.738356
167	#A0A0A0	#000000	#00000000	#00000000		53.498549	54.701979	43.230596	44.181976	41.846418	42.738356	41.846418	42.738356	41.846418	42.738356	39.904117	43.215279	38.787871	47.056366	40.172049	48.499987	40.172049	48.499987	40.172049	48.499987	40.730172	46.579443	42.672473	46.102520	42.672473	46.102520	42.672473	46.102520
168	#66ccff	#000000	#00000000	#00000000		53.498549	54.701979	44.056651	47.546141	42.672473	46.102520	42.672473	46.102520	42.672473	46.102520	40.730172	46.579443	39.613925	50.420531	40.998103	51.864152	40.998103	51.864152	40.998103	51.864152	41.556227	49.943608	43.498528	49.466685	43.498528	49.466685	43.498528	49.466685
169	#006699	#000000	#00000000	#00000000		53.498549	54.701979	42.382281	53.307772	40.998103	51.864152	40.998103	51.864152	40.998103	51.864152	41.556227	49.943608	45.440829	48.989761	46.825007	50.433382	46.825007	50.433382	46.825007	50.433382	44.882706	50.910305	44.324582	52.830849	44.324582	52.830849	44.324582	52.830849
170	#66ccff	#000000	#00000000	#00000000		53.498549	54.701979	48.209185	51.877003	46.825007	50.433382	46.825007	50.433382	46.825007	50.433382	44.882706	50.910305	43.766459	54.751393	45.150637	56.195014	45.150637	56.195014	45.150637	56.195014	45.708760	54.274470	47.651061	53.797547	47.651061	53.797547	47.651061	53.797547
171	#66ccff	#000000	#00000000	#00000000		53.498549	54.701979	39.055802	52.341075	38.497679	54.261619	38.497679	54.261619	38.497679	54.261619	39.881857	55.705239	43.766459	54.751393	44.324582	52.830849	44.324582	52.830849	44.324582	52.830849	42.382281	53.307772	40.998103	51.864152	40.998103	51.864152	40.998103	51.864152
172	#A0A0A0	#000000	#00000000	#00000000		53.498549	54.701979	38.787871	47.056366	36.845569	47.533290	36.845569	47.533290	36.845569	47.533290	36.287446	49.453834	39.055802	52.341075	40.998103	51.864152	40.998103	51.864152	40.998103	51.864152	39.613925	50.420531	40.172049	48.499987	40.172049	48.499987	40.172049	48.499987
173	#ffffff	#000000	#00000000	#00000000		53.498549	54.701979	35.461392	46.089669	36.845569	47.533290	36.845569	47.533290	36.845569	47.533290	38.787871	47.056366	39.904117	43.215279	38.519939	41.771658	38.519939	41.771658	38.519939	41.771658	37.961816	43.692202	36.019515	44.169125	36.019515	44.169125	36.019515	44.169125
174	#ffffff	#000000	#00000000	#00000000		53.498549	54.701979	30.750734	43.679351	30.192611	45.599895	30.192611	45.599895	30.192611	45.599895	31.576789	47.043515	35.461392	46.089669	36.019515	44.169125	36.019515	44.169125	36.019515	44.169125	34.077214	44.646048	32.693036	43.202428	32.693036	43.202428	32.693036	43.202428
175	#A0A0A0	#000000	#00000000	#00000000		53.498549	54.701979	26.308009	46.553741	27.692187	47.997362	27.692187	47.997362	27.692187	47.997362	29.634488	47.520439	30.750734	43.679351	29.366557	42.235730	29.366557	42.235730	29.366557	42.235730	28.808433	44.156274	26.866132	44.633197	26.866132	44.633197	26.866132	44.633197
176	#66ccff	#000000	#00000000	#00000000		53.498549	54.701979	25.481954	43.189576	26.866132	44.633197	26.866132	44.633197	26.866132	44.633197	28.808433	44.156274	29.924680	40.315186	28.540502	38.871565	28.540502	38.871565	28.540502	38.871565	27.982379	40.792109	26.040077	41.269033	26.040077	41.269033	26.040077	41.269033
177	#ffffff	#000000	#00000000	#00000000		53.498549	54.701979	20.771297	40.779258	20.213174	42.699802	20.213174	42.699802	20.213174	42.699802	21.597352	44.143423	25.481954	43.189576	26.040077	41.269033	26.040077	41.269033	26.040077	41.269033	24.097776	41.745956	22.713598	40.302335	22.713598	40.302335	22.713598	40.302335
178	#66ccff	#000000	#00000000	#00000000		53.498549	54.701979	18.270873	43.176725	20.213174	42.699802	20.213174	42.699802	20.213174	42.699802	20.771297	40.779258	18.002941	37.892017	16.060640	38.368940	16.060640	38.368940	16.060640	38.368940	17.444818	39.812561	16.886695	41.733105	16.886695	41.733105	16.886695	41.733105
179	#66ccff	#000000	#00000000	#00000000		53.498549	54.701979	11.617915	41.243330	11.059791	43.163874	11.059791	43.163874	11.059791	43.163874	12.443969	44.607495	16.328572	43.653648	16.886695	41.733105	16.886695	41.733105	16.886695	41.733105	14.944394	42.210028	13.560216	40.766407	13.560216	40.766407	13.560216	40.766407
180	#A0A0A0	#000000	#00000000	#00000000		53.498549	54.701979	9.117490	43.640797	11.059791	43.163874	11.059791	43.163874	11.059791	43.163874	11.617915	41.243330	8.849559	38.356089	6.907258	38.833012	6.907258	38.833012	6.907258	38.833012	8.291436	40.276633	7.733312	42.197177	7.733312	42.197177	7.733312	42.197177
181	#66ccff	#000000	#00000000	#00000000		53.498549	54.701979	5.791011	42.674100	7.733312	42.197177	7.733312	42.197177	7.733312	42.197177	8.291436	40.276633	5.523080	37.389391	3.580779	37.866315	3.580779	37.866315	3.580779	37.866315	4.964957	39.309935	4.406833	41.230479	4.406833	41.230479	4.406833	41.230479
182	#006699	#000000	#00000000	#00000000		53.498549	54.701979	1.638477	38.343238	3.580779	37.866315	3.580779	37.866315	3.580779	37.866315	4.964957	39.309935	3.848710	43.151023	1.906409	43.627946	1.906409	43.627946	1.906409	43.627946	2.464532	41.707402	1.080354	40.263782	1.080354	40.263782	1.080354	40.263782
183	#ffffff	#000000	#00000000	#00000000		53.498549	54.701979	1.348286	45.548490	2.732464	46.992111	2.732464	46.992111	2.732464	46.992111	4.674765	46.515188	5.791011	42.674100	4.406833	41.230479	4.406833	41.230479	4.406833	41.230479	3.848710	43.151023	1.906409	43.627946	1.906409	43.627946	1.906409	43.627946
184	#A0A0A0	#000000	#00000000	#00000000		53.498549	54.701979	9.117490	43.640797	7.733312	42.197177	7.733312	42.197177	7.733312	42.197177	5.791011	42.674100	4.674765	46.515188	6.058943	47.958808	6.058943	47.958808	6.058943	47.958808	6.617066	46.038264	8.559367	45.561341	8.559367	45.561341	8.559367	45.561341
185	#A0A0A0	#000000	#00000000	#00000000		53.498549	54.701979	9.117490	43.640797	8.559367	45.561341	8.559367	45.561341	8.559367	45.561341	9.943545	47.004962	13.828147	46.051116	14.386271	44.130572	14.386271	44.130572	14.386271	44.130572	12.443969	44.607495	11.059791	43.163874	11.059791	43.163874	11.059791	43.163874
186	#A0A0A0	#000000	#00000000	#00000000		53.498549	54.701979	13.828147	46.051116	15.212325	47.494736	15.212325	47.494736	15.212325	47.494736	17.154626	47.017813	18.270873	43.176725	16.886695	41.733105	16.886695	41.733105	16.886695	41.733105	16.328572	43.653648	14.386271	44.130572	14.386271	44.130572	14.386271	44.130572
187	#A0A0A0	#000000	#00000000	#00000000		53.498549	54.701979	21.597352	44.143423	20.213174	42.699802	20.213174	42.699802	20.213174	42.699802	18.270873	43.176725	17.154626	47.017813	18.538804	48.461434	18.538804	48.461434	18.538804	48.461434	19.096928	46.540890	21.039229	46.063967	21.039229	46.063967	21.039229	46.063967
188	#A0A0A0	#000000	#00000000	#00000000		53.498549	54.701979	26.308009	46.553741	26.866132	44.633197	26.866132	44.633197	26.866132	44.633197	25.481954	43.189576	21.597352	44.143423	21.039229	46.063967	21.039229	46.063967	21.039229	46.063967	22.981530	45.587043	24.365708	47.030664	24.365708	47.030664	24.365708	47.030664
189	#A0A0A0	#000000	#00000000	#00000000		53.498549	54.701979	26.308009	46.553741	24.365708	47.030664	24.365708	47.030664	24.365708	47.030664	23.807585	48.951208	26.575941	51.838449	28.518242	51.361526	28.518242	51.361526	28.518242	51.361526	27.134064	49.917906	27.692187	47.997362	27.692187	47.997362	27.692187	47.997362
190	#66ccff	#000000	#00000000	#00000000		53.498549	54.701979	27.134064	49.917906	28.518242	51.361526	28.518242	51.361526	28.518242	51.361526	30.460543	50.884603	31.576789	47.043515	30.192611	45.599895	30.192611	45.599895	30.192611	45.599895	29.634488	47.520439	27.692187	47.997362	27.692187	47.997362	27.692187	47.997362
191	#66ccff	#000000	#00000000	#00000000		53.498549	54.701979	36.287446	49.453834	36.845569	47.533290	36.845569	47.533290	36.845569	47.533290	35.461392	46.089669	31.576789	47.043515	31.018666	48.964059	31.018666	48.964059	31.018666	48.964059	32.960967	48.487136	34.345145	49.930757	34.345145	49.930757	34.345145	49.930757
192	#006699	#000000	#00000000	#00000000		53.498549	54.701979	32.960967	48.487136	34.345145	49.930757	34.345145	49.930757	34.345145	49.930757	33.787022	51.851301	29.902420	52.805147	28.518242	51.361526	28.518242	51.361526	28.518242	51.361526	30.460543	50.884603	31.018666	48.964059	31.018666	48.964059	31.018666	48.964059
193	#A0A0A0	#000000	#00000000	#00000000		53.498549	54.701979	26.575941	51.838449	26.017817	53.758993	26.017817	53.758993	26.017817	53.758993	27.401995	55.202614	31.286598	54.248768	31.844721	52.328224	31.844721	52.328224	31.844721	52.328224	29.902420	52.805147	28.518242	51.361526	28.518242	51.361526	28.518242	51.361526
194	#66ccff	#000000	#00000000	#00000000		53.498549	54.701979	31.286598	54.248768	32.670776	55.692388	32.670776	55.692388	32.670776	55.692388	34.613077	55.215465	35.729323	51.374377	34.345145	49.930757	34.345145	49.930757	34.345145	49.930757	33.787022	51.851301	31.844721	52.328224	31.844721	52.328224	31.844721	52.328224
195	#ffffff	#000000	#00000000	#00000000		53.498549	54.701979	36.555378	54.738542	38.497679	54.261619	38.497679	54.261619	38.497679	54.261619	39.055802	52.341075	36.287446	49.453834	34.345145	49.930757	34.345145	49.930757	34.345145	49.930757	35.729323	51.374377	35.171200	53.294921	35.171200	53.294921	35.171200	53.294921
196	#ffffff	#000000	#00000000	#00000000		53.498549	54.701979	32.112652	57.612932	33.496830	59.056553	33.496830	59.056553	33.496830	59.056553	35.439131	58.579630	36.555378	54.738542	35.171200	53.294921	35.171200	53.294921	35.171200	53.294921	34.613077	55.215465	32.670776	55.692388	32.670776	55.692388	32.670776	55.692388
197	#66ccff	#000000	#00000000	#00000000		53.498549	54.701979	56.246321	55.254019	56.804444	53.333475	56.804444	53.333475	56.804444	53.333475	55.420266	51.889854	51.535664	52.843700	50.977541	54.764244	50.977541	54.764244	50.977541	54.764244	52.919842	54.287321	54.304020	55.730942	54.304020	55.730942	54.304020	55.730942
198	#ffffff	#000000	#00000000	#00000000		53.498549	54.701979	24.075516	54.235917	26.017817	53.758993	26.017817	53.758993	26.017817	53.758993	26.575941	51.838449	23.807585	48.951208	21.865284	49.428131	21.865284	49.428131	21.865284	49.428131	23.249461	50.871752	22.691338	52.792296	22.691338	52.792296	22.691338	52.792296
199	#66ccff	#000000	#00000000	#00000000		53.498549	54.701979	23.807585	48.951208	24.365708	47.030664	24.365708	47.030664	24.365708	47.030664	22.981530	45.587043	19.096928	46.540890	18.538804	48.461434	18.538804	48.461434	18.538804	48.461434	20.481106	47.984511	21.865284	49.428131	21.865284	49.428131	21.865284	49.428131
200	#006699	#000000	#00000000	#00000000		53.498549	54.701979	17.980681	50.381978	18.538804	48.461434	18.538804	48.461434	18.538804	48.461434	20.481106	47.984511	23.249461	50.871752	22.691338	52.792296	22.691338	52.792296	22.691338	52.792296	21.307160	51.348675	19.364859	51.825598	19.364859	51.825598	19.364859	51.825598
201	#66ccff	#000000	#00000000	#00000000		53.498549	54.701979	17.154626	47.017813	15.212325	47.494736	15.212325	47.494736	15.212325	47.494736	14.654202	49.415280	17.422558	52.302521	19.364859	51.825598	19.364859	51.825598	19.364859	51.825598	17.980681	50.381978	18.538804	48.461434	18.538804	48.461434	18.538804	48.461434
202	#66ccff	#000000	#00000000	#00000000		53.498549	54.701979	22.133215	54.712840	22.691338	52.792296	22.691338	52.792296	22.691338	52.792296	21.307160	51.348675	17.422558	52.302521	16.864435	54.223065	16.864435	54.223065	16.864435	54.223065	18.806736	53.746142	20.190914	55.189763	20.190914	55.189763	20.190914	55.189763
203	#ffffff	#000000	#00000000	#00000000		53.498549	54.701979	14.922134	54.699989	16.864435	54.223065	16.864435	54.223065	16.864435	54.223065	17.422558	52.302521	14.654202	49.415280	12.711901	49.892203	12.711901	49.892203	12.711901	49.892203	14.096079	51.335824	13.537956	53.256368	13.537956	53.256368	13.537956	53.256368
204	#ffffff	#000000	#00000000	#00000000		53.498549	54.701979	14.654202	49.415280	15.212325	47.494736	15.212325	47.494736	15.212325	47.494736	13.828147	46.051116	9.943545	47.004962	9.385422	48.925506	9.385422	48.925506	9.385422	48.925506	11.327723	48.448583	12.711901	49.892203	12.711901	49.892203	12.711901	49.892203
205	#66ccff	#000000	#00000000	#00000000		53.498549	54.701979	9.943545	47.004962	8.559367	45.561341	8.559367	45.561341	8.559367	45.561341	6.617066	46.038264	5.500820	49.879352	6.884998	51.322973	6.884998	51.322973	6.884998	51.322973	7.443121	49.402429	9.385422	48.925506	9.385422	48.925506	9.385422	48.925506
206	#006699	#000000	#00000000	#00000000		53.498549	54.701979	8.269175	52.766594	6.884998	51.322973	6.884998	51.322973	6.884998	51.322973	7.443121	49.402429	11.327723	48.448583	12.711901	49.892203	12.711901	49.892203	12.711901	49.892203	10.769600	50.369126	10.211477	52.289670	10.211477	52.289670	10.211477	52.289670
207	#66ccff	#000000	#00000000	#00000000		53.498549	54.701979	14.096079	51.335824	12.711901	49.892203	12.711901	49.892203	12.711901	49.892203	10.769600	50.369126	9.653353	54.210214	11.037531	55.653835	11.037531	55.653835	11.037531	55.653835	11.595655	53.733291	13.537956	53.256368	13.537956	53.256368	13.537956	53.256368
208	#66ccff	#000000	#00000000	#00000000		53.498549	54.701979	4.942696	51.799896	4.384573	53.720440	4.384573	53.720440	4.384573	53.720440	5.768751	55.164061	9.653353	54.210214	10.211477	52.289670	10.211477	52.289670	10.211477	52.289670	8.269175	52.766594	6.884998	51.322973	6.884998	51.322973	6.884998	51.322973
209	#A0A0A0	#000000	#00000000	#00000000		53.498549	54.701979	4.674765	46.515188	2.732464	46.992111	2.732464	46.992111	2.732464	46.992111	2.174341	48.912655	4.942696	51.799896	6.884998	51.322973	6.884998	51.322973	6.884998	51.322973	5.500820	49.879352	6.058943	47.958808	6.058943	47.958808	6.058943	47.958808
210	#ffffff	#000000	#00000000	#00000000		53.498549	54.701979	2.442272	54.197363	4.384573	53.720440	4.384573	53.720440	4.384573	53.720440	4.942696	51.799896	2.174341	48.912655	0.232039	49.389578	0.232039	49.389578	0.232039	49.389578	1.616217	50.833199	1.058094	52.753742	1.058094	52.753742	1.058094	52.753742
211	#66ccff	#000000	#00000000	#00000000		53.498549	54.701979	2.174341	48.912655	2.732464	46.992111	2.732464	46.992111	2.732464	46.992111	1.348286	45.548490	-2.536317	46.502336	-3.094440	48.422880	-3.094440	48.422880	-3.094440	48.422880	-1.152139	47.945957	0.232039	49.389578	0.232039	49.389578	0.232039	49.389578
212	#ffffff	#000000	#00000000	#00000000		53.498549	54.701979	-3.362371	43.138172	-3.920494	45.058716	-3.920494	45.058716	-3.920494	45.058716	-2.536317	46.502336	1.348286	45.548490	1.906409	43.627946	1.906409	43.627946	1.906409	43.627946	-0.035892	44.104869	-1.420070	42.661249	-1.420070	42.661249	-1.420070	42.661249
213	#66ccff	#000000	#00000000	#00000000		53.498549	54.701979	-0.035892	44.104869	1.906409	43.627946	1.906409	43.627946	1.906409	43.627946	2.464532	41.707402	-0.303824	38.820161	-2.246125	39.297084	-2.246125	39.297084	-2.246125	39.297084	-0.861947	40.740705	-1.420070	42.661249	-1.420070	42.661249	-1.420070	42.661249
214	#006699	#000000	#00000000	#00000000		53.498549	54.701979	6.415912	3.283639	4.473610	3.760560	4.473610	3.760560	4.473610	3.760560	3.089433	2.316937	4.205685	-1.524149	6.147987	-2.001071	6.147987	-2.001071	6.147987	-2.001071	5.589861	-0.080528	6.974038	1.363096	6.974038	1.363096	6.974038	1.363096
215	#66ccff	#000000	#00000000	#00000000		53.498549	54.701979	8.090300	-2.477998	6.147997	-2.001078	6.147997	-2.001078	6.147997	-2.001078	5.589869	-0.080534	8.358220	2.806715	10.300523	2.329795	10.300523	2.329795	10.300523	2.329795	8.916347	0.886171	9.474475	-1.034373	9.474475	-1.034373	9.474475	-1.034373
216	#A0A0A0	#000000	#00000000	#00000000		53.498549	54.701979	11.416775	-1.511289	9.474472	-1.034370	9.474472	-1.034370	9.474472	-1.034370	8.916345	0.886174	11.684695	3.773423	13.626998	3.296503	13.626998	3.296503	13.626998	3.296503	12.242823	1.852879	12.800951	-0.067665	12.800951	-0.067665	12.800951	-0.067665
217	#ffffff	#000000	#00000000	#00000000		53.498549	54.701979	43.029448	1.427386	43.587574	-0.493157	43.587574	-0.493157	43.587574	-0.493157	42.203397	-1.936778	38.318793	-0.982936	37.760667	0.937607	37.760667	0.937607	37.760667	0.937607	39.702969	0.460686	41.087146	1.904308	41.087146	1.904308	41.087146	1.904308
218	#66ccff	#000000	#00000000	#00000000		53.498549	54.701979	45.529869	-0.970082	43.587568	-0.493158	43.587568	-0.493158	43.587568	-0.493158	43.029445	1.427385	45.797801	4.314627	47.740102	3.837704	47.740102	3.837704	47.740102	3.837704	46.355924	2.394083	46.914047	0.473539	46.914047	0.473539	46.914047	0.473539
219	#66ccff	#000000	#00000000	#00000000		53.498549	54.701979	52.182827	0.963313	52.740951	-0.957231	52.740951	-0.957231	52.740951	-0.957231	51.356773	-2.400851	47.472170	-1.447005	46.914047	0.473539	46.914047	0.473539	46.914047	0.473539	48.856348	-0.003384	50.240526	1.440237	50.240526	1.440237	50.240526	1.440237
220	#66ccff	#000000	#00000000	#00000000		53.498549	54.701979	38.318795	-0.982941	36.934618	-2.426564	36.934618	-2.426564	36.934618	-2.426564	34.992316	-1.949643	33.876064	1.891443	35.260241	3.335067	35.260241	3.335067	35.260241	3.335067	35.818367	1.414523	37.760669	0.937602	37.760669	0.937602	37.760669	0.937602
221	#66ccff	#000000	#00000000	#00000000		53.498549	54.701979	13.359077	-1.988208	12.800949	-0.067664	12.800949	-0.067664	12.800951	-0.067665	14.185126	1.375959	18.069730	0.422121	18.627858	-1.498423	18.627858	-1.498423	18.627858	-1.498423	16.685555	-1.021503	15.301380	-2.465128	15.301380	-2.465128	15.301380	-2.465128
222	#66ccff	#000000	#00000000	#00000000		53.498549	54.701979	2.263384	-1.047226	0.321082	-0.570305	0.321082	-0.570305	0.321082	-0.570305	-0.237044	1.350238	2.531311	4.237482	4.473613	3.760561	4.473613	3.760561	4.473610	3.760560	3.089434	2.316939	3.647560	0.396396	3.647560	0.396396	3.647560	0.396396
223	#66ccff	#000000	#00000000	#00000000		53.498549	54.701979	21.396208	1.388828	22.780385	2.832452	22.780385	2.832452	22.780385	2.832452	24.722688	2.355532	25.838940	-1.485554	24.454763	-2.929177	24.454763	-2.929177	24.454763	-2.929177	23.896637	-1.008634	21.954334	-0.531715	21.954334	-0.531715	21.954334	-0.531715
224	#ffffff	#000000	#00000000	#00000000		53.498549	54.701979	55.710458	44.684602	54.326280	43.240981	54.326280	43.240981	54.326280	43.240981	52.383979	43.717904	51.267732	47.558992	52.651910	49.002613	52.651910	49.002613	52.651910	49.002613	53.210033	47.082069	55.152335	46.605146	55.152335	46.605146	55.152335	46.605146
225	#006699	#000000	#00000000	#00000000		53.498549	54.701979	52.093787	50.923156	52.651910	49.002613	52.651910	49.002613	52.651910	49.002613	54.594211	48.525689	57.362567	51.412931	56.804444	53.333475	56.804444	53.333475	56.804444	53.333475	55.420266	51.889854	53.477965	52.366777	53.477965	52.366777	53.477965	52.366777
226	#ffffff	#000000	#00000000	#00000000		53.498549	54.701979	54.616471	36.035729	52.674170	36.512652	52.674170	36.512652	52.674170	36.512652	52.116047	38.433196	54.884403	41.320437	56.826704	40.843514	56.826704	40.843514	56.826704	40.843514	55.442526	39.399893	56.000649	37.479349	56.000649	37.479349	56.000649	37.479349
227	#006699	#000000	#00000000	#00000000		53.498549	54.701979	53.232294	34.592108	51.848116	33.148487	51.848116	33.148487	51.848116	33.148487	52.406239	31.227943	56.290841	30.274097	57.675019	31.717718	57.675019	31.717718	57.675019	31.717718	55.732718	32.194641	55.174595	34.115185	55.174595	34.115185	55.174595	34.115185
228	#66ccff	#000000	#00000000	#00000000		53.498549	54.701979	54.906663	28.830476	53.522485	27.386856	53.522485	27.386856	53.522485	27.386856	51.580184	27.863779	50.463938	31.704867	51.848116	33.148487	51.848116	33.148487	51.848116	33.148487	52.406239	31.227943	54.348540	30.751020	54.348540	30.751020	54.348540	30.751020
229	#A0A0A0	#000000	#00000000	#00000000		53.498549	54.701979	55.777238	7.214719	57.719539	6.737796	57.719539	6.737796	57.719539	6.737796	58.277662	4.817252	55.509307	1.930011	53.567005	2.406934	53.567005	2.406934	53.567005	2.406934	54.951183	3.850555	54.393060	5.771099	54.393060	5.771099	54.393060	5.771099
230	#66ccff	#000000	#00000000	#00000000		53.498549	54.701979	54.884403	41.320437	54.326280	43.240981	54.326280	43.240981	54.326280	43.240981	55.710458	44.684602	59.595060	43.730755	60.153183	41.810211	60.153183	41.810211	60.153183	41.810211	58.210882	42.287135	56.826704	40.843514	56.826704	40.843514	56.826704	40.843514
231	#006699	#000000	#00000000	#00000000		53.498549	54.701979	-1.152139	47.945957	0.232039	49.389578	0.232039	49.389578	0.232039	49.389578	-0.326084	51.310122	-4.210686	52.263968	-5.594864	50.820347	-5.594864	50.820347	-5.594864	50.820347	-3.652563	50.343424	-3.094440	48.422880	-3.094440	48.422880	-3.094440	48.422880
232	#ffffff	#000000	#00000000	#00000000		53.498549	54.701979	-2.000453	57.071753	-0.616276	58.515374	-0.616276	58.515374	-0.616276	58.515374	1.326026	58.038451	2.442272	54.197363	1.058094	52.753742	1.058094	52.753742	1.058094	52.753742	0.499971	54.674286	-1.442330	55.151209	-1.442330	55.151209	-1.442330	55.151209
233	#66ccff	#000000	#00000000	#00000000		53.498549	54.701979	-2.826508	53.707589	-1.442330	55.151209	-1.442330	55.151209	-1.442330	55.151209	0.499971	54.674286	1.616217	50.833199	0.232039	49.389578	0.232039	49.389578	0.232039	49.389578	-0.326084	51.310122	-2.268385	51.787045	-2.268385	51.787045	-2.268385	51.787045
234	#66ccff	#000000	#00000000	#00000000		53.498549	54.701979	5.768751	55.164061	4.384573	53.720440	4.384573	53.720440	4.384573	53.720440	2.442272	54.197363	1.326026	58.038451	2.710204	59.482072	2.710204	59.482072	2.710204	59.482072	3.268327	57.561528	5.210628	57.084604	5.210628	57.084604	5.210628	57.084604
235	#ffffff	#000000	#00000000	#00000000		53.498549	54.701979	10.479408	57.574379	11.037531	55.653835	11.037531	55.653835	11.037531	55.653835	9.653353	54.210214	5.768751	55.164061	5.210628	57.084604	5.210628	57.084604	5.210628	57.084604	7.152929	56.607681	8.537107	58.051302	8.537107	58.051302	8.537107	58.051302
236	#ffffff	#000000	#00000000	#00000000		53.498549	54.701979	19.632791	57.110307	21.016969	58.553927	21.016969	58.553927	21.016969	58.553927	22.959270	58.077004	24.075516	54.235917	22.691338	52.792296	22.691338	52.792296	22.691338	52.792296	22.133215	54.712840	20.190914	55.189763	20.190914	55.189763	20.190914	55.189763
237	#A0A0A0	#000000	#00000000	#00000000		53.498549	54.701979	32.112652	57.612932	32.670776	55.692388	32.670776	55.692388	32.670776	55.692388	31.286598	54.248768	27.401995	55.202614	26.843872	57.123158	26.843872	57.123158	26.843872	57.123158	28.786173	56.646235	30.170351	58.089855	30.170351	58.089855	30.170351	58.089855
238	#66ccff	#000000	#00000000	#00000000		53.498549	54.701979	27.401995	55.202614	26.017817	53.758993	26.017817	53.758993	26.017817	53.758993	24.075516	54.235917	22.959270	58.077004	24.343448	59.520625	24.343448	59.520625	24.343448	59.520625	24.901571	57.600081	26.843872	57.123158	26.843872	57.123158	26.843872	57.123158
239	#66ccff	#000000	#00000000	#00000000		53.498549	54.701979	39.881857	55.705239	38.497679	54.261619	38.497679	54.261619	38.497679	54.261619	36.555378	54.738542	35.439131	58.579630	36.823309	60.023250	36.823309	60.023250	36.823309	60.023250	37.381433	58.102707	39.323734	57.625783	39.323734	57.625783	39.323734	57.625783
240	#ffffff	#000000	#00000000	#00000000		53.498549	54.701979	44.592514	58.115558	45.150637	56.195014	45.150637	56.195014	45.150637	56.195014	43.766459	54.751393	39.881857	55.705239	39.323734	57.625783	39.323734	57.625783	39.323734	57.625783	41.266035	57.148860	42.650213	58.592481	42.650213	58.592481	42.650213	58.592481
241	#66ccff	#000000	#00000000	#00000000		53.498549	54.701979	49.035239	55.241167	47.651061	53.797547	47.651061	53.797547	47.651061	53.797547	45.708760	54.274470	44.592514	58.115558	45.976692	59.559178	45.976692	59.559178	45.976692	59.559178	46.534815	57.638634	48.477116	57.161711	48.477116	57.161711	48.477116	57.161711
242	#A0A0A0	#000000	#00000000	#00000000		53.498549	54.701979	53.745896	57.651486	54.304020	55.730942	54.304020	55.730942	54.304020	55.730942	52.919842	54.287321	49.035239	55.241167	48.477116	57.161711	48.477116	57.161711	48.477116	57.161711	50.419417	56.684788	51.803595	58.128409	51.803595	58.128409	51.803595	58.128409
243	#66ccff	#000000	#00000000	#00000000		53.498549	54.701979	14.922134	54.699989	13.537956	53.256368	13.537956	53.256368	13.537956	53.256368	11.595655	53.733291	10.479408	57.574379	11.863586	59.018000	11.863586	59.018000	11.863586	59.018000	12.421709	57.097456	14.364010	56.620532	14.364010	56.620532	14.364010	56.620532
244	#A0A0A0	#000000	#00000000	#00000000		53.498549	54.701979	-2.759758	16.237657	-1.375581	17.681280	-1.375581	17.681280	-1.375581	17.681280	0.566722	17.204361	1.682974	13.363275	0.298796	11.919651	0.298796	11.919651	0.298796	11.919651	-0.259329	13.840194	-2.201632	14.317114	-2.201632	14.317114	-2.201632	14.317114
245	#006699	#000000	#00000000	#00000000		53.498549	54.701979	-2.469553	9.032404	-0.527250	8.555485	-0.527250	8.555485	-0.527249	8.555484	0.856927	9.999108	-0.259327	13.840195	-2.201630	14.317115	-2.201630	14.317115	-2.201630	14.317115	-1.643504	12.396572	-3.027679	10.952947	-3.027679	10.952947	-3.027679	10.952947
246	#66ccff	#000000	#00000000	#00000000		53.498549	54.701979	0.030879	6.634940	-1.353298	5.191316	-1.353298	5.191316	-1.353298	5.191316	-3.295601	5.668236	-4.411853	9.509322	-3.027676	10.952946	-3.027676	10.952946	-3.027676	10.952946	-2.469550	9.032403	-0.527247	8.555483	-0.527247	8.555483	-0.527247	8.555483
247	#A0A0A0	#000000	#00000000	#00000000		53.498549	54.701979	-1.063094	-2.013926	-3.005397	-1.537005	-3.005397	-1.537005	-3.005397	-1.537005	-3.563522	0.383538	-0.795167	3.270782	1.147135	2.793861	1.147135	2.793861	1.147135	2.793861	-0.237042	1.350239	0.321084	-0.570304	0.321082	-0.570305	0.321082	-0.570305
248	#66ccff	#000000	#00000000	#00000000		53.498549	54.701979	57.429348	13.943048	59.371649	13.466125	59.371649	13.466125	59.371649	13.466125	59.929772	11.545581	57.161416	8.658340	55.219115	9.135263	55.219115	9.135263	55.219115	9.135263	56.603293	10.578884	56.045170	12.499428	56.045170	12.499428	56.045170	12.499428
249	#A0A0A0	#000000	#00000000	#00000000		53.498549	54.701979	52.182827	0.963313	53.567005	2.406934	53.567005	2.406934	53.567005	2.406934	55.509307	1.930011	56.625553	-1.911077	55.241375	-3.354698	55.241375	-3.354698	55.241375	-3.354698	54.683252	-1.434154	52.740951	-0.957231	52.740951	-0.957231	52.740951	-0.957231
250	#A0A0A0	#000000	#00000000	#00000000		53.498549	54.701979	-1.665780	24.886536	0.276522	24.409615	0.276522	24.409615	0.276522	24.409615	0.834648	22.489072	-1.933706	19.601825	-3.876008	20.078747	-3.876008	20.078747	-3.876008	20.078747	-2.491831	21.522370	-3.049957	23.442913	-3.049957	23.442913	-3.049957	23.442913
251	#A0A0A0	#000000	#00000000	#00000000		53.498549	54.701979	19.632791	57.110307	20.190914	55.189763	20.190914	55.189763	20.190914	55.189763	18.806736	53.746142	14.922134	54.699989	14.364010	56.620532	14.364010	56.620532	14.364010	56.620532	16.306312	56.143609	17.690490	57.587230	17.690490	57.587230	17.690490	57.587230
252	#66ccff	#000000	#00000000	#00000000		53.498549	54.701979	57.920690	49.492387	58.478814	47.571843	58.478814	47.571843	58.478814	47.571843	57.094636	46.128222	53.210033	47.082069	52.651910	49.002613	52.651910	49.002613	52.651910	49.002613	54.594211	48.525689	55.978389	49.969310	55.978389	49.969310	55.978389	49.969310
