seq_id	start_fill_color	start_stroke_color	done_fill_color	done_stroke_color	footnote	px_0	py_0	px_1	py_1	px_2	py_2	px_3	py_3	px_4	py_4	px_5	py_5	px_6	py_6	px_7	py_7	px_8	py_8	px_9	py_9	px_10	py_10	px_11	py_11	px_12	py_12
0	#66ccff	#000000	#00000000	#00000000	Starting tile pattern based on the hat tiling in a <a href="https://cs.uwaterloo.ca/~csk/hat/examples/animation.gif">looping animated GIF</a> by David Smith, Joseph Samuel Myers, Craig S. Kaplan, and Chaim Goodman-Strauss, used under <a href="http://creativecommons.org/licenses/by/4.0/">CC BY 4.0</a> / This is a recreation of the original rather than a screenshot, and the cropping, colors, and vertical orientation differ slightly from the original.	-0.062199	-0.076694	-0.047703	-0.091190	-0.072810	-0.116297	-0.107107	-0.107107	-0.112413	-0.126908	-0.152016	-0.137520	-0.166512	-0.123024	-0.141405	-0.097917	-0.150595	-0.063620	-0.130794	-0.058314	-0.125488	-0.038513	-0.091191	-0.047703	-0.082001	-0.082000
1	#A0A0A0	#000000	#00000000	#00000000		-0.043819	-0.145287	-0.063620	-0.150593	-0.072810	-0.116296	-0.047703	-0.091189	-0.062199	-0.076694	-0.051587	-0.037091	-0.031786	-0.031785	-0.022596	-0.066082	0.011701	-0.075272	0.006395	-0.095073	0.020891	-0.109569	-0.004216	-0.134676	-0.038513	-0.125486
2	#ffffff	#000000	#00000000	#00000000		-0.112412	-0.126910	-0.107107	-0.107108	-0.072810	-0.116297	-0.063620	-0.150594	-0.043819	-0.145287	-0.014827	-0.174278	-0.020132	-0.194080	-0.054429	-0.184891	-0.079536	-0.209999	-0.094032	-0.195504	-0.113833	-0.200810	-0.123023	-0.166513	-0.097916	-0.141405
3	#ffffff	#000000	#00000000	#00000000		-0.202229	-0.187736	-0.216725	-0.173240	-0.191618	-0.148132	-0.157321	-0.157322	-0.152015	-0.137520	-0.112413	-0.126908	-0.097917	-0.141404	-0.123024	-0.166512	-0.113834	-0.200809	-0.133635	-0.206115	-0.138941	-0.225917	-0.173238	-0.216727	-0.182428	-0.182430
4	#66ccff	#000000	#00000000	#00000000		-0.249601	-0.090148	-0.244295	-0.070347	-0.209998	-0.079537	-0.200808	-0.113834	-0.181007	-0.108528	-0.152016	-0.137519	-0.157321	-0.157321	-0.191618	-0.148131	-0.216725	-0.173238	-0.231221	-0.158742	-0.251022	-0.164048	-0.260212	-0.129751	-0.235105	-0.104644
5	#006699	#000000	#00000000	#00000000		-0.130793	-0.058312	-0.125488	-0.038510	-0.159785	-0.029321	-0.184892	-0.054429	-0.199388	-0.039934	-0.238991	-0.050546	-0.244296	-0.070348	-0.209999	-0.079537	-0.200809	-0.113834	-0.181007	-0.108528	-0.166511	-0.123023	-0.141404	-0.097915	-0.150594	-0.063618
6	#A0A0A0	#000000	#00000000	#00000000		0.053765	-0.192660	0.048459	-0.212461	0.014162	-0.203271	0.004973	-0.168974	-0.014829	-0.174279	-0.043820	-0.145287	-0.038513	-0.125486	-0.004216	-0.134676	0.020892	-0.109569	0.035387	-0.124065	0.055189	-0.118760	0.064378	-0.153057	0.039270	-0.178164
7	#66ccff	#000000	#00000000	#00000000		-0.014830	-0.174280	0.004972	-0.168975	0.014162	-0.203271	-0.010946	-0.228378	0.003549	-0.242874	-0.007064	-0.282477	-0.026866	-0.287782	-0.036055	-0.253485	-0.070352	-0.244294	-0.065046	-0.224493	-0.079541	-0.209997	-0.054433	-0.184890	-0.020136	-0.194081
8	#006699	#000000	#00000000	#00000000		-0.046669	-0.293086	-0.026867	-0.287781	-0.036056	-0.253484	-0.070353	-0.244294	-0.065046	-0.224493	-0.094037	-0.195501	-0.113839	-0.200806	-0.104650	-0.235103	-0.129758	-0.260210	-0.115263	-0.274706	-0.120569	-0.294507	-0.086272	-0.303697	-0.061164	-0.278590
9	#66ccff	#000000	#00000000	#00000000		-0.133635	-0.206116	-0.113833	-0.200810	-0.104643	-0.235107	-0.129750	-0.260214	-0.115254	-0.274710	-0.125866	-0.314313	-0.145668	-0.319619	-0.154858	-0.285322	-0.189155	-0.276132	-0.183849	-0.256331	-0.198345	-0.241835	-0.173238	-0.216728	-0.138941	-0.225917
10	#66ccff	#000000	#00000000	#00000000		-0.202229	-0.187738	-0.182428	-0.182432	-0.173238	-0.216729	-0.198345	-0.241835	-0.183849	-0.256331	-0.194461	-0.295934	-0.214262	-0.301240	-0.223452	-0.266943	-0.257749	-0.257753	-0.252443	-0.237952	-0.266939	-0.223456	-0.241832	-0.198349	-0.207535	-0.207539
11	#A0A0A0	#000000	#00000000	#00000000		-0.299813	-0.140365	-0.294507	-0.120564	-0.260210	-0.129754	-0.251021	-0.164051	-0.231219	-0.158746	-0.202228	-0.187738	-0.207535	-0.207539	-0.241832	-0.198349	-0.266940	-0.223456	-0.281435	-0.208960	-0.301237	-0.214265	-0.310426	-0.179968	-0.285318	-0.154861
12	#ffffff	#000000	#00000000	#00000000		-0.299813	-0.140365	-0.319615	-0.145671	-0.328805	-0.111374	-0.303698	-0.086267	-0.318194	-0.071771	-0.307582	-0.032168	-0.287780	-0.026862	-0.278590	-0.061159	-0.244293	-0.070349	-0.249599	-0.090150	-0.235103	-0.104646	-0.260210	-0.129753	-0.294507	-0.120564
13	#ffffff	#000000	#00000000	#00000000		-0.307581	-0.032168	-0.322077	-0.017672	-0.296970	0.007435	-0.262673	-0.001755	-0.257367	0.018046	-0.217764	0.028658	-0.203268	0.014162	-0.228375	-0.010945	-0.219185	-0.045242	-0.238986	-0.050548	-0.244292	-0.070349	-0.278589	-0.061159	-0.287779	-0.026862
14	#66ccff	#000000	#00000000	#00000000		-0.217764	0.028658	-0.212458	0.048459	-0.178161	0.039269	-0.168971	0.004972	-0.149170	0.010278	-0.120179	-0.018713	-0.125485	-0.038514	-0.159782	-0.029324	-0.184889	-0.054431	-0.199385	-0.039935	-0.219186	-0.045241	-0.228376	-0.010944	-0.203269	0.014163
15	#A0A0A0	#000000	#00000000	#00000000		-0.167550	0.078872	-0.162244	0.098674	-0.127947	0.089484	-0.118757	0.055187	-0.098956	0.060493	-0.069965	0.031502	-0.075271	0.011700	-0.109568	0.020890	-0.134675	-0.004217	-0.149171	0.010279	-0.168972	0.004973	-0.178161	0.039269	-0.153054	0.064376
16	#A0A0A0	#000000	#00000000	#00000000		-0.069965	0.031501	-0.050163	0.036807	-0.040973	0.002510	-0.066080	-0.022597	-0.051584	-0.037093	-0.062196	-0.076696	-0.081998	-0.082002	-0.091188	-0.047705	-0.125485	-0.038515	-0.120179	-0.018714	-0.134675	-0.004218	-0.109568	0.020889	-0.075271	0.011700
17	#66ccff	#000000	#00000000	#00000000		-0.051583	-0.037093	-0.066080	-0.022597	-0.040973	0.002510	-0.006676	-0.006680	-0.001370	0.013121	0.038233	0.023733	0.052729	0.009237	0.027622	-0.015870	0.036812	-0.050167	0.017011	-0.055473	0.011705	-0.075274	-0.022592	-0.066084	-0.031782	-0.031787
18	#ffffff	#000000	#00000000	#00000000		-0.069965	0.031501	-0.084461	0.045997	-0.059354	0.071104	-0.025057	0.061914	-0.019751	0.081715	0.019852	0.092326	0.034348	0.077830	0.009241	0.052723	0.018431	0.018426	-0.001371	0.013120	-0.006677	-0.006681	-0.040973	0.002510	-0.050163	0.036807
19	#ffffff	#000000	#00000000	#00000000		0.019852	0.092326	0.025158	0.112127	0.059455	0.102937	0.068645	0.068640	0.088446	0.073946	0.117437	0.044955	0.112131	0.025154	0.077834	0.034344	0.052727	0.009237	0.038231	0.023733	0.018430	0.018427	0.009240	0.052724	0.034347	0.077831
20	#66ccff	#000000	#00000000	#00000000		0.088447	0.073945	0.068645	0.068640	0.059455	0.102937	0.084562	0.128045	0.070066	0.142540	0.080677	0.182143	0.100478	0.187449	0.109668	0.153152	0.143965	0.143963	0.138660	0.124161	0.153156	0.109666	0.128049	0.084558	0.093752	0.093747
21	#66ccff	#000000	#00000000	#00000000		0.117437	0.044955	0.137239	0.050261	0.146429	0.015964	0.121322	-0.009143	0.135818	-0.023639	0.125206	-0.063242	0.105404	-0.068548	0.096214	-0.034251	0.061917	-0.025061	0.067223	-0.005260	0.052727	0.009236	0.077834	0.034343	0.112131	0.025154
22	#A0A0A0	#000000	#00000000	#00000000		0.186033	0.026574	0.180727	0.006773	0.146430	0.015963	0.137240	0.050260	0.117438	0.044955	0.088447	0.073946	0.093753	0.093747	0.128050	0.084557	0.153157	0.109664	0.167653	0.095168	0.187454	0.100474	0.196644	0.066177	0.171537	0.041070
23	#66ccff	#000000	#00000000	#00000000		0.070065	0.142539	0.084562	0.128045	0.059456	0.102937	0.025159	0.112126	0.019854	0.092324	-0.019749	0.081711	-0.034245	0.096206	-0.009139	0.121314	-0.018330	0.155611	0.001471	0.160917	0.006776	0.180719	0.041073	0.171530	0.050264	0.137233
24	#006699	#000000	#00000000	#00000000		0.001471	0.160917	0.006776	0.180719	-0.027521	0.189908	-0.052627	0.164800	-0.067123	0.179295	-0.106726	0.168682	-0.112031	0.148880	-0.077734	0.139691	-0.068543	0.105394	-0.048742	0.110700	-0.034246	0.096205	-0.009140	0.121313	-0.018330	0.155611
25	#66ccff	#000000	#00000000	#00000000		-0.117335	0.129088	-0.112029	0.148889	-0.077732	0.139699	-0.068543	0.105402	-0.048741	0.110707	-0.019750	0.081715	-0.025057	0.061914	-0.059354	0.071104	-0.084462	0.045997	-0.098957	0.060493	-0.118759	0.055188	-0.127948	0.089485	-0.102840	0.114592
26	#A0A0A0	#000000	#00000000	#00000000		-0.167551	0.078874	-0.187353	0.073569	-0.196542	0.107866	-0.171434	0.132973	-0.185929	0.147469	-0.175317	0.187072	-0.155515	0.192377	-0.146326	0.158080	-0.112029	0.148890	-0.117335	0.129088	-0.102840	0.114592	-0.127948	0.089485	-0.162245	0.098675
27	#A0A0A0	#000000	#00000000	#00000000		-0.167551	0.078874	-0.153056	0.064378	-0.178164	0.039272	-0.212461	0.048463	-0.217768	0.028662	-0.257371	0.018052	-0.271866	0.032548	-0.246758	0.057654	-0.255946	0.091952	-0.236144	0.097257	-0.230837	0.117058	-0.196540	0.107867	-0.187352	0.073569
28	#66ccff	#000000	#00000000	#00000000		-0.236145	0.097256	-0.255947	0.091951	-0.265136	0.126248	-0.240028	0.151355	-0.254523	0.165851	-0.243911	0.205454	-0.224109	0.210759	-0.214920	0.176462	-0.180623	0.167271	-0.185929	0.147470	-0.171434	0.132974	-0.196542	0.107866	-0.230839	0.117057
29	#006699	#000000	#00000000	#00000000		-0.323117	0.184232	-0.342919	0.178927	-0.333730	0.144630	-0.299433	0.135439	-0.304739	0.115638	-0.275748	0.086646	-0.255946	0.091951	-0.265135	0.126248	-0.240028	0.151355	-0.254523	0.165851	-0.249217	0.185652	-0.283514	0.194843	-0.308622	0.169736
30	#A0A0A0	#000000	#00000000	#00000000		-0.257372	0.018051	-0.262679	-0.001750	-0.296976	0.007442	-0.306164	0.041740	-0.325966	0.036435	-0.354956	0.065428	-0.349649	0.085229	-0.315352	0.076037	-0.290243	0.101143	-0.275748	0.086646	-0.255946	0.091951	-0.246758	0.057654	-0.271867	0.032548
31	#66ccff	#000000	#00000000	#00000000		-0.325966	0.036435	-0.306164	0.041740	-0.296976	0.007442	-0.322085	-0.017664	-0.307590	-0.032161	-0.318204	-0.071763	-0.338006	-0.077068	-0.347194	-0.042770	-0.381491	-0.033578	-0.376184	-0.013777	-0.390679	0.000720	-0.365570	0.025826	-0.331273	0.016634
32	#66ccff	#000000	#00000000	#00000000		-0.354956	0.065428	-0.374758	0.060123	-0.383946	0.094421	-0.358837	0.119527	-0.373332	0.134024	-0.362718	0.173626	-0.342916	0.178931	-0.333728	0.144633	-0.299431	0.135441	-0.304738	0.115640	-0.290243	0.101143	-0.315352	0.076037	-0.349649	0.085229
33	#A0A0A0	#000000	#00000000	#00000000		-0.423550	0.083811	-0.418243	0.103612	-0.383946	0.094420	-0.374758	0.060122	-0.354956	0.065427	-0.325966	0.036435	-0.331273	0.016634	-0.365570	0.025826	-0.390679	0.000720	-0.405174	0.015216	-0.424976	0.009911	-0.434164	0.044209	-0.409055	0.069315
34	#ffffff	#000000	#00000000	#00000000		-0.423550	0.083812	-0.443352	0.078507	-0.452540	0.112805	-0.427431	0.137911	-0.441926	0.152408	-0.431312	0.192010	-0.411510	0.197315	-0.402322	0.163017	-0.368025	0.153825	-0.373332	0.134024	-0.358837	0.119527	-0.383946	0.094421	-0.418243	0.103613
35	#66ccff	#000000	#00000000	#00000000		-0.531748	0.091588	-0.546243	0.106085	-0.521134	0.131191	-0.486837	0.121999	-0.481530	0.141800	-0.441926	0.152409	-0.427431	0.137911	-0.452540	0.112805	-0.443352	0.078507	-0.463154	0.073203	-0.468461	0.053402	-0.502758	0.062594	-0.511946	0.096892
36	#66ccff	#000000	#00000000	#00000000		-0.449688	0.260606	-0.429886	0.265911	-0.420698	0.231613	-0.445807	0.206507	-0.431312	0.192010	-0.441926	0.152408	-0.461728	0.147103	-0.470916	0.181401	-0.505213	0.190593	-0.499906	0.210394	-0.514401	0.224891	-0.489292	0.249997	-0.454995	0.240805
37	#A0A0A0	#000000	#00000000	#00000000		-0.513372	0.022990	-0.527867	0.037487	-0.502758	0.062593	-0.468461	0.053402	-0.463154	0.073203	-0.423550	0.083812	-0.409055	0.069315	-0.434164	0.044209	-0.424976	0.009911	-0.444778	0.004606	-0.450085	-0.015195	-0.484382	-0.006003	-0.493570	0.028295
38	#66ccff	#000000	#00000000	#00000000		-0.494996	-0.045607	-0.509491	-0.031110	-0.484382	-0.006004	-0.450085	-0.015195	-0.444778	0.004606	-0.405174	0.015215	-0.390679	0.000718	-0.415788	-0.024388	-0.406600	-0.058686	-0.426402	-0.063991	-0.431709	-0.083792	-0.466006	-0.074600	-0.475194	-0.040302
39	#006699	#000000	#00000000	#00000000		-0.376184	-0.013779	-0.390679	0.000718	-0.415788	-0.024388	-0.406600	-0.058686	-0.426402	-0.063991	-0.437016	-0.103593	-0.422521	-0.118090	-0.397412	-0.092984	-0.363115	-0.102176	-0.357808	-0.082375	-0.338006	-0.077070	-0.347194	-0.042772	-0.381491	-0.033580
40	#A0A0A0	#000000	#00000000	#00000000		-0.487234	-0.153805	-0.507036	-0.159110	-0.516224	-0.124812	-0.491115	-0.099706	-0.505610	-0.085209	-0.494996	-0.045607	-0.475194	-0.040302	-0.466006	-0.074600	-0.431709	-0.083792	-0.437016	-0.103593	-0.422521	-0.118090	-0.447630	-0.143196	-0.481927	-0.134004
41	#A0A0A0	#000000	#00000000	#00000000		-0.389650	-0.201183	-0.394957	-0.220984	-0.429254	-0.211792	-0.438442	-0.177494	-0.458244	-0.182799	-0.487234	-0.153806	-0.481927	-0.134005	-0.447630	-0.143197	-0.422521	-0.118090	-0.408026	-0.132587	-0.388224	-0.127282	-0.379036	-0.161580	-0.404145	-0.186686
42	#66ccff	#000000	#00000000	#00000000		-0.408026	-0.132587	-0.422521	-0.118090	-0.397412	-0.092984	-0.363115	-0.102176	-0.357808	-0.082375	-0.318204	-0.071766	-0.303709	-0.086263	-0.328818	-0.111369	-0.319630	-0.145667	-0.339432	-0.150972	-0.344739	-0.170773	-0.379036	-0.161581	-0.388224	-0.127282
43	#A0A0A0	#000000	#00000000	#00000000		-0.389650	-0.201185	-0.404145	-0.186688	-0.379036	-0.161582	-0.344739	-0.170773	-0.339432	-0.150972	-0.299828	-0.140363	-0.285333	-0.154860	-0.310442	-0.179966	-0.301254	-0.214264	-0.321056	-0.219569	-0.326363	-0.239370	-0.360660	-0.230178	-0.369848	-0.195880
44	#A0A0A0	#000000	#00000000	#00000000		-0.389650	-0.201185	-0.369848	-0.195880	-0.360660	-0.230178	-0.385769	-0.255284	-0.371274	-0.269781	-0.381888	-0.309383	-0.401690	-0.314688	-0.410878	-0.280390	-0.445175	-0.271198	-0.439868	-0.251397	-0.454363	-0.236900	-0.429254	-0.211794	-0.394957	-0.220986
45	#66ccff	#000000	#00000000	#00000000		-0.371274	-0.269780	-0.385769	-0.255284	-0.360660	-0.230178	-0.326363	-0.239370	-0.321056	-0.219569	-0.281452	-0.208960	-0.266957	-0.223457	-0.292066	-0.248563	-0.282878	-0.282861	-0.302680	-0.288165	-0.307987	-0.307966	-0.342284	-0.298774	-0.351472	-0.264476
46	#66ccff	#000000	#00000000	#00000000		-0.458244	-0.182801	-0.438442	-0.177496	-0.429254	-0.211794	-0.454363	-0.236900	-0.439868	-0.251397	-0.450482	-0.290999	-0.470284	-0.296304	-0.479472	-0.262006	-0.513769	-0.252814	-0.508462	-0.233013	-0.522957	-0.218516	-0.497848	-0.193410	-0.463551	-0.202602
47	#A0A0A0	#000000	#00000000	#00000000		-0.381888	-0.309383	-0.367393	-0.323880	-0.392502	-0.348986	-0.426799	-0.339794	-0.432106	-0.359595	-0.471710	-0.370204	-0.486205	-0.355707	-0.461096	-0.330601	-0.470284	-0.296303	-0.450482	-0.290998	-0.445175	-0.271197	-0.410878	-0.280390	-0.401690	-0.314688
48	#A0A0A0	#000000	#00000000	#00000000		-0.521928	-0.420415	-0.536423	-0.405918	-0.511314	-0.380812	-0.477017	-0.390004	-0.471710	-0.370203	-0.432106	-0.359595	-0.417611	-0.374092	-0.442720	-0.399198	-0.433532	-0.433496	-0.453334	-0.438800	-0.458641	-0.458601	-0.492938	-0.449409	-0.502126	-0.415111
49	#66ccff	#000000	#00000000	#00000000		-0.432106	-0.359595	-0.426799	-0.339794	-0.392502	-0.348986	-0.383314	-0.383284	-0.363512	-0.377980	-0.334523	-0.406973	-0.339830	-0.426774	-0.374127	-0.417582	-0.399236	-0.442688	-0.413731	-0.428191	-0.433533	-0.433495	-0.442721	-0.399197	-0.417612	-0.374091
50	#ffffff	#000000	#00000000	#00000000		-0.363513	-0.377980	-0.383314	-0.383284	-0.392501	-0.348986	-0.367391	-0.323881	-0.381885	-0.309384	-0.371270	-0.269782	-0.351468	-0.264478	-0.342281	-0.298776	-0.307985	-0.307969	-0.313293	-0.327770	-0.298799	-0.342267	-0.323909	-0.367372	-0.358205	-0.358179
51	#ffffff	#000000	#00000000	#00000000		-0.265933	-0.425361	-0.271241	-0.445162	-0.305537	-0.435968	-0.314723	-0.401670	-0.334525	-0.406974	-0.363513	-0.377979	-0.358205	-0.358179	-0.323909	-0.367373	-0.298799	-0.342268	-0.284305	-0.356765	-0.264503	-0.351461	-0.255317	-0.385759	-0.280427	-0.410864
52	#006699	#000000	#00000000	#00000000		-0.252457	-0.237958	-0.266951	-0.223461	-0.292061	-0.248566	-0.282875	-0.282864	-0.302677	-0.288168	-0.313293	-0.327770	-0.298799	-0.342267	-0.273689	-0.317162	-0.239393	-0.326355	-0.234085	-0.306554	-0.214283	-0.301250	-0.223469	-0.266952	-0.257765	-0.257759
53	#66ccff	#000000	#00000000	#00000000		-0.284305	-0.356766	-0.298799	-0.342268	-0.273689	-0.317163	-0.239393	-0.326356	-0.234085	-0.306555	-0.194481	-0.295948	-0.179987	-0.310445	-0.205097	-0.335550	-0.195911	-0.369848	-0.215713	-0.375152	-0.221021	-0.394953	-0.255317	-0.385760	-0.264503	-0.351462
54	#66ccff	#000000	#00000000	#00000000		-0.265933	-0.425362	-0.280427	-0.410865	-0.255317	-0.385760	-0.221021	-0.394953	-0.215713	-0.375152	-0.176109	-0.364544	-0.161615	-0.379041	-0.186725	-0.404146	-0.177538	-0.438444	-0.197340	-0.443748	-0.202648	-0.463549	-0.236944	-0.454356	-0.246131	-0.420058
55	#006699	#000000	#00000000	#00000000		-0.147121	-0.393538	-0.161615	-0.379041	-0.186725	-0.404146	-0.177539	-0.438444	-0.197341	-0.443748	-0.207957	-0.483350	-0.193463	-0.497847	-0.168353	-0.472742	-0.134057	-0.481935	-0.128749	-0.462134	-0.108947	-0.456830	-0.118133	-0.422532	-0.152429	-0.413339
56	#ffffff	#000000	#00000000	#00000000		-0.194481	-0.295948	-0.189173	-0.276147	-0.154877	-0.285340	-0.145691	-0.319638	-0.125889	-0.314334	-0.096901	-0.343328	-0.102209	-0.363129	-0.136505	-0.353936	-0.161615	-0.379041	-0.176109	-0.364544	-0.195911	-0.369848	-0.205097	-0.335550	-0.179987	-0.310445
57	#66ccff	#000000	#00000000	#00000000		-0.096901	-0.343328	-0.077099	-0.338024	-0.067913	-0.372322	-0.093023	-0.397427	-0.078529	-0.411924	-0.089145	-0.451526	-0.108947	-0.456830	-0.118133	-0.422532	-0.152429	-0.413339	-0.147121	-0.393538	-0.161615	-0.379041	-0.136505	-0.353936	-0.102209	-0.363129
58	#66ccff	#000000	#00000000	#00000000		-0.028309	-0.361714	-0.033617	-0.381515	-0.067913	-0.372322	-0.077099	-0.338024	-0.096901	-0.343328	-0.125889	-0.314334	-0.120581	-0.294533	-0.086285	-0.303726	-0.061175	-0.278621	-0.046681	-0.293118	-0.026879	-0.287814	-0.017693	-0.322112	-0.042803	-0.347217
59	#ffffff	#000000	#00000000	#00000000		-0.078529	-0.411925	-0.093023	-0.397427	-0.067913	-0.372322	-0.033617	-0.381515	-0.028309	-0.361714	0.011295	-0.351107	0.025789	-0.365604	0.000679	-0.390709	0.009865	-0.425007	-0.009937	-0.430311	-0.015245	-0.450112	-0.049541	-0.440919	-0.058727	-0.406621
60	#66ccff	#000000	#00000000	#00000000		0.011295	-0.351108	0.016603	-0.331307	0.050899	-0.340501	0.060085	-0.374799	0.079887	-0.369495	0.108875	-0.398490	0.103567	-0.418291	0.069271	-0.409097	0.044161	-0.434201	0.029667	-0.419704	0.009865	-0.425008	0.000679	-0.390709	0.025789	-0.365605
61	#ffffff	#000000	#00000000	#00000000		-0.070772	-0.520123	-0.090574	-0.525427	-0.099761	-0.491129	-0.074651	-0.466024	-0.089145	-0.451527	-0.078530	-0.411925	-0.058727	-0.406621	-0.049540	-0.440919	-0.015244	-0.450112	-0.020552	-0.469913	-0.006058	-0.484410	-0.031168	-0.509515	-0.065464	-0.500322
62	#006699	#000000	#00000000	#00000000		0.098259	-0.438093	0.103567	-0.418292	0.069271	-0.409098	0.044161	-0.434201	0.029667	-0.419704	-0.009937	-0.430311	-0.015245	-0.450112	0.019051	-0.459306	0.028237	-0.493604	0.048039	-0.488301	0.062533	-0.502798	0.087643	-0.477694	0.078457	-0.443396
63	#A0A0A0	#000000	#00000000	#00000000		0.061515	-0.300898	0.076009	-0.315395	0.050899	-0.340500	0.016603	-0.331306	0.011295	-0.351108	-0.028309	-0.361715	-0.042803	-0.347218	-0.017693	-0.322113	-0.026879	-0.287815	-0.007077	-0.282511	-0.001769	-0.262710	0.032527	-0.271904	0.041713	-0.306202
64	#A0A0A0	#000000	#00000000	#00000000		0.053758	-0.192700	0.073560	-0.187396	0.082747	-0.221694	0.057637	-0.246799	0.072131	-0.261296	0.061516	-0.300898	0.041713	-0.306202	0.032526	-0.271904	-0.001770	-0.262711	0.003538	-0.242910	-0.010956	-0.228413	0.014154	-0.203308	0.048450	-0.212501
65	#A0A0A0	#000000	#00000000	#00000000		0.053758	-0.192700	0.039264	-0.178203	0.064374	-0.153098	0.098670	-0.162291	0.103978	-0.142490	0.143582	-0.131882	0.158076	-0.146379	0.132966	-0.171484	0.142153	-0.205782	0.122351	-0.211086	0.117043	-0.230887	0.082747	-0.221694	0.073560	-0.187396
66	#66ccff	#000000	#00000000	#00000000		0.035385	-0.124104	0.020891	-0.109607	0.046001	-0.084502	0.080297	-0.093695	0.085605	-0.073894	0.125209	-0.063286	0.139703	-0.077783	0.114593	-0.102888	0.123780	-0.137186	0.103978	-0.142490	0.098670	-0.162291	0.064374	-0.153098	0.055187	-0.118800
67	#006699	#000000	#00000000	#00000000		0.067232	-0.005298	0.052738	0.009199	0.027628	-0.015906	0.036815	-0.050204	0.017013	-0.055508	0.006398	-0.095110	0.020892	-0.109607	0.046002	-0.084502	0.080297	-0.093695	0.085605	-0.073894	0.105407	-0.068590	0.096220	-0.034292	0.061924	-0.025099
68	#ffffff	#000000	#00000000	#00000000		0.135819	-0.023639	0.121322	-0.009143	0.146429	0.015964	0.180726	0.006774	0.186032	0.026575	0.225635	0.037187	0.240131	0.022691	0.215024	-0.002416	0.224214	-0.036713	0.204413	-0.042019	0.199107	-0.061820	0.164810	-0.052630	0.155620	-0.018333
69	#ffffff	#000000	#00000000	#00000000		0.143589	-0.131837	0.123788	-0.137143	0.114598	-0.102846	0.139705	-0.077738	0.125209	-0.063243	0.135820	-0.023640	0.155620	-0.018333	0.164810	-0.052630	0.199107	-0.061819	0.193802	-0.081621	0.208298	-0.096116	0.183191	-0.121224	0.148894	-0.112035
70	#A0A0A0	#000000	#00000000	#00000000		0.143589	-0.131838	0.148894	-0.112036	0.183191	-0.121224	0.192382	-0.155521	0.212183	-0.150215	0.241175	-0.179206	0.235870	-0.199008	0.201573	-0.189819	0.176466	-0.214927	0.161970	-0.200432	0.142169	-0.205738	0.132978	-0.171441	0.158085	-0.146333
71	#006699	#000000	#00000000	#00000000		0.209343	-0.298016	0.229144	-0.292710	0.219954	-0.258413	0.185657	-0.249224	0.190962	-0.229422	0.161970	-0.200431	0.142169	-0.205738	0.151359	-0.240035	0.126252	-0.265143	0.140748	-0.279638	0.135443	-0.299440	0.169740	-0.308629	0.194847	-0.283521
72	#66ccff	#000000	#00000000	#00000000		0.122369	-0.211043	0.142170	-0.205737	0.151359	-0.240035	0.126252	-0.265142	0.140748	-0.279638	0.130137	-0.319241	0.110336	-0.324547	0.101146	-0.290250	0.066849	-0.281060	0.072155	-0.261258	0.057659	-0.246762	0.082766	-0.221655	0.117063	-0.230845
73	#ffffff	#000000	#00000000	#00000000		0.061542	-0.300860	0.066848	-0.281059	0.101146	-0.290250	0.110336	-0.324547	0.130138	-0.319241	0.159129	-0.348232	0.153823	-0.368033	0.119526	-0.358843	0.094419	-0.383950	0.079923	-0.369454	0.060121	-0.374760	0.050931	-0.340463	0.076038	-0.315356
74	#ffffff	#000000	#00000000	#00000000		0.159129	-0.348232	0.178931	-0.342926	0.188121	-0.377223	0.163014	-0.402330	0.177510	-0.416826	0.166898	-0.456429	0.147096	-0.461735	0.137906	-0.427438	0.103609	-0.418248	0.108915	-0.398447	0.094419	-0.383951	0.119526	-0.358844	0.153823	-0.368033
75	#66ccff	#000000	#00000000	#00000000		0.166898	-0.456429	0.181394	-0.470925	0.156287	-0.496032	0.121990	-0.486842	0.116684	-0.506643	0.077081	-0.517254	0.062585	-0.502758	0.087692	-0.477651	0.078502	-0.443354	0.098304	-0.438048	0.103610	-0.418247	0.137906	-0.427438	0.147096	-0.461735
76	#A0A0A0	#000000	#00000000	#00000000		0.185278	-0.525022	0.165476	-0.530328	0.156286	-0.496031	0.181394	-0.470924	0.166898	-0.456428	0.177510	-0.416826	0.197312	-0.411520	0.206502	-0.445817	0.240799	-0.455007	0.235493	-0.474808	0.249989	-0.489304	0.224881	-0.514411	0.190584	-0.505221
77	#66ccff	#000000	#00000000	#00000000		0.177511	-0.416826	0.163015	-0.402330	0.188122	-0.377223	0.222419	-0.386413	0.227725	-0.366612	0.267328	-0.356000	0.281824	-0.370496	0.256717	-0.395603	0.265907	-0.429900	0.246106	-0.435206	0.240800	-0.455007	0.206503	-0.445817	0.197313	-0.411520
78	#006699	#000000	#00000000	#00000000		0.246106	-0.435206	0.240800	-0.455008	0.275097	-0.464198	0.300204	-0.439091	0.314700	-0.453587	0.354303	-0.442975	0.359609	-0.423173	0.325312	-0.413983	0.316122	-0.379686	0.296321	-0.384992	0.281825	-0.370496	0.256718	-0.395603	0.265907	-0.429900
79	#66ccff	#000000	#00000000	#00000000		0.227724	-0.366613	0.222418	-0.386414	0.188121	-0.377224	0.178931	-0.342927	0.159130	-0.348233	0.130138	-0.319241	0.135444	-0.299440	0.169741	-0.308630	0.194848	-0.283523	0.209344	-0.298019	0.229145	-0.292713	0.238335	-0.327010	0.213228	-0.352117
80	#ffffff	#000000	#00000000	#00000000		0.317540	-0.305787	0.332036	-0.320283	0.306929	-0.345390	0.272632	-0.336200	0.267326	-0.356001	0.227723	-0.366613	0.213228	-0.352117	0.238335	-0.327010	0.229145	-0.292713	0.248946	-0.287407	0.254252	-0.267606	0.288549	-0.276796	0.297739	-0.311093
81	#66ccff	#000000	#00000000	#00000000		0.364910	-0.403374	0.359604	-0.423175	0.325307	-0.413985	0.316118	-0.379688	0.296316	-0.384993	0.267325	-0.356001	0.272632	-0.336200	0.306929	-0.345390	0.332037	-0.320283	0.346532	-0.334779	0.366334	-0.329474	0.375523	-0.363771	0.350415	-0.388878
82	#ffffff	#000000	#00000000	#00000000		0.415126	-0.353161	0.434928	-0.347856	0.444117	-0.382153	0.419009	-0.407260	0.433504	-0.421756	0.422892	-0.461359	0.403090	-0.466664	0.393901	-0.432367	0.359604	-0.423176	0.364910	-0.403375	0.350415	-0.388879	0.375523	-0.363771	0.409820	-0.372962
83	#66ccff	#000000	#00000000	#00000000		0.415126	-0.353161	0.409820	-0.372962	0.375523	-0.363771	0.366334	-0.329474	0.346532	-0.334779	0.317542	-0.305787	0.322848	-0.285986	0.357145	-0.295177	0.382253	-0.270071	0.396748	-0.284567	0.416550	-0.279262	0.425739	-0.313559	0.400631	-0.338665
84	#006699	#000000	#00000000	#00000000		0.396748	-0.284567	0.416550	-0.279262	0.407361	-0.244964	0.373064	-0.235773	0.378371	-0.215972	0.349381	-0.186979	0.329579	-0.192284	0.338768	-0.226582	0.313660	-0.251688	0.328155	-0.266184	0.322848	-0.285985	0.357145	-0.295176	0.382253	-0.270071
85	#66ccff	#000000	#00000000	#00000000		0.309772	-0.197591	0.329574	-0.192285	0.338764	-0.226582	0.313657	-0.251689	0.328153	-0.266185	0.317541	-0.305788	0.297739	-0.311094	0.288549	-0.276797	0.254252	-0.267606	0.259558	-0.247805	0.245062	-0.233309	0.270169	-0.208202	0.304466	-0.217392
86	#66ccff	#000000	#00000000	#00000000		0.241178	-0.179212	0.260979	-0.173906	0.270169	-0.208203	0.245062	-0.233309	0.259558	-0.247805	0.248946	-0.287408	0.229145	-0.292714	0.219955	-0.258417	0.185658	-0.249227	0.190964	-0.229426	0.176468	-0.214930	0.201575	-0.189823	0.235872	-0.199013
87	#ffffff	#000000	#00000000	#00000000		0.241177	-0.179211	0.226681	-0.164715	0.251788	-0.139608	0.286085	-0.148798	0.291391	-0.128997	0.330994	-0.118386	0.345490	-0.132882	0.320383	-0.157989	0.329573	-0.192286	0.309771	-0.197592	0.304465	-0.217393	0.270169	-0.208202	0.260979	-0.173905
88	#66ccff	#000000	#00000000	#00000000		0.193807	-0.081624	0.199113	-0.061823	0.233410	-0.071013	0.242599	-0.105310	0.262401	-0.100005	0.291392	-0.128997	0.286085	-0.148798	0.251788	-0.139608	0.226680	-0.164715	0.212185	-0.150219	0.192383	-0.155524	0.183194	-0.121227	0.208302	-0.096120
89	#006699	#000000	#00000000	#00000000		0.312617	-0.049792	0.317923	-0.029991	0.283626	-0.020800	0.258518	-0.045907	0.244023	-0.031411	0.204420	-0.042022	0.199114	-0.061823	0.233411	-0.071014	0.242599	-0.105310	0.262401	-0.100005	0.276896	-0.114501	0.302004	-0.089394	0.292815	-0.055097
90	#66ccff	#000000	#00000000	#00000000		0.225635	0.037187	0.230941	0.056989	0.265238	0.047799	0.274428	0.013502	0.294229	0.018808	0.323220	-0.010183	0.317914	-0.029985	0.283617	-0.020795	0.258510	-0.045902	0.244014	-0.031406	0.224213	-0.036712	0.215024	-0.002416	0.240131	0.022691
91	#A0A0A0	#000000	#00000000	#00000000		0.275850	0.087403	0.290346	0.072907	0.265239	0.047800	0.230941	0.056989	0.225635	0.037188	0.186032	0.026577	0.171536	0.041073	0.196643	0.066180	0.187453	0.100477	0.207255	0.105783	0.212561	0.125584	0.246858	0.116394	0.256048	0.082097
92	#66ccff	#000000	#00000000	#00000000		0.257470	0.155998	0.271966	0.141502	0.246859	0.116395	0.212561	0.125584	0.207255	0.105783	0.167652	0.095172	0.153156	0.109668	0.178263	0.134775	0.169073	0.169072	0.188875	0.174378	0.194181	0.194179	0.228478	0.184989	0.237668	0.150692
93	#006699	#000000	#00000000	#00000000		0.138659	0.124163	0.153155	0.109667	0.178262	0.134774	0.169073	0.169072	0.188874	0.174378	0.199485	0.213981	0.184989	0.228477	0.159882	0.203370	0.125585	0.212560	0.120279	0.192758	0.100478	0.187452	0.109668	0.153155	0.143965	0.143965
94	#ffffff	#000000	#00000000	#00000000		0.249701	0.264194	0.269503	0.269500	0.278693	0.235203	0.253586	0.210096	0.268082	0.195600	0.257470	0.155997	0.237668	0.150691	0.228478	0.184988	0.194181	0.194179	0.199487	0.213980	0.184991	0.228476	0.210098	0.253583	0.244395	0.244393
95	#A0A0A0	#000000	#00000000	#00000000		0.275850	0.087404	0.256048	0.082098	0.246858	0.116395	0.271966	0.141502	0.257470	0.155998	0.268082	0.195600	0.287884	0.200906	0.297074	0.166609	0.331371	0.157419	0.326065	0.137618	0.340561	0.123122	0.315453	0.098015	0.281156	0.107205
96	#A0A0A0	#000000	#00000000	#00000000		0.275849	0.087405	0.281155	0.107206	0.315453	0.098015	0.324643	0.063718	0.344445	0.069024	0.373436	0.040033	0.368130	0.020232	0.333833	0.029422	0.308726	0.004315	0.294230	0.018811	0.274428	0.013505	0.265238	0.047802	0.290345	0.072909
97	#A0A0A0	#000000	#00000000	#00000000		0.373436	0.040033	0.393238	0.045339	0.402428	0.011042	0.377321	-0.014065	0.391817	-0.028561	0.381205	-0.068164	0.361403	-0.073470	0.352213	-0.039173	0.317916	-0.029983	0.323222	-0.010182	0.308726	0.004314	0.333833	0.029421	0.368130	0.020232
98	#66ccff	#000000	#00000000	#00000000		0.381205	-0.068164	0.395701	-0.082660	0.370594	-0.107767	0.336297	-0.098577	0.330991	-0.118378	0.291388	-0.128989	0.276892	-0.114493	0.301999	-0.089386	0.292809	-0.055089	0.312611	-0.049783	0.317917	-0.029982	0.352213	-0.039173	0.361403	-0.073470
99	#ffffff	#000000	#00000000	#00000000		0.330990	-0.118377	0.336296	-0.098576	0.370594	-0.107767	0.379784	-0.142064	0.399586	-0.136758	0.428577	-0.165749	0.423271	-0.185550	0.388974	-0.176360	0.363867	-0.201467	0.349371	-0.186971	0.329569	-0.192277	0.320379	-0.157980	0.345486	-0.132873
100	#66ccff	#000000	#00000000	#00000000		0.428577	-0.165749	0.448379	-0.160443	0.457569	-0.194740	0.432462	-0.219847	0.446958	-0.234343	0.436346	-0.273946	0.416544	-0.279252	0.407354	-0.244955	0.373057	-0.235765	0.378363	-0.215964	0.363867	-0.201468	0.388974	-0.176361	0.423271	-0.185550
101	#A0A0A0	#000000	#00000000	#00000000		0.504946	-0.292339	0.519441	-0.306835	0.494333	-0.331942	0.460036	-0.322751	0.454730	-0.342552	0.415127	-0.353163	0.400632	-0.338667	0.425740	-0.313560	0.416550	-0.279262	0.436352	-0.273957	0.441658	-0.254156	0.475955	-0.263347	0.485144	-0.297644
102	#66ccff	#000000	#00000000	#00000000		0.523324	-0.360934	0.537819	-0.375430	0.512711	-0.400536	0.478414	-0.391345	0.473108	-0.411146	0.433505	-0.421756	0.419010	-0.407260	0.444118	-0.382154	0.434929	-0.347857	0.454731	-0.342552	0.460037	-0.322751	0.494333	-0.331942	0.503522	-0.366239
103	#006699	#000000	#00000000	#00000000		0.491486	-0.479740	0.505981	-0.494236	0.531089	-0.469130	0.521900	-0.434833	0.541702	-0.429528	0.552315	-0.389925	0.537820	-0.375429	0.512712	-0.400535	0.478414	-0.391345	0.473108	-0.411146	0.453306	-0.416451	0.462495	-0.450748	0.496792	-0.459939
104	#ffffff	#000000	#00000000	#00000000		0.504946	-0.292339	0.510252	-0.272538	0.544549	-0.281729	0.553738	-0.316026	0.573540	-0.310721	0.602531	-0.339713	0.597225	-0.359514	0.562928	-0.350323	0.537820	-0.375430	0.523325	-0.360934	0.503523	-0.366239	0.494334	-0.331942	0.519441	-0.306835
105	#ffffff	#000000	#00000000	#00000000		0.602531	-0.339713	0.622333	-0.334408	0.631522	-0.368705	0.606414	-0.393811	0.620909	-0.408307	0.610296	-0.447910	0.590494	-0.453215	0.581305	-0.418918	0.547008	-0.409727	0.552314	-0.389926	0.537819	-0.375430	0.562927	-0.350324	0.597225	-0.359514
106	#66ccff	#000000	#00000000	#00000000		0.565774	-0.202525	0.585576	-0.197220	0.594765	-0.231517	0.569657	-0.256623	0.584152	-0.271119	0.573539	-0.310722	0.553737	-0.316027	0.544548	-0.281730	0.510252	-0.272538	0.515558	-0.252737	0.501063	-0.238241	0.526171	-0.213135	0.560468	-0.222326
107	#A0A0A0	#000000	#00000000	#00000000		0.497181	-0.184143	0.516983	-0.178838	0.526172	-0.213136	0.501063	-0.238241	0.515558	-0.252737	0.504945	-0.292340	0.485143	-0.297645	0.475954	-0.263347	0.441657	-0.254156	0.446964	-0.234355	0.432469	-0.219859	0.457577	-0.194753	0.491874	-0.203944
108	#006699	#000000	#00000000	#00000000		0.652745	-0.289501	0.672547	-0.284196	0.663358	-0.249898	0.629061	-0.240707	0.634368	-0.220906	0.605378	-0.191913	0.585576	-0.197218	0.594765	-0.231516	0.569657	-0.256623	0.584152	-0.271119	0.578845	-0.290920	0.613142	-0.300111	0.638250	-0.275005
109	#66ccff	#000000	#00000000	#00000000		0.671123	-0.358095	0.665817	-0.377896	0.631520	-0.368705	0.622331	-0.334408	0.602529	-0.339713	0.573539	-0.310721	0.578845	-0.290920	0.613142	-0.300111	0.638250	-0.275005	0.652745	-0.289501	0.672547	-0.284196	0.681736	-0.318493	0.656628	-0.343599
110	#A0A0A0	#000000	#00000000	#00000000		0.497181	-0.184144	0.482686	-0.169648	0.507794	-0.144541	0.542091	-0.153732	0.547397	-0.133931	0.587000	-0.123321	0.601495	-0.137817	0.576387	-0.162924	0.585576	-0.197221	0.565774	-0.202526	0.560468	-0.222327	0.526171	-0.213136	0.516983	-0.178839
111	#A0A0A0	#000000	#00000000	#00000000		0.497181	-0.184144	0.491875	-0.203945	0.457578	-0.194754	0.448389	-0.160457	0.428587	-0.165762	0.399596	-0.136770	0.404902	-0.116969	0.439199	-0.126160	0.464307	-0.101053	0.478802	-0.115549	0.498604	-0.110244	0.507793	-0.144541	0.482686	-0.169648
112	#A0A0A0	#000000	#00000000	#00000000		0.399596	-0.136770	0.379794	-0.142075	0.370605	-0.107778	0.395713	-0.082672	0.381218	-0.068176	0.391831	-0.028573	0.411633	-0.023268	0.420822	-0.057565	0.455119	-0.066756	0.449813	-0.086557	0.464308	-0.101053	0.439200	-0.126159	0.404902	-0.116969
113	#66ccff	#000000	#00000000	#00000000		0.547395	-0.133931	0.542089	-0.153732	0.507792	-0.144541	0.498604	-0.110244	0.478802	-0.115549	0.449811	-0.086557	0.455117	-0.066756	0.489414	-0.075947	0.514522	-0.050840	0.529017	-0.065336	0.548819	-0.060031	0.558008	-0.094328	0.532900	-0.119435
114	#A0A0A0	#000000	#00000000	#00000000		0.637218	-0.073109	0.651713	-0.087605	0.626605	-0.112711	0.592308	-0.103520	0.587001	-0.123321	0.547397	-0.133931	0.532902	-0.119435	0.558010	-0.094329	0.548821	-0.060031	0.568623	-0.054726	0.573930	-0.034925	0.608227	-0.044116	0.617416	-0.078414
115	#A0A0A0	#000000	#00000000	#00000000		0.587000	-0.123321	0.592306	-0.103520	0.626603	-0.112711	0.635792	-0.147008	0.655594	-0.141703	0.684585	-0.170695	0.679279	-0.190496	0.644982	-0.181305	0.619874	-0.206412	0.605379	-0.191916	0.585577	-0.197221	0.576388	-0.162924	0.601495	-0.137817
116	#006699	#000000	#00000000	#00000000		0.460422	-0.046955	0.455116	-0.066756	0.489414	-0.075947	0.514522	-0.050841	0.529017	-0.065337	0.568620	-0.054727	0.573926	-0.034926	0.539629	-0.025735	0.530440	0.008562	0.510638	0.003257	0.496143	0.017753	0.471035	-0.007353	0.480224	-0.041650
117	#66ccff	#000000	#00000000	#00000000		0.391831	-0.028573	0.377336	-0.014077	0.402444	0.011029	0.436741	0.001838	0.442047	0.021639	0.481650	0.032249	0.496145	0.017753	0.471037	-0.007353	0.480226	-0.041650	0.460424	-0.046955	0.455118	-0.066756	0.420822	-0.057565	0.411633	-0.023268
118	#66ccff	#000000	#00000000	#00000000		0.579232	-0.015125	0.573926	-0.034926	0.539629	-0.025735	0.530440	0.008562	0.510638	0.003257	0.481648	0.032249	0.486954	0.052050	0.521251	0.042859	0.546359	0.067965	0.560854	0.053469	0.580656	0.058774	0.589845	0.024477	0.564737	-0.000629
119	#A0A0A0	#000000	#00000000	#00000000		0.629449	0.035087	0.649251	0.040392	0.658440	0.006094	0.633332	-0.019012	0.647827	-0.033508	0.637214	-0.073111	0.617412	-0.078416	0.608223	-0.044118	0.573926	-0.034927	0.579233	-0.015126	0.564738	-0.000630	0.589845	0.024477	0.624142	0.015286
120	#A0A0A0	#000000	#00000000	#00000000		0.629447	0.035087	0.624141	0.015286	0.589844	0.024477	0.580656	0.058774	0.560854	0.053469	0.531863	0.082461	0.537169	0.102262	0.571466	0.093071	0.596574	0.118178	0.611069	0.103682	0.630871	0.108987	0.640060	0.074690	0.614952	0.049583
121	#A0A0A0	#000000	#00000000	#00000000		0.531863	0.082461	0.512061	0.077156	0.502872	0.111453	0.527980	0.136560	0.513485	0.151056	0.524097	0.190659	0.543899	0.195964	0.553088	0.161667	0.587385	0.152476	0.582079	0.132675	0.596574	0.118179	0.571466	0.093071	0.537169	0.102262
122	#ffffff	#000000	#00000000	#00000000		0.531863	0.082461	0.546358	0.067965	0.521250	0.042858	0.486953	0.052049	0.481647	0.032248	0.442044	0.021637	0.427549	0.036133	0.452657	0.061240	0.443468	0.095537	0.463270	0.100842	0.468576	0.120643	0.502873	0.111452	0.512061	0.077156
123	#ffffff	#000000	#00000000	#00000000		0.442044	0.021637	0.436738	0.001836	0.402441	0.011027	0.393252	0.045324	0.373450	0.040019	0.344459	0.069011	0.349765	0.088812	0.384062	0.079621	0.409170	0.104728	0.423665	0.090232	0.443467	0.095537	0.452656	0.061240	0.427549	0.036133
124	#66ccff	#000000	#00000000	#00000000		0.344459	0.069011	0.324657	0.063706	0.315468	0.098003	0.340576	0.123109	0.326081	0.137605	0.336694	0.177208	0.356496	0.182513	0.365685	0.148216	0.399982	0.139025	0.394676	0.119224	0.409171	0.104728	0.384063	0.079622	0.349765	0.088812
125	#66ccff	#000000	#00000000	#00000000		0.463270	0.100842	0.443468	0.095537	0.434279	0.129834	0.459387	0.154940	0.444892	0.169436	0.455505	0.209039	0.475307	0.214344	0.484496	0.180047	0.518793	0.170856	0.513487	0.151055	0.527982	0.136559	0.502874	0.111453	0.468576	0.120643
126	#006699	#000000	#00000000	#00000000		0.376299	0.187818	0.356497	0.182513	0.365686	0.148215	0.399983	0.139024	0.394676	0.119223	0.423666	0.090230	0.443468	0.095535	0.434279	0.129833	0.459387	0.154940	0.444892	0.169436	0.450199	0.189237	0.415902	0.198428	0.390794	0.173322
127	#66ccff	#000000	#00000000	#00000000		0.357921	0.256412	0.363227	0.276213	0.397524	0.267022	0.406713	0.232725	0.426515	0.238030	0.455505	0.209038	0.450199	0.189237	0.415902	0.198428	0.390794	0.173322	0.376299	0.187818	0.356497	0.182513	0.347308	0.216810	0.372416	0.241916
128	#A0A0A0	#000000	#00000000	#00000000		0.268101	0.195590	0.253606	0.210086	0.278714	0.235193	0.313011	0.226002	0.318317	0.245803	0.357920	0.256414	0.372415	0.241918	0.347307	0.216811	0.356497	0.182513	0.336695	0.177208	0.331389	0.157407	0.297092	0.166598	0.287903	0.200895
129	#66ccff	#000000	#00000000	#00000000		0.318317	0.245803	0.313011	0.226002	0.278714	0.235193	0.269525	0.269490	0.249723	0.264185	0.220733	0.293177	0.226039	0.312978	0.260336	0.303787	0.285444	0.328893	0.299939	0.314397	0.319741	0.319702	0.328930	0.285405	0.303822	0.260299
130	#ffffff	#000000	#00000000	#00000000		0.152139	0.311559	0.157445	0.331360	0.191742	0.322169	0.200931	0.287872	0.220733	0.293177	0.249723	0.264185	0.244417	0.244384	0.210120	0.253575	0.185012	0.228469	0.170517	0.242965	0.150715	0.237660	0.141526	0.271957	0.166634	0.297063
131	#66ccff	#000000	#00000000	#00000000		0.170517	0.242965	0.185012	0.228469	0.159904	0.203362	0.125607	0.212553	0.120301	0.192752	0.080698	0.182141	0.066203	0.196637	0.091311	0.221744	0.082122	0.256041	0.101924	0.261346	0.107230	0.281147	0.141527	0.271956	0.150715	0.237660
132	#ffffff	#000000	#00000000	#00000000		0.062320	0.250735	0.082122	0.256040	0.091311	0.221743	0.066203	0.196637	0.080698	0.182141	0.070086	0.142538	0.050284	0.137233	0.041095	0.171530	0.006798	0.180721	0.012104	0.200522	-0.002391	0.215018	0.022717	0.240125	0.057014	0.230934
133	#66ccff	#000000	#00000000	#00000000		-0.085480	0.247895	-0.080174	0.267696	-0.045877	0.258506	-0.036688	0.224209	-0.016886	0.229514	0.012105	0.200522	0.006798	0.180721	-0.027499	0.189911	-0.052607	0.164804	-0.067102	0.179300	-0.086904	0.173995	-0.096093	0.208292	-0.070985	0.233399
134	#A0A0A0	#000000	#00000000	#00000000		-0.175300	0.187072	-0.189795	0.201568	-0.164687	0.226675	-0.130390	0.217484	-0.125084	0.237285	-0.085481	0.247896	-0.070986	0.233400	-0.096094	0.208293	-0.086904	0.173995	-0.106706	0.168690	-0.112012	0.148889	-0.146309	0.158080	-0.155498	0.192377
135	#ffffff	#000000	#00000000	#00000000		-0.175300	0.187072	-0.180606	0.167271	-0.214903	0.176462	-0.224092	0.210759	-0.243894	0.205454	-0.272884	0.234446	-0.267578	0.254247	-0.233281	0.245056	-0.208173	0.270162	-0.193678	0.255666	-0.173876	0.260971	-0.164687	0.226674	-0.189795	0.201568
136	#66ccff	#000000	#00000000	#00000000		-0.341478	0.252828	-0.336172	0.272629	-0.301875	0.263438	-0.292686	0.229141	-0.272884	0.234446	-0.243894	0.205454	-0.249200	0.185653	-0.283497	0.194844	-0.308605	0.169738	-0.323100	0.184234	-0.342902	0.178929	-0.352091	0.213226	-0.326983	0.238332
137	#ffffff	#000000	#00000000	#00000000		-0.431298	0.192006	-0.445793	0.206502	-0.420685	0.231609	-0.386388	0.222418	-0.381082	0.242219	-0.341479	0.252830	-0.326984	0.238334	-0.352092	0.213227	-0.342902	0.178929	-0.362704	0.173624	-0.368010	0.153823	-0.402307	0.163014	-0.411496	0.197311
138	#ffffff	#000000	#00000000	#00000000		-0.547272	0.307984	-0.541965	0.327785	-0.507668	0.318593	-0.498480	0.284295	-0.478678	0.289600	-0.449688	0.260607	-0.454995	0.240805	-0.489292	0.249997	-0.514401	0.224891	-0.528896	0.239388	-0.548698	0.234083	-0.557886	0.268381	-0.532777	0.293487
139	#66ccff	#000000	#00000000	#00000000		-0.381082	0.242219	-0.386388	0.222418	-0.420685	0.231609	-0.429874	0.265906	-0.449676	0.260601	-0.478666	0.289593	-0.473360	0.309394	-0.439063	0.300203	-0.413955	0.325309	-0.399460	0.310813	-0.379658	0.316118	-0.370469	0.281821	-0.395577	0.256715
140	#A0A0A0	#000000	#00000000	#00000000		-0.291262	0.303045	-0.276767	0.288549	-0.301875	0.263442	-0.336172	0.272632	-0.341478	0.252831	-0.381082	0.242219	-0.395577	0.256715	-0.370469	0.281822	-0.379658	0.316119	-0.359856	0.321425	-0.354550	0.341226	-0.320253	0.332036	-0.311064	0.297739
141	#ffffff	#000000	#00000000	#00000000		-0.272884	0.234451	-0.292686	0.229146	-0.301875	0.263443	-0.276767	0.288549	-0.291262	0.303045	-0.280650	0.342648	-0.260848	0.347953	-0.251659	0.313656	-0.217362	0.304465	-0.222668	0.284664	-0.208173	0.270168	-0.233281	0.245061	-0.267578	0.254252
142	#006699	#000000	#00000000	#00000000		-0.161840	0.374478	-0.176335	0.388974	-0.201443	0.363868	-0.192254	0.329571	-0.212056	0.324266	-0.222669	0.284663	-0.208173	0.270168	-0.183065	0.295274	-0.148768	0.286083	-0.143462	0.305884	-0.123660	0.311189	-0.132849	0.345486	-0.167146	0.354677
143	#66ccff	#000000	#00000000	#00000000		-0.193678	0.255666	-0.208173	0.270162	-0.183065	0.295269	-0.148768	0.286078	-0.143462	0.305879	-0.103859	0.316490	-0.089364	0.301994	-0.114472	0.276887	-0.105283	0.242590	-0.125085	0.237285	-0.130391	0.217484	-0.164688	0.226675	-0.173876	0.260971
144	#ffffff	#000000	#00000000	#00000000		-0.085480	0.247896	-0.105282	0.242591	-0.114472	0.276887	-0.089364	0.301994	-0.103859	0.316490	-0.093246	0.356093	-0.073444	0.361398	-0.064255	0.327101	-0.029958	0.317910	-0.035264	0.298109	-0.020769	0.283613	-0.045877	0.258506	-0.080174	0.267697
145	#66ccff	#000000	#00000000	#00000000		-0.035264	0.298109	-0.029958	0.317910	0.004339	0.308719	0.013528	0.274422	0.033330	0.279727	0.062321	0.250735	0.057015	0.230934	0.022718	0.240125	-0.002390	0.215018	-0.016885	0.229514	-0.036687	0.224209	-0.045876	0.258506	-0.020769	0.283613
146	#006699	#000000	#00000000	#00000000		0.083546	0.329940	0.088852	0.349741	0.054555	0.358932	0.029447	0.333825	0.014952	0.348321	-0.024651	0.337710	-0.029957	0.317909	0.004340	0.308718	0.013528	0.274422	0.033330	0.279727	0.047825	0.265231	0.072933	0.290338	0.063744	0.324635
147	#66ccff	#000000	#00000000	#00000000		0.152141	0.311558	0.166636	0.297062	0.141528	0.271956	0.107230	0.281147	0.101924	0.261346	0.062321	0.250736	0.047826	0.265232	0.072934	0.290338	0.063745	0.324635	0.083547	0.329940	0.088853	0.349741	0.123150	0.340550	0.132339	0.306253
148	#A0A0A0	#000000	#00000000	#00000000		0.144375	0.419754	0.164177	0.425059	0.173366	0.390762	0.148258	0.365656	0.162753	0.351160	0.152140	0.311557	0.132338	0.306252	0.123149	0.340549	0.088853	0.349741	0.094159	0.369542	0.079664	0.384038	0.104772	0.409144	0.139069	0.399953
149	#66ccff	#000000	#00000000	#00000000		0.212970	0.401372	0.232772	0.406677	0.241961	0.372379	0.216853	0.347273	0.231348	0.332777	0.220735	0.293174	0.200933	0.287869	0.191744	0.322167	0.157447	0.331358	0.162754	0.351159	0.148259	0.365655	0.173366	0.390762	0.207663	0.381571
150	#006699	#000000	#00000000	#00000000		0.299941	0.314395	0.319743	0.319700	0.310554	0.353998	0.276257	0.363189	0.281564	0.382990	0.252574	0.411983	0.232772	0.406678	0.241961	0.372380	0.216853	0.347273	0.231348	0.332777	0.226041	0.312976	0.260338	0.303785	0.285446	0.328891
151	#66ccff	#000000	#00000000	#00000000		0.331779	0.433202	0.351581	0.438507	0.360770	0.404210	0.335662	0.379104	0.350157	0.364608	0.339544	0.325005	0.319742	0.319700	0.310553	0.353997	0.276257	0.363189	0.281563	0.382990	0.267068	0.397486	0.292176	0.422592	0.326473	0.413401
152	#A0A0A0	#000000	#00000000	#00000000		0.408137	0.306625	0.422632	0.292129	0.397524	0.267022	0.363227	0.276213	0.357921	0.256412	0.318318	0.245801	0.303823	0.260297	0.328931	0.285404	0.319741	0.319702	0.339543	0.325007	0.344849	0.344808	0.379146	0.335617	0.388335	0.301320
153	#ffffff	#000000	#00000000	#00000000		0.426515	0.238031	0.406713	0.232726	0.397524	0.267023	0.422632	0.292129	0.408137	0.306625	0.418749	0.346228	0.438551	0.351533	0.447740	0.317236	0.482037	0.308045	0.476731	0.288244	0.491226	0.273748	0.466118	0.248641	0.431821	0.257832
154	#ffffff	#000000	#00000000	#00000000		0.524099	0.190657	0.518793	0.170856	0.484496	0.180047	0.475307	0.214344	0.455505	0.209039	0.426515	0.238031	0.431821	0.257832	0.466118	0.248641	0.491226	0.273747	0.505721	0.259251	0.525523	0.264556	0.534712	0.230259	0.509604	0.205153
155	#66ccff	#000000	#00000000	#00000000		0.524098	0.190657	0.509603	0.205153	0.534712	0.230259	0.569009	0.221068	0.574316	0.240869	0.613919	0.251479	0.628414	0.236983	0.603306	0.211877	0.612495	0.177579	0.592693	0.172274	0.587386	0.152473	0.553089	0.161664	0.543900	0.195962
156	#66ccff	#000000	#00000000	#00000000		0.505721	0.259251	0.491226	0.273747	0.516334	0.298854	0.550631	0.289663	0.555937	0.309464	0.595540	0.320075	0.610035	0.305579	0.584927	0.280472	0.594116	0.246175	0.574314	0.240870	0.569008	0.221069	0.534711	0.230260	0.525523	0.264556
157	#006699	#000000	#00000000	#00000000		0.537559	0.378058	0.523064	0.392554	0.497956	0.367447	0.507145	0.333150	0.487343	0.327845	0.476731	0.288242	0.491226	0.273746	0.516334	0.298854	0.550631	0.289663	0.555937	0.309464	0.575739	0.314769	0.566550	0.349066	0.532253	0.358257
158	#66ccff	#000000	#00000000	#00000000		0.587775	0.428270	0.607577	0.433575	0.616766	0.399278	0.591658	0.374172	0.606153	0.359676	0.595540	0.320073	0.575738	0.314768	0.566549	0.349065	0.532253	0.358257	0.537559	0.378058	0.523064	0.392554	0.548172	0.417660	0.582469	0.408469
159	#A0A0A0	#000000	#00000000	#00000000		0.490191	0.475645	0.495498	0.495446	0.529795	0.486255	0.538984	0.451957	0.558786	0.457262	0.587776	0.428269	0.582469	0.408468	0.548172	0.417659	0.523064	0.392554	0.508569	0.407050	0.488767	0.401745	0.479578	0.436043	0.504686	0.461149
160	#66ccff	#000000	#00000000	#00000000		0.558787	0.457263	0.538985	0.451958	0.529795	0.486254	0.554903	0.511361	0.540408	0.525857	0.551021	0.565460	0.570823	0.570765	0.580012	0.536468	0.614309	0.527277	0.609003	0.507476	0.623498	0.492980	0.598390	0.467873	0.564093	0.477064
161	#ffffff	#000000	#00000000	#00000000		0.532642	0.634053	0.552444	0.639358	0.561633	0.605061	0.536525	0.579955	0.551020	0.565459	0.540408	0.525857	0.520606	0.520552	0.511417	0.554849	0.477120	0.564040	0.482426	0.583841	0.467931	0.598337	0.493039	0.623443	0.527336	0.614252
162	#ffffff	#000000	#00000000	#00000000		0.540409	0.525857	0.554904	0.511361	0.529796	0.486255	0.495498	0.495446	0.490192	0.475645	0.450589	0.465035	0.436094	0.479531	0.461202	0.504637	0.452013	0.538934	0.471815	0.544239	0.477121	0.564040	0.511418	0.554849	0.520607	0.520552
163	#A0A0A0	#000000	#00000000	#00000000		0.400371	0.414823	0.385876	0.429319	0.410984	0.454425	0.445281	0.445234	0.450588	0.465035	0.490192	0.475645	0.504687	0.461149	0.479579	0.436043	0.488768	0.401745	0.468966	0.396440	0.463659	0.376639	0.429362	0.385830	0.420173	0.420128
164	#66ccff	#000000	#00000000	#00000000		0.418748	0.346228	0.404253	0.360724	0.429361	0.385830	0.463659	0.376639	0.468965	0.396440	0.508568	0.407050	0.523063	0.392554	0.497955	0.367448	0.507144	0.333151	0.487342	0.327846	0.482036	0.308045	0.447739	0.317236	0.438550	0.351533
165	#A0A0A0	#000000	#00000000	#00000000		0.400369	0.414821	0.420171	0.420126	0.429360	0.385829	0.404252	0.360723	0.418748	0.346228	0.408135	0.306625	0.388333	0.301320	0.379144	0.335617	0.344847	0.344808	0.350153	0.364609	0.335658	0.379105	0.360766	0.404211	0.395063	0.395020
166	#A0A0A0	#000000	#00000000	#00000000		0.400369	0.414821	0.395063	0.395020	0.360766	0.404211	0.351577	0.438508	0.331775	0.433203	0.302785	0.462195	0.308091	0.481996	0.342388	0.472805	0.367496	0.497911	0.381991	0.483415	0.401793	0.488720	0.410982	0.454423	0.385874	0.429317
167	#66ccff	#000000	#00000000	#00000000		0.450584	0.465033	0.445278	0.445232	0.410981	0.454423	0.401793	0.488720	0.381991	0.483415	0.353000	0.512407	0.358306	0.532208	0.392603	0.523017	0.417711	0.548124	0.432206	0.533628	0.452008	0.538933	0.461197	0.504636	0.436089	0.479529
168	#006699	#000000	#00000000	#00000000		0.363611	0.552010	0.358305	0.532209	0.392602	0.523018	0.417711	0.548124	0.432206	0.533628	0.471809	0.544239	0.477115	0.564040	0.442818	0.573231	0.433629	0.607528	0.413827	0.602223	0.399332	0.616719	0.374224	0.591612	0.383413	0.557315
169	#66ccff	#000000	#00000000	#00000000		0.482426	0.583841	0.477119	0.564040	0.442822	0.573231	0.433633	0.607529	0.413831	0.602224	0.384841	0.631217	0.390148	0.651018	0.424445	0.641827	0.449553	0.666933	0.464048	0.652437	0.483850	0.657742	0.493039	0.623444	0.467931	0.598337
170	#66ccff	#000000	#00000000	#00000000		0.295017	0.570392	0.280522	0.584888	0.305630	0.609995	0.339927	0.600804	0.345233	0.620605	0.384836	0.631216	0.399331	0.616720	0.374223	0.591613	0.383413	0.557315	0.363611	0.552010	0.358305	0.532209	0.324008	0.541400	0.314819	0.575697
171	#A0A0A0	#000000	#00000000	#00000000		0.302783	0.462196	0.282981	0.456891	0.273792	0.491188	0.298900	0.516294	0.284405	0.530790	0.295018	0.570393	0.314820	0.575698	0.324009	0.541401	0.358305	0.532209	0.352999	0.512408	0.367494	0.497912	0.342386	0.472806	0.308089	0.481997
172	#ffffff	#000000	#00000000	#00000000		0.234190	0.480578	0.239496	0.500379	0.273793	0.491188	0.282981	0.456891	0.302783	0.462196	0.331774	0.433204	0.326468	0.413403	0.292171	0.422594	0.267063	0.397487	0.252568	0.411983	0.232766	0.406678	0.223577	0.440975	0.248685	0.466082
173	#ffffff	#000000	#00000000	#00000000		0.144370	0.419755	0.129875	0.434251	0.154983	0.459358	0.189280	0.450167	0.194586	0.469968	0.234189	0.480579	0.248684	0.466083	0.223576	0.440976	0.232766	0.406678	0.212964	0.401373	0.207658	0.381572	0.173361	0.390763	0.164172	0.425060
174	#A0A0A0	#000000	#00000000	#00000000		0.046791	0.467129	0.052098	0.486930	0.086395	0.477739	0.095584	0.443441	0.115386	0.448746	0.144376	0.419753	0.139069	0.399952	0.104772	0.409143	0.079664	0.384038	0.065169	0.398534	0.045367	0.393229	0.036178	0.427527	0.061286	0.452633
175	#66ccff	#000000	#00000000	#00000000		-0.003425	0.416917	0.001881	0.436718	0.036178	0.427527	0.045367	0.393230	0.065169	0.398535	0.094159	0.369543	0.088853	0.349742	0.054556	0.358933	0.029448	0.333826	0.014953	0.348322	-0.004849	0.343017	-0.014038	0.377314	0.011070	0.402421
176	#ffffff	#000000	#00000000	#00000000		-0.093245	0.356094	-0.107740	0.370590	-0.082632	0.395697	-0.048335	0.386506	-0.043029	0.406307	-0.003426	0.416918	0.011069	0.402422	-0.014039	0.377315	-0.004849	0.343017	-0.024651	0.337712	-0.029957	0.317911	-0.064254	0.327102	-0.073443	0.361399
177	#66ccff	#000000	#00000000	#00000000		-0.111623	0.424688	-0.091821	0.429993	-0.082632	0.395696	-0.107740	0.370590	-0.093245	0.356094	-0.103857	0.316491	-0.123659	0.311186	-0.132848	0.345483	-0.167145	0.354674	-0.161839	0.374475	-0.176334	0.388971	-0.151226	0.414078	-0.116929	0.404887
178	#66ccff	#000000	#00000000	#00000000		-0.280650	0.342648	-0.295145	0.357144	-0.270037	0.382250	-0.235740	0.373059	-0.230434	0.392860	-0.190831	0.403470	-0.176336	0.388974	-0.201444	0.363868	-0.192255	0.329571	-0.212057	0.324266	-0.217363	0.304465	-0.251659	0.313656	-0.260848	0.347953
179	#A0A0A0	#000000	#00000000	#00000000		-0.299027	0.411242	-0.279225	0.416547	-0.270036	0.382249	-0.295145	0.357144	-0.280650	0.342648	-0.291263	0.303045	-0.311065	0.297740	-0.320254	0.332038	-0.354551	0.341229	-0.349244	0.361030	-0.363739	0.375526	-0.338631	0.400632	-0.304334	0.391441
180	#66ccff	#000000	#00000000	#00000000		-0.367621	0.429624	-0.347819	0.434929	-0.338630	0.400631	-0.363739	0.375526	-0.349244	0.361030	-0.359857	0.321427	-0.379659	0.316122	-0.388848	0.350420	-0.423145	0.359611	-0.417838	0.379412	-0.432333	0.393908	-0.407225	0.419014	-0.372928	0.409823
181	#006699	#000000	#00000000	#00000000		-0.399461	0.310818	-0.379659	0.316123	-0.388848	0.350420	-0.423145	0.359611	-0.417839	0.379412	-0.446829	0.408404	-0.466631	0.403099	-0.457442	0.368802	-0.482550	0.343696	-0.468055	0.329200	-0.473361	0.309399	-0.439064	0.300208	-0.413956	0.325314
182	#ffffff	#000000	#00000000	#00000000		-0.465206	0.476999	-0.459899	0.496800	-0.425602	0.487609	-0.416413	0.453311	-0.396611	0.458616	-0.367621	0.429623	-0.372928	0.409822	-0.407225	0.419013	-0.432333	0.393908	-0.446828	0.408404	-0.466630	0.403099	-0.475819	0.437397	-0.450711	0.462503
183	#A0A0A0	#000000	#00000000	#00000000		-0.299028	0.411242	-0.304334	0.391441	-0.338631	0.400632	-0.347820	0.434929	-0.367622	0.429624	-0.396612	0.458616	-0.391306	0.478417	-0.357009	0.469226	-0.331901	0.494332	-0.317406	0.479836	-0.297604	0.485141	-0.288415	0.450844	-0.313523	0.425738
184	#A0A0A0	#000000	#00000000	#00000000		-0.299029	0.411242	-0.313524	0.425738	-0.288415	0.450844	-0.254118	0.441653	-0.248811	0.461454	-0.209208	0.472064	-0.194713	0.457568	-0.219821	0.432462	-0.210632	0.398164	-0.230434	0.392859	-0.235741	0.373058	-0.270038	0.382249	-0.279227	0.416547
185	#A0A0A0	#000000	#00000000	#00000000		-0.209208	0.472064	-0.203902	0.491865	-0.169605	0.482674	-0.160416	0.448377	-0.140614	0.453682	-0.111624	0.424690	-0.116930	0.404889	-0.151227	0.414080	-0.176335	0.388973	-0.190830	0.403469	-0.210632	0.398164	-0.219821	0.432461	-0.194713	0.457568
186	#A0A0A0	#000000	#00000000	#00000000		-0.043030	0.406308	-0.048336	0.386507	-0.082633	0.395698	-0.091822	0.429995	-0.111624	0.424690	-0.140614	0.453682	-0.135308	0.473483	-0.101011	0.464292	-0.075903	0.489398	-0.061408	0.474902	-0.041606	0.480207	-0.032417	0.445910	-0.057525	0.420804
187	#A0A0A0	#000000	#00000000	#00000000		0.046791	0.467130	0.061286	0.452634	0.036178	0.427528	0.001881	0.436719	-0.003426	0.416918	-0.043029	0.406308	-0.057524	0.420804	-0.032417	0.445910	-0.041606	0.480208	-0.021804	0.485513	-0.016497	0.505314	0.017800	0.496123	0.026989	0.461825
188	#A0A0A0	#000000	#00000000	#00000000		0.046792	0.467129	0.026990	0.461824	0.017801	0.496121	0.042909	0.521227	0.028414	0.535723	0.039027	0.575326	0.058829	0.580631	0.068018	0.546334	0.102315	0.537143	0.097009	0.517342	0.111504	0.502846	0.086396	0.477740	0.052098	0.486930
189	#66ccff	#000000	#00000000	#00000000		0.097009	0.517342	0.102316	0.537143	0.136613	0.527952	0.145802	0.493654	0.165604	0.498959	0.194594	0.469966	0.189287	0.450165	0.154990	0.459356	0.129882	0.434250	0.115387	0.448746	0.095585	0.443441	0.086396	0.477739	0.111504	0.502846
190	#66ccff	#000000	#00000000	#00000000		0.284406	0.530794	0.298901	0.516298	0.273793	0.491191	0.239496	0.500381	0.234190	0.480580	0.194586	0.469968	0.180091	0.484464	0.205199	0.509571	0.196010	0.543868	0.215812	0.549174	0.221118	0.568975	0.255415	0.559785	0.264604	0.525488
191	#006699	#000000	#00000000	#00000000		0.215812	0.549173	0.221118	0.568974	0.186821	0.578165	0.161713	0.553058	0.147218	0.567554	0.107615	0.556943	0.102309	0.537142	0.136606	0.527951	0.145795	0.493654	0.165597	0.498959	0.180092	0.484463	0.205200	0.509570	0.196010	0.543868
192	#A0A0A0	#000000	#00000000	#00000000		0.039027	0.575326	0.024532	0.589822	0.049640	0.614928	0.083937	0.605737	0.089243	0.625538	0.128846	0.636148	0.143341	0.621652	0.118233	0.596546	0.127422	0.562249	0.107620	0.556944	0.102314	0.537143	0.068018	0.546334	0.058829	0.580631
193	#66ccff	#000000	#00000000	#00000000		0.128846	0.636149	0.134152	0.655950	0.168449	0.646759	0.177638	0.612462	0.197440	0.617767	0.226431	0.588775	0.221125	0.568974	0.186828	0.578165	0.161720	0.553058	0.147225	0.567554	0.127423	0.562249	0.118233	0.596546	0.143341	0.621653
194	#ffffff	#000000	#00000000	#00000000		0.276638	0.638990	0.296440	0.644296	0.305630	0.609999	0.280523	0.584892	0.295019	0.570396	0.284407	0.530793	0.264605	0.525487	0.255415	0.559784	0.221118	0.568975	0.226424	0.588776	0.211928	0.603272	0.237035	0.628379	0.271332	0.619189
195	#ffffff	#000000	#00000000	#00000000		0.179062	0.686362	0.184368	0.706163	0.218665	0.696972	0.227854	0.662675	0.247656	0.667980	0.276647	0.638988	0.271341	0.619187	0.237044	0.628378	0.211936	0.603271	0.197441	0.617767	0.177639	0.612462	0.168449	0.646759	0.193557	0.671866
196	#66ccff	#000000	#00000000	#00000000		0.640841	0.626281	0.655336	0.611785	0.630228	0.586679	0.595931	0.595870	0.590624	0.576069	0.551021	0.565459	0.536526	0.579955	0.561633	0.605061	0.552444	0.639359	0.572246	0.644664	0.577553	0.664465	0.611850	0.655274	0.621039	0.620976
197	#ffffff	#000000	#00000000	#00000000		0.020650	0.643920	0.040452	0.649225	0.049641	0.614927	0.024532	0.589822	0.039027	0.575326	0.028414	0.535723	0.008612	0.530418	-0.000577	0.564716	-0.034874	0.573907	-0.029567	0.593708	-0.044062	0.608204	-0.018954	0.633310	0.015343	0.624119
198	#66ccff	#000000	#00000000	#00000000		0.028415	0.535723	0.042910	0.521227	0.017801	0.496121	-0.016496	0.505312	-0.021803	0.485511	-0.061406	0.474901	-0.075901	0.489397	-0.050793	0.514503	-0.059982	0.548801	-0.040180	0.554106	-0.034873	0.573907	-0.000576	0.564716	0.008613	0.530418
199	#006699	#000000	#00000000	#00000000		-0.090395	0.503893	-0.075900	0.489397	-0.050792	0.514504	-0.059982	0.548800	-0.040180	0.554105	-0.029567	0.593708	-0.044062	0.608204	-0.069170	0.583097	-0.103467	0.592288	-0.108773	0.572487	-0.128575	0.567182	-0.119386	0.532885	-0.085089	0.523694
200	#66ccff	#000000	#00000000	#00000000		-0.140615	0.453682	-0.160417	0.448377	-0.169606	0.482675	-0.144498	0.507781	-0.158993	0.522277	-0.148380	0.561880	-0.128578	0.567185	-0.119389	0.532887	-0.085092	0.523696	-0.090399	0.503895	-0.075904	0.489399	-0.101011	0.464292	-0.135308	0.473483
201	#66ccff	#000000	#00000000	#00000000		-0.058556	0.622699	-0.044061	0.608203	-0.069169	0.583097	-0.103467	0.592288	-0.108773	0.572487	-0.148376	0.561877	-0.162871	0.576373	-0.137763	0.601479	-0.146952	0.635776	-0.127150	0.641081	-0.121844	0.660882	-0.087547	0.651691	-0.078358	0.617394
202	#ffffff	#000000	#00000000	#00000000		-0.166753	0.630471	-0.146951	0.635776	-0.137762	0.601478	-0.162871	0.576373	-0.148376	0.561877	-0.158989	0.522274	-0.178791	0.516969	-0.187980	0.551267	-0.222277	0.560458	-0.216970	0.580259	-0.231465	0.594755	-0.206357	0.619861	-0.172060	0.610670
203	#ffffff	#000000	#00000000	#00000000		-0.158989	0.522275	-0.144494	0.507779	-0.169602	0.482672	-0.203899	0.491863	-0.209205	0.472062	-0.248808	0.461452	-0.263303	0.475948	-0.238195	0.501055	-0.247384	0.535352	-0.227582	0.540657	-0.222276	0.560458	-0.187979	0.551267	-0.178791	0.516970
204	#66ccff	#000000	#00000000	#00000000		-0.248808	0.461452	-0.254114	0.441651	-0.288411	0.450842	-0.297600	0.485139	-0.317402	0.479834	-0.346393	0.508826	-0.341087	0.528627	-0.306790	0.519436	-0.281682	0.544543	-0.267187	0.530047	-0.247385	0.535352	-0.238196	0.501055	-0.263303	0.475948
205	#006699	#000000	#00000000	#00000000		-0.335782	0.548429	-0.341088	0.528628	-0.306791	0.519437	-0.281682	0.544543	-0.267187	0.530047	-0.227584	0.540658	-0.222278	0.560459	-0.256575	0.569650	-0.265764	0.603947	-0.285566	0.598642	-0.300061	0.613138	-0.325169	0.588031	-0.315980	0.553734
206	#66ccff	#000000	#00000000	#00000000		-0.216970	0.580259	-0.222277	0.560458	-0.256574	0.569649	-0.265763	0.603947	-0.285565	0.598642	-0.314555	0.627635	-0.309248	0.647436	-0.274951	0.638245	-0.249843	0.663351	-0.235348	0.648855	-0.215546	0.654160	-0.206357	0.619862	-0.231465	0.594755
207	#66ccff	#000000	#00000000	#00000000		-0.404376	0.566811	-0.418871	0.581307	-0.393763	0.606414	-0.359466	0.597223	-0.354160	0.617024	-0.314557	0.627635	-0.300062	0.613139	-0.325170	0.588032	-0.315980	0.553734	-0.335782	0.548429	-0.341088	0.528628	-0.375385	0.537819	-0.384574	0.572116
208	#A0A0A0	#000000	#00000000	#00000000		-0.396610	0.458615	-0.416412	0.453310	-0.425601	0.487607	-0.400493	0.512713	-0.414988	0.527209	-0.404375	0.566812	-0.384573	0.572117	-0.375384	0.537820	-0.341088	0.528628	-0.346394	0.508827	-0.331899	0.494331	-0.357007	0.469225	-0.391304	0.478416
209	#ffffff	#000000	#00000000	#00000000		-0.422754	0.635405	-0.402952	0.640710	-0.393763	0.606413	-0.418871	0.581307	-0.404376	0.566811	-0.414988	0.527209	-0.434790	0.521904	-0.443979	0.556201	-0.478276	0.565392	-0.472970	0.585193	-0.487465	0.599689	-0.462357	0.624795	-0.428060	0.615604
210	#66ccff	#000000	#00000000	#00000000		-0.414987	0.527209	-0.400492	0.512713	-0.425601	0.487607	-0.459898	0.496798	-0.465205	0.476997	-0.504808	0.466387	-0.519303	0.480883	-0.494195	0.505989	-0.503384	0.540287	-0.483582	0.545592	-0.478275	0.565393	-0.443978	0.556202	-0.434789	0.521904
211	#ffffff	#000000	#00000000	#00000000		-0.555027	0.416177	-0.569522	0.430673	-0.544414	0.455779	-0.510117	0.446588	-0.504810	0.466389	-0.465207	0.476999	-0.450712	0.462503	-0.475819	0.437397	-0.466630	0.403099	-0.486432	0.397794	-0.491739	0.377993	-0.526036	0.387184	-0.535225	0.421482
212	#66ccff	#000000	#00000000	#00000000		-0.486433	0.397794	-0.466631	0.403099	-0.457442	0.368802	-0.482550	0.343696	-0.468055	0.329200	-0.478668	0.289597	-0.498470	0.284292	-0.507659	0.318589	-0.541956	0.327780	-0.536650	0.347581	-0.551145	0.362077	-0.526037	0.387183	-0.491739	0.377993
213	#006699	#000000	#00000000	#00000000		-0.413731	-0.428191	-0.433533	-0.433496	-0.424345	-0.467794	-0.390048	-0.476986	-0.395355	-0.496787	-0.366365	-0.525780	-0.346563	-0.520475	-0.355751	-0.486177	-0.330642	-0.461071	-0.345137	-0.446574	-0.339830	-0.426773	-0.374127	-0.417581	-0.399236	-0.442688
214	#66ccff	#000000	#00000000	#00000000		-0.326769	-0.515171	-0.346571	-0.520474	-0.355757	-0.486176	-0.330647	-0.461072	-0.345141	-0.446575	-0.334525	-0.406973	-0.314723	-0.401670	-0.305537	-0.435968	-0.271241	-0.445162	-0.276549	-0.464963	-0.262055	-0.479460	-0.287165	-0.504564	-0.321461	-0.495370
215	#A0A0A0	#000000	#00000000	#00000000		-0.258176	-0.533560	-0.277978	-0.538864	-0.287165	-0.504566	-0.262055	-0.479461	-0.276549	-0.464964	-0.265934	-0.425362	-0.246132	-0.420058	-0.236945	-0.454356	-0.202648	-0.463549	-0.207956	-0.483350	-0.193462	-0.497847	-0.218572	-0.522952	-0.252868	-0.513759
216	#ffffff	#000000	#00000000	#00000000		0.422892	-0.461359	0.437387	-0.475855	0.412279	-0.500962	0.377982	-0.491771	0.372676	-0.511572	0.333073	-0.522183	0.318578	-0.507687	0.343686	-0.482580	0.334497	-0.448283	0.354299	-0.442978	0.359605	-0.423177	0.393902	-0.432368	0.403090	-0.466664
217	#66ccff	#000000	#00000000	#00000000		0.441270	-0.529952	0.421468	-0.535257	0.412279	-0.500960	0.437387	-0.475854	0.422892	-0.461358	0.433505	-0.421755	0.453307	-0.416450	0.462496	-0.450747	0.496792	-0.459939	0.491486	-0.479740	0.505981	-0.494236	0.480873	-0.519342	0.446576	-0.510151
218	#66ccff	#000000	#00000000	#00000000		0.610296	-0.447910	0.624791	-0.462406	0.599683	-0.487512	0.565386	-0.478321	0.560080	-0.498122	0.520477	-0.508732	0.505982	-0.494236	0.531090	-0.469130	0.521901	-0.434833	0.541703	-0.429528	0.547009	-0.409727	0.581305	-0.418918	0.590494	-0.453215
219	#66ccff	#000000	#00000000	#00000000		0.333080	-0.522181	0.327774	-0.541982	0.293477	-0.532792	0.284287	-0.498495	0.264486	-0.503801	0.235495	-0.474810	0.240801	-0.455009	0.275098	-0.464199	0.300204	-0.439091	0.314700	-0.453587	0.334501	-0.448281	0.343691	-0.482578	0.318584	-0.507685
220	#66ccff	#000000	#00000000	#00000000		-0.178969	-0.512344	-0.193463	-0.497847	-0.168353	-0.472742	-0.134057	-0.481935	-0.128749	-0.462134	-0.089145	-0.451526	-0.074651	-0.466023	-0.099761	-0.491128	-0.090574	-0.525426	-0.110376	-0.530730	-0.115684	-0.550531	-0.149980	-0.541338	-0.159167	-0.507040
221	#66ccff	#000000	#00000000	#00000000		-0.445573	-0.546999	-0.465375	-0.552304	-0.474563	-0.518006	-0.449454	-0.492900	-0.463949	-0.478403	-0.453335	-0.438801	-0.433533	-0.433496	-0.424345	-0.467794	-0.390048	-0.476986	-0.395355	-0.496787	-0.380860	-0.511284	-0.405969	-0.536390	-0.440266	-0.527198
222	#66ccff	#000000	#00000000	#00000000		-0.020552	-0.469913	-0.015244	-0.450112	0.019052	-0.459305	0.028238	-0.493603	0.048040	-0.488299	0.077028	-0.517293	0.071720	-0.537094	0.037424	-0.527901	0.012314	-0.553006	-0.002180	-0.538509	-0.021982	-0.543813	-0.031168	-0.509515	-0.006058	-0.484410
