seq_id	start_fill_color	start_stroke_color	done_fill_color	done_stroke_color	footnote	img_width	img_height	px_0	py_0	px_1	py_1	px_2	py_2	px_3	py_3	px_4	py_4	px_5	py_5	px_6	py_6	px_7	py_7	px_8	py_8	px_9	py_9	px_10	py_10	px_11	py_11	px_12	py_12
0	#66ccff	#000000	#00000000	#00000000	Starting tile pattern based on a Tile(10, 1) tiling in a <a href="https://cs.uwaterloo.ca/~csk/hat/examples/animation.gif">looping animated GIF</a> by David Smith, Joseph Samuel Myers, Craig S. Kaplan, and Chaim Goodman-Strauss, used under <a href="http://creativecommons.org/licenses/by/4.0/">CC BY 4.0</a> / This is a recreation of the original rather than a screenshot, and the cropping, colors, and vertical orientation differ slightly from the original.	53.498549	54.701979	19.805169	19.650084	20.432694	17.843553	20.252041	17.780801	20.107369	17.905875	18.856631	16.459156	15.100102	17.178781	14.472576	18.985311	14.653229	19.048064	14.689210	19.235890	16.567475	18.876078	17.818214	20.322797	17.962885	20.197723	17.926904	20.009896
1	#A0A0A0	#000000	#00000000	#00000000		53.498549	54.701979	22.094325	17.233162	20.216060	17.592974	20.252041	17.780801	20.432695	17.843553	19.805169	19.650084	22.306646	22.543521	24.184910	22.183709	24.148929	21.995882	24.293601	21.870808	23.042862	20.424090	23.670388	18.617559	23.489735	18.554807	23.345063	18.679881
2	#ffffff	#000000	#00000000	#00000000		53.498549	54.701979	18.856631	16.459156	20.107370	17.905875	20.252041	17.780801	20.216060	17.592974	22.094325	17.233162	23.349376	13.620100	22.098637	12.173382	21.953965	12.298456	21.773312	12.235703	21.145787	14.042234	19.267522	14.402046	19.303503	14.589873	19.484157	14.652625
3	#ffffff	#000000	#00000000	#00000000		53.498549	54.701979	14.151564	13.987853	13.524038	15.794383	13.704691	15.857136	13.849363	15.732062	15.100102	17.178781	18.856631	16.459156	19.484156	14.652625	19.303503	14.589873	19.267522	14.402046	17.389258	14.761859	16.138519	13.315140	15.993847	13.440214	16.029828	13.628040
4	#66ccff	#000000	#00000000	#00000000		53.498549	54.701979	10.607357	20.017836	11.858096	21.464555	12.002768	21.339481	11.966787	21.151654	13.845051	20.791842	15.100102	17.178780	13.849363	15.732062	13.704691	15.857136	13.524038	15.794383	12.896513	17.600914	11.018248	17.960726	11.054230	18.148553	11.234883	18.211305
5	#006699	#000000	#00000000	#00000000		53.498549	54.701979	16.567475	18.876078	17.818214	20.322796	17.673542	20.447870	17.492889	20.385118	16.865363	22.191649	13.108835	22.911273	11.858096	21.464555	12.002768	21.339481	11.966787	21.151654	13.845051	20.791842	14.472577	18.985311	14.653230	19.048064	14.689211	19.235890
6	#A0A0A0	#000000	#00000000	#00000000		53.498549	54.701979	26.587069	14.394106	25.336331	12.947388	25.191659	13.072462	25.227640	13.260288	23.349376	13.620100	22.094324	17.233162	23.345063	18.679881	23.489735	18.554807	23.670388	18.617559	24.297914	16.811028	26.176178	16.451216	26.140197	16.263390	25.959544	16.200637
7	#66ccff	#000000	#00000000	#00000000		53.498549	54.701979	23.349376	13.620100	25.227640	13.260288	25.191659	13.072462	25.011006	13.009709	25.638531	11.203178	23.137054	8.309741	21.258790	8.669554	21.294771	8.857380	21.150099	8.982454	22.400838	10.429172	21.773312	12.235703	21.953965	12.298456	22.098637	12.173382
8	#006699	#000000	#00000000	#00000000		53.498549	54.701979	19.380526	9.029366	21.258790	8.669553	21.294771	8.857380	21.150099	8.982454	22.400838	10.429172	21.145786	14.042234	19.267522	14.402046	19.231541	14.214220	19.050888	14.151467	19.678414	12.344936	18.427675	10.898218	18.572347	10.773144	18.753000	10.835896
9	#66ccff	#000000	#00000000	#00000000		53.498549	54.701979	17.389257	14.761859	19.267521	14.402048	19.231540	14.214221	19.050887	14.151469	19.678413	12.344938	17.176937	9.451500	15.298673	9.811312	15.334654	9.999138	15.189982	10.124212	16.440720	11.570931	15.813194	13.377461	15.993847	13.440214	16.138519	13.315140
10	#66ccff	#000000	#00000000	#00000000		53.498549	54.701979	14.151564	13.987852	16.029828	13.628040	15.993847	13.440214	15.813194	13.377461	16.440720	11.570931	13.939243	8.677493	12.060979	9.037305	12.096960	9.225131	11.952288	9.350205	13.203026	10.796924	12.575500	12.603455	12.756153	12.666207	12.900825	12.541133
11	#A0A0A0	#000000	#00000000	#00000000		53.498549	54.701979	9.658818	16.826907	10.909556	18.273625	11.054228	18.148552	11.018247	17.960725	12.896511	17.600913	14.151563	13.987852	12.900825	12.541133	12.756153	12.666207	12.575500	12.603455	11.947974	14.409985	10.069709	14.769797	10.105691	14.957623	10.286344	15.020376
12	#ffffff	#000000	#00000000	#00000000		53.498549	54.701979	9.658818	16.826906	7.780554	17.186718	7.816535	17.374544	7.997188	17.437297	7.369662	19.243827	9.871138	22.137265	11.749402	21.777454	11.713421	21.589628	11.858093	21.464554	10.607355	20.017835	11.234881	18.211304	11.054228	18.148551	10.909556	18.273625
13	#ffffff	#000000	#00000000	#00000000		53.498549	54.701979	9.871138	22.137265	9.243611	23.943796	9.424265	24.006549	9.568936	23.881475	10.819674	25.328194	14.576203	24.608571	15.203730	22.802040	15.023077	22.739288	14.987095	22.551461	13.108831	22.911273	11.858093	21.464554	11.713421	21.589628	11.749402	21.777454
14	#66ccff	#000000	#00000000	#00000000		53.498549	54.701979	14.576203	24.608571	15.826941	26.055290	15.971613	25.930216	15.935632	25.742390	17.813896	25.382578	19.068949	21.769517	17.818211	20.322798	17.673539	20.447872	17.492886	20.385119	16.865360	22.191650	14.987096	22.551461	15.023077	22.739288	15.203730	22.802040
15	#A0A0A0	#000000	#00000000	#00000000		53.498549	54.701979	15.524741	27.799499	16.775479	29.246218	16.920151	29.121144	16.884170	28.933318	18.762434	28.573505	20.017486	24.960444	18.766747	23.513725	18.622075	23.638799	18.441422	23.576047	17.813896	25.382577	15.935632	25.742390	15.971613	25.930216	16.152266	25.992969
16	#A0A0A0	#000000	#00000000	#00000000		53.498549	54.701979	20.017485	24.960444	21.895749	24.600633	21.859768	24.412806	21.679115	24.350054	22.306641	22.543523	19.805165	19.650085	17.926901	20.009897	17.962882	20.197723	17.818210	20.322797	19.068948	21.769516	18.441422	23.576047	18.622075	23.638799	18.766747	23.513725
17	#66ccff	#000000	#00000000	#00000000		53.498549	54.701979	22.306642	22.543523	21.679115	24.350054	21.859768	24.412806	22.004440	24.287733	23.255178	25.734452	27.011707	25.014829	27.639233	23.208298	27.458580	23.145546	27.422599	22.957719	25.544335	23.317531	24.293597	21.870812	24.148925	21.995885	24.184906	22.183712
18	#ffffff	#000000	#00000000	#00000000		53.498549	54.701979	20.017485	24.960444	19.389958	26.766975	19.570612	26.829728	19.715283	26.704654	20.966021	28.151373	24.722550	27.431750	25.350077	25.625219	25.169424	25.562467	25.133442	25.374640	23.255178	25.734452	22.004440	24.287733	21.859768	24.412806	21.895749	24.600633
19	#ffffff	#000000	#00000000	#00000000		53.498549	54.701979	24.722550	27.431750	25.973288	28.878469	26.117960	28.753395	26.081979	28.565569	27.960243	28.205757	29.215296	24.592696	27.964558	23.145977	27.819886	23.271051	27.639233	23.208298	27.011707	25.014829	25.133443	25.374640	25.169424	25.562467	25.350077	25.625219
20	#66ccff	#000000	#00000000	#00000000		53.498549	54.701979	27.960244	28.205757	26.081979	28.565569	26.117960	28.753395	26.298613	28.816148	25.671087	30.622678	28.172563	33.516116	30.050828	33.156305	30.014846	32.968478	30.159518	32.843404	28.908780	31.396685	29.536307	29.590155	29.355654	29.527402	29.210982	29.652476
21	#66ccff	#000000	#00000000	#00000000		53.498549	54.701979	29.215296	24.592696	31.093561	24.232885	31.057580	24.045058	30.876926	23.982305	31.504453	22.175775	29.002977	19.282337	27.124712	19.642148	27.160693	19.829975	27.016021	19.955049	28.266759	21.401768	27.639233	23.208298	27.819886	23.271051	27.964558	23.145977
22	#A0A0A0	#000000	#00000000	#00000000		53.498549	54.701979	32.452990	25.366703	31.202252	23.919984	31.057580	24.045058	31.093561	24.232885	29.215296	24.592696	27.960244	28.205757	29.210982	29.652476	29.355654	29.527402	29.536307	29.590155	30.163833	27.783624	32.042098	27.423813	32.006116	27.235986	31.825463	27.173234
23	#66ccff	#000000	#00000000	#00000000		53.498549	54.701979	25.671087	30.622678	26.298613	28.816148	26.117960	28.753395	25.973289	28.878469	24.722551	27.431750	20.966022	28.151372	20.338495	29.957903	20.519148	30.020656	20.555129	30.208482	22.433394	29.848671	23.684132	31.295390	23.828804	31.170316	23.792823	30.982489
24	#006699	#000000	#00000000	#00000000		53.498549	54.701979	22.433394	29.848670	23.684132	31.295388	23.539460	31.420462	23.358807	31.357710	22.731282	33.164241	18.974753	33.883865	17.724014	32.437146	17.868686	32.312073	17.832705	32.124246	19.710969	31.764434	20.338495	29.957903	20.519148	30.020656	20.555129	30.208482
25	#66ccff	#000000	#00000000	#00000000		53.498549	54.701979	16.473276	30.990426	17.724014	32.437145	17.868685	32.312072	17.832704	32.124245	19.710969	31.764434	20.966021	28.151373	19.715283	26.704654	19.570612	26.829728	19.389959	26.766975	18.762432	28.573505	16.884168	28.933317	16.920149	29.121143	17.100802	29.183896
26	#A0A0A0	#000000	#00000000	#00000000		53.498549	54.701979	15.524739	27.799498	13.646475	28.159309	13.682456	28.347136	13.863109	28.409889	13.235582	30.216419	15.737058	33.109857	17.615323	32.750046	17.579342	32.562219	17.724014	32.437145	16.473276	30.990426	17.100802	29.183896	16.920149	29.121143	16.775477	29.246217
27	#A0A0A0	#000000	#00000000	#00000000		53.498549	54.701979	15.524739	27.799498	16.152265	25.992968	15.971612	25.930215	15.826940	26.055289	14.576202	24.608570	10.819673	25.328193	10.192147	27.134723	10.372800	27.197476	10.408781	27.385302	12.287046	27.025491	13.537784	28.472210	13.682456	28.347136	13.646475	28.159309
28	#66ccff	#000000	#00000000	#00000000		53.498549	54.701979	12.287046	27.025490	10.408782	27.385300	10.444763	27.573127	10.625416	27.635879	9.997888	29.442409	12.499363	32.335849	14.377628	31.976038	14.341647	31.788212	14.486319	31.663138	13.235581	30.216419	13.863109	28.409889	13.682456	28.347136	13.537784	28.472210
29	#006699	#000000	#00000000	#00000000		53.498549	54.701979	10.295773	32.757980	8.417508	33.117791	8.381527	32.929964	8.526199	32.804891	7.275462	31.358171	8.530517	27.745110	10.408782	27.385300	10.444763	27.573127	10.625416	27.635879	9.997888	29.442409	11.248626	30.889129	11.103954	31.014203	10.923301	30.951450
30	#A0A0A0	#000000	#00000000	#00000000		53.498549	54.701979	10.819673	25.328192	9.568934	23.881474	9.424262	24.006548	9.460243	24.194374	7.581979	24.554186	6.326928	28.167248	7.577666	29.613967	7.722338	29.488893	7.902991	29.551645	8.530517	27.745114	10.408781	27.385302	10.372800	27.197476	10.192147	27.134723
31	#66ccff	#000000	#00000000	#00000000		53.498549	54.701979	7.581979	24.554186	9.460243	24.194374	9.424262	24.006548	9.243609	23.943795	9.871135	22.137264	7.369658	19.243827	5.491393	19.603640	5.527375	19.791466	5.382703	19.916540	6.633441	21.363259	6.005916	23.169789	6.186569	23.232542	6.331241	23.107468
32	#66ccff	#000000	#00000000	#00000000		53.498549	54.701979	6.326927	28.167249	4.448663	28.527062	4.484644	28.714888	4.665298	28.777641	4.037773	30.584172	6.539251	33.477608	8.417515	33.117795	8.381534	32.929968	8.526206	32.804894	7.275467	31.358176	7.902992	29.551645	7.722338	29.488893	7.577667	29.613967
33	#A0A0A0	#000000	#00000000	#00000000		53.498549	54.701979	3.089234	27.393242	4.339973	28.839961	4.484645	28.714887	4.448664	28.527060	6.326928	28.167248	7.581979	24.554186	6.331241	23.107468	6.186569	23.232542	6.005916	23.169789	5.378390	24.976320	3.500126	25.336132	3.536107	25.523959	3.716760	25.586711
34	#ffffff	#000000	#00000000	#00000000		53.498549	54.701979	3.089233	27.393244	1.210969	27.753057	1.246950	27.940884	1.427604	28.003636	0.800079	29.810167	3.301557	32.703603	5.179821	32.343790	5.143840	32.155964	5.288512	32.030890	4.037773	30.584172	4.665298	28.777641	4.484644	28.714888	4.339973	28.839962
35	#66ccff	#000000	#00000000	#00000000		53.498549	54.701979	-3.904989	27.338866	-4.532514	29.145397	-4.351861	29.208149	-4.207189	29.083075	-2.956450	30.529793	0.800079	29.810167	1.427604	28.003636	1.246950	27.940884	1.210969	27.753057	-0.667295	28.112870	-1.918034	26.666152	-2.062706	26.791226	-2.026725	26.979053
36	#006699	#000000	#00000000	#00000000		53.498549	54.701979	0.063863	31.929599	-0.563662	33.736130	-0.744315	33.673377	-0.780296	33.485551	-2.658560	33.845364	-5.160039	30.951928	-4.532514	29.145397	-4.351861	29.208149	-4.207189	29.083075	-2.956450	30.529793	-1.078186	30.169980	-1.042204	30.357807	-1.186876	30.482881
37	#66ccff	#000000	#00000000	#00000000		53.498549	54.701979	1.012402	35.120526	2.890667	34.760713	2.854685	34.572887	2.674032	34.510134	3.301557	32.703603	0.800079	29.810167	-1.078186	30.169980	-1.042204	30.357807	-1.186876	30.482881	0.063863	31.929599	-0.563662	33.736130	-0.383009	33.798882	-0.238337	33.673808
38	#A0A0A0	#000000	#00000000	#00000000		53.498549	54.701979	-1.615835	24.921943	-2.243359	26.728474	-2.062706	26.791226	-1.918034	26.666152	-0.667295	28.112870	3.089234	27.393243	3.716758	25.586712	3.536105	25.523960	3.500124	25.336133	1.621860	25.695947	0.371120	24.249229	0.226448	24.374303	0.262430	24.562129
39	#66ccff	#000000	#00000000	#00000000		53.498549	54.701979	0.673320	22.505019	0.045795	24.311550	0.226448	24.374303	0.371120	24.249229	1.621860	25.695947	5.378388	24.976320	6.005912	23.169789	5.825259	23.107037	5.789278	22.919210	3.911014	23.279023	2.660274	21.832306	2.515602	21.957380	2.551584	22.145206
40	#006699	#000000	#00000000	#00000000		53.498549	54.701979	6.633437	21.363258	6.005913	23.169789	5.825259	23.107036	5.789278	22.919210	3.911014	23.279024	1.409534	20.385589	2.037058	18.579058	2.217711	18.641811	2.362382	18.516737	3.613123	19.963454	5.491387	19.603640	5.527368	19.791466	5.382696	19.916540
41	#A0A0A0	#000000	#00000000	#00000000		53.498549	54.701979	0.460995	17.194661	-1.417269	17.554474	-1.381288	17.742300	-1.200635	17.805053	-1.828159	19.611584	0.673319	22.505020	2.551584	22.145206	2.515602	21.957380	2.660274	21.832306	1.409535	20.385588	2.037059	18.579057	1.856406	18.516304	1.711734	18.641378
42	#A0A0A0	#000000	#00000000	#00000000		53.498549	54.701979	4.953739	14.355603	3.703000	12.908885	3.558328	13.033959	3.594309	13.221785	1.716045	13.581598	0.460995	17.194660	1.711734	18.641378	1.856406	18.516304	2.037059	18.579057	2.664584	16.772526	4.542848	16.412713	4.506867	16.224886	4.326214	16.162134
43	#66ccff	#000000	#00000000	#00000000		53.498549	54.701979	2.664584	16.772525	2.037058	18.579056	2.217712	18.641808	2.362384	18.516734	3.613122	19.963453	7.369651	19.243829	7.997176	17.437298	7.816523	17.374545	7.780542	17.186719	5.902278	17.546531	4.651539	16.099813	4.506867	16.224886	4.542848	16.412713
44	#A0A0A0	#000000	#00000000	#00000000		53.498549	54.701979	4.953741	14.355603	4.326214	16.162134	4.506867	16.224886	4.651539	16.099813	5.902277	17.546532	9.658806	16.826909	10.286332	15.020378	10.105679	14.957626	10.069698	14.769799	8.191434	15.129611	6.940696	13.682892	6.796024	13.807965	6.832005	13.995792
45	#A0A0A0	#000000	#00000000	#00000000		53.498549	54.701979	4.953741	14.355604	6.832005	13.995792	6.796024	13.807965	6.615371	13.745213	7.242896	11.938682	4.741419	9.045245	2.863155	9.405057	2.899136	9.592884	2.754464	9.717958	4.005203	11.164676	3.377677	12.971207	3.558330	13.033959	3.703002	12.908886
46	#66ccff	#000000	#00000000	#00000000		53.498549	54.701979	7.242896	11.938682	6.615371	13.745213	6.796024	13.807965	6.940696	13.682892	8.191434	15.129610	11.947963	14.409986	12.575489	12.603455	12.394835	12.540702	12.358854	12.352876	10.480590	12.712688	9.229851	11.265970	9.085179	11.391043	9.121161	11.578870
47	#66ccff	#000000	#00000000	#00000000		53.498549	54.701979	1.716047	13.581599	3.594311	13.221786	3.558330	13.033959	3.377677	12.971207	4.005202	11.164676	1.503723	8.271240	-0.374541	8.631053	-0.338560	8.818879	-0.483231	8.943953	0.767508	10.390671	0.139983	12.197202	0.320636	12.259955	0.465308	12.134881
48	#A0A0A0	#000000	#00000000	#00000000		53.498549	54.701979	4.741419	9.045246	5.368946	7.238715	5.188292	7.175963	5.043621	7.301036	3.792883	5.854317	0.036354	6.573940	-0.591173	8.380471	-0.410520	8.443224	-0.374538	8.631050	1.503726	8.271239	2.754464	9.717958	2.899136	9.592884	2.863155	9.405057
49	#A0A0A0	#000000	#00000000	#00000000		53.498549	54.701979	-0.912183	3.383012	-1.539709	5.189543	-1.359056	5.252295	-1.214384	5.127221	0.036354	6.573940	3.792883	5.854317	4.420409	4.047787	4.239756	3.985034	4.203775	3.797208	2.325510	4.157019	1.074772	2.710300	0.930100	2.835374	0.966081	3.023201
50	#66ccff	#000000	#00000000	#00000000		53.498549	54.701979	3.792883	5.854317	5.043621	7.301036	5.188292	7.175963	5.152311	6.988136	7.030576	6.628325	8.285629	3.015264	7.034891	1.568545	6.890219	1.693619	6.709566	1.630866	6.082039	3.437396	4.203775	3.797208	4.239756	3.985034	4.420409	4.047787
51	#ffffff	#000000	#00000000	#00000000		53.498549	54.701979	7.030576	6.628325	5.152311	6.988136	5.188292	7.175963	5.368946	7.238715	4.741419	9.045246	7.242895	11.938684	9.121160	11.578872	9.085179	11.391046	9.229851	11.265972	7.979113	9.819253	8.606639	8.012722	8.425986	7.949970	8.281314	8.075044
52	#ffffff	#000000	#00000000	#00000000		53.498549	54.701979	11.523322	3.789271	10.272584	2.342552	10.127912	2.467626	10.163893	2.655452	8.285629	3.015264	7.030576	6.628325	8.281314	8.075044	8.425986	7.949970	8.606639	8.012723	9.234165	6.206192	11.112430	5.846381	11.076448	5.658554	10.895795	5.595801
53	#006699	#000000	#00000000	#00000000		53.498549	54.701979	13.203014	10.796924	12.575489	12.603455	12.394835	12.540702	12.358854	12.352876	10.480590	12.712688	7.979113	9.819251	8.606638	8.012720	8.787291	8.075473	8.931963	7.950399	10.182702	9.397117	12.060966	9.037305	12.096947	9.225132	11.952276	9.350206
54	#66ccff	#000000	#00000000	#00000000		53.498549	54.701979	9.234165	6.206192	8.606639	8.012723	8.787292	8.075475	8.931964	7.950401	10.182702	9.397121	13.939231	8.677498	14.566757	6.870967	14.386104	6.808215	14.350123	6.620388	12.471858	6.980200	11.221120	5.533480	11.076448	5.658554	11.112430	5.846381
55	#66ccff	#000000	#00000000	#00000000		53.498549	54.701979	11.523322	3.789271	10.895795	5.595802	11.076448	5.658554	11.221120	5.533480	12.471858	6.980200	16.228387	6.260577	16.855914	4.454046	16.675261	4.391293	16.639279	4.203467	14.761015	4.563278	13.510277	3.116559	13.365605	3.241633	13.401586	3.429460
56	#006699	#000000	#00000000	#00000000		53.498549	54.701979	17.483440	2.647515	16.855914	4.454046	16.675261	4.391293	16.639279	4.203467	14.761015	4.563279	12.259538	1.669841	12.887064	-0.136690	13.067718	-0.073937	13.212389	-0.199011	14.463128	1.247708	16.341392	0.887896	16.377374	1.075723	16.232702	1.200797
57	#ffffff	#000000	#00000000	#00000000		53.498549	54.701979	13.939231	8.677498	15.189969	10.124217	15.334641	9.999143	15.298659	9.811316	17.176924	9.451505	18.431977	5.838444	17.181239	4.391725	17.036567	4.516799	16.855914	4.454046	16.228387	6.260577	14.350123	6.620388	14.386104	6.808215	14.566757	6.870967
58	#66ccff	#000000	#00000000	#00000000		53.498549	54.701979	18.431976	5.838445	20.310241	5.478635	20.274260	5.290808	20.093607	5.228056	20.721134	3.421525	18.219660	0.528086	16.341395	0.887896	16.377376	1.075723	16.232704	1.200796	17.483441	2.647516	16.855914	4.454046	17.036567	4.516799	17.181239	4.391725
59	#66ccff	#000000	#00000000	#00000000		53.498549	54.701979	21.669670	6.612451	20.418932	5.165732	20.274260	5.290806	20.310241	5.478633	18.431977	5.838444	17.176924	9.451505	18.427662	10.898224	18.572334	10.773150	18.752987	10.835903	19.380513	9.029372	21.258778	8.669561	21.222796	8.481735	21.042143	8.418982
60	#ffffff	#000000	#00000000	#00000000		53.498549	54.701979	20.721134	3.421525	20.093607	5.228056	20.274260	5.290808	20.418932	5.165735	21.669669	6.612454	25.426199	5.892834	26.053726	4.086304	25.873073	4.023551	25.837092	3.835724	23.958827	4.195535	22.708090	2.748815	22.563418	2.873889	22.599399	3.061715
61	#66ccff	#000000	#00000000	#00000000		53.498549	54.701979	25.426198	5.892834	26.676935	7.339553	26.821607	7.214480	26.785626	7.026653	28.663891	6.666844	29.918946	3.053784	28.668209	1.607064	28.523537	1.732137	28.342884	1.669385	27.715356	3.475914	25.837092	3.835724	25.873073	4.023551	26.053726	4.086304
62	#ffffff	#000000	#00000000	#00000000		53.498549	54.701979	20.508818	-1.888834	18.630553	-1.529023	18.666534	-1.341197	18.847187	-1.278444	18.219660	0.528086	20.721134	3.421525	22.599399	3.061715	22.563418	2.873889	22.708090	2.748815	21.457353	1.302095	22.084880	-0.504435	21.904227	-0.567188	21.759555	-0.442114
63	#006699	#000000	#00000000	#00000000		53.498549	54.701979	27.417472	0.160344	28.668209	1.607064	28.523537	1.732137	28.342884	1.669385	27.715357	3.475915	23.958828	4.195535	22.708090	2.748816	22.852762	2.623742	22.816781	2.435916	24.695046	2.076105	25.322573	0.269575	25.503226	0.332328	25.539207	0.520154
64	#A0A0A0	#000000	#00000000	#00000000		53.498549	54.701979	26.374732	9.083763	27.002260	7.277233	26.821607	7.214480	26.676935	7.339554	25.426198	5.892834	21.669668	6.612454	21.042141	8.418984	21.222794	8.481736	21.258775	8.669563	23.137039	8.309753	24.387776	9.756473	24.532448	9.631399	24.496467	9.443573
65	#A0A0A0	#000000	#00000000	#00000000		53.498549	54.701979	26.587047	14.394122	28.465312	14.034312	28.429331	13.846485	28.248678	13.783733	28.876206	11.977203	26.374732	9.083763	24.496467	9.443573	24.532448	9.631399	24.387776	9.756473	25.638513	11.203193	25.010985	13.009723	25.191638	13.072475	25.336310	12.947402
66	#A0A0A0	#000000	#00000000	#00000000		53.498549	54.701979	26.587047	14.394122	25.959519	16.200652	26.140172	16.263404	26.284844	16.138331	27.535581	17.585051	31.292111	16.865431	31.919639	15.058901	31.738986	14.996148	31.703005	14.808322	29.824740	15.168132	28.574003	13.721412	28.429331	13.846485	28.465312	14.034312
67	#66ccff	#000000	#00000000	#00000000		53.498549	54.701979	24.297889	16.811040	23.670360	18.617570	23.851013	18.680323	23.995685	18.555249	25.246422	20.001970	29.002952	19.282350	29.630480	17.475821	29.449827	17.413068	29.413846	17.225241	27.535581	17.585051	26.284845	16.138331	26.140172	16.263404	26.176153	16.451231
68	#006699	#000000	#00000000	#00000000		53.498549	54.701979	28.266733	21.401780	27.639204	23.208310	27.458551	23.145557	27.422570	22.957731	25.544306	23.317541	23.042832	20.424100	23.670360	18.617570	23.851013	18.680323	23.995685	18.555249	25.246422	20.001970	27.124687	19.642160	27.160668	19.829986	27.015996	19.955060
69	#ffffff	#000000	#00000000	#00000000		53.498549	54.701979	31.504453	22.175775	30.876926	23.982305	31.057579	24.045058	31.202251	23.919984	32.452989	25.366703	36.209518	24.647081	36.837045	22.840550	36.656392	22.777797	36.620410	22.589971	34.742146	22.949782	33.491408	21.503063	33.346736	21.628137	33.382717	21.815964
70	#ffffff	#000000	#00000000	#00000000		53.498549	54.701979	31.292133	16.865416	29.413869	17.225227	29.449850	17.413054	29.630503	17.475807	29.002977	19.282337	31.504453	22.175775	33.382717	21.815964	33.346736	21.628137	33.491408	21.503063	32.240670	20.056344	32.868196	18.249814	32.687543	18.187061	32.542871	18.312135
71	#A0A0A0	#000000	#00000000	#00000000		53.498549	54.701979	31.292133	16.865416	32.542871	18.312135	32.687543	18.187061	32.651562	17.999235	34.529826	17.639423	35.784879	14.026362	34.534141	12.579643	34.389469	12.704717	34.208816	12.641964	33.581290	14.448495	31.703025	14.808306	31.739007	14.996133	31.919660	15.058886
72	#006699	#000000	#00000000	#00000000		53.498549	54.701979	31.816031	9.435626	33.694295	9.075815	33.730277	9.263641	33.585605	9.388715	34.836343	10.835434	33.581290	14.448495	31.703025	14.808306	31.667044	14.620480	31.486391	14.557727	32.113917	12.751197	30.863179	11.304478	31.007851	11.179404	31.188504	11.242157
73	#66ccff	#000000	#00000000	#00000000		53.498549	54.701979	29.824761	15.168119	31.703025	14.808306	31.667044	14.620480	31.486391	14.557727	32.113917	12.751197	29.612439	9.857760	27.734175	10.217572	27.770156	10.405398	27.625484	10.530472	28.876223	11.977191	28.248697	13.783721	28.429350	13.846474	28.574022	13.721400
74	#ffffff	#000000	#00000000	#00000000		53.498549	54.701979	26.374746	9.083753	27.625484	10.530472	27.770156	10.405398	27.734175	10.217572	29.612440	9.857760	30.867492	6.244699	29.616754	4.797980	29.472082	4.923054	29.291429	4.860301	28.663903	6.666832	26.785638	7.026643	26.821620	7.214470	27.002273	7.277223
75	#ffffff	#000000	#00000000	#00000000		53.498549	54.701979	30.867492	6.244699	32.745757	5.884888	32.709776	5.697061	32.529122	5.634309	33.156649	3.827778	30.655173	0.934340	28.776908	1.294152	28.812889	1.481978	28.668218	1.607052	29.918956	3.053771	29.291429	4.860302	29.472082	4.923054	29.616754	4.797980
76	#66ccff	#000000	#00000000	#00000000		53.498549	54.701979	30.655173	0.934340	31.282699	-0.872190	31.102046	-0.934943	30.957374	-0.809869	29.706636	-2.256588	25.950107	-1.536965	25.322581	0.269565	25.503234	0.332318	25.539215	0.520144	27.417480	0.160333	28.668218	1.607052	28.812889	1.481978	28.776908	1.294152
77	#A0A0A0	#000000	#00000000	#00000000		53.498549	54.701979	32.944329	-1.482581	31.066065	-1.122769	31.102046	-0.934943	31.282699	-0.872190	30.655173	0.934340	33.156649	3.827778	35.034913	3.467967	34.998932	3.280140	35.143604	3.155066	33.892866	1.708348	34.520392	-0.098183	34.339739	-0.160936	34.195067	-0.035862
78	#66ccff	#000000	#00000000	#00000000		53.498549	54.701979	33.156649	3.827778	32.529122	5.634309	32.709776	5.697061	32.854448	5.571988	34.105186	7.018707	37.861714	6.299084	38.489241	4.492553	38.308588	4.429801	38.272606	4.241974	36.394342	4.601786	35.143604	3.155066	34.998932	3.280140	35.034913	3.467967
79	#006699	#000000	#00000000	#00000000		53.498549	54.701979	36.394342	4.601786	35.143604	3.155068	35.288275	3.029994	35.468929	3.092746	36.096454	1.286216	39.852983	0.566591	41.103721	2.013310	40.959050	2.138384	40.995031	2.326210	39.116766	2.686022	38.489241	4.492553	38.308588	4.429801	38.272606	4.241974
80	#66ccff	#000000	#00000000	#00000000		53.498549	54.701979	34.105186	7.018707	32.854448	5.571988	32.709776	5.697061	32.745757	5.884888	30.867492	6.244699	29.612440	9.857760	30.863178	11.304479	31.007850	11.179406	31.188502	11.242158	31.816029	9.435628	33.694293	9.075816	33.658312	8.887990	33.477659	8.825237
81	#ffffff	#000000	#00000000	#00000000		53.498549	54.701979	38.810251	9.490012	39.437777	7.683482	39.257124	7.620729	39.112452	7.745803	37.861714	6.299084	34.105185	7.018706	33.477659	8.825237	33.658312	8.887990	33.694293	9.075816	35.572558	8.716005	36.823296	10.162724	36.967968	10.037650	36.931986	9.849824
82	#66ccff	#000000	#00000000	#00000000		53.498549	54.701979	42.354460	3.460030	41.103722	2.013311	40.959050	2.138385	40.995032	2.326211	39.116767	2.686023	37.861714	6.299084	39.112452	7.745803	39.257124	7.620729	39.437777	7.683482	40.065304	5.876951	41.943568	5.517140	41.907587	5.329313	41.726934	5.266560
83	#ffffff	#000000	#00000000	#00000000		53.498549	54.701979	43.302996	6.650959	45.181261	6.291149	45.145280	6.103323	44.964627	6.040570	45.592154	4.234040	43.090680	1.340600	41.212415	1.700411	41.248396	1.888237	41.103724	2.013311	42.354461	3.460031	41.726934	5.266561	41.907587	5.329313	42.052259	5.204240
84	#66ccff	#000000	#00000000	#00000000		53.498549	54.701979	43.302996	6.650960	42.052259	5.204240	41.907587	5.329313	41.943568	5.517140	40.065303	5.876949	38.810247	9.490009	40.060984	10.936729	40.205656	10.811656	40.386309	10.874408	41.013837	9.067879	42.892102	8.708069	42.856121	8.520242	42.675468	8.457490
85	#006699	#000000	#00000000	#00000000		53.498549	54.701979	41.013836	9.067878	42.892101	8.708068	42.928082	8.895894	42.783410	9.020968	44.034147	10.467688	42.779092	14.080748	40.900827	14.440558	40.864847	14.252732	40.684194	14.189979	41.311721	12.383449	40.060984	10.936729	40.205656	10.811656	40.386309	10.874408
86	#66ccff	#000000	#00000000	#00000000		53.498549	54.701979	39.022570	14.800371	40.900835	14.440560	40.864854	14.252733	40.684201	14.189981	41.311727	12.383450	38.810251	9.490012	36.931986	9.849824	36.967968	10.037650	36.823296	10.162724	38.074034	11.609443	37.446507	13.415973	37.627161	13.478726	37.771832	13.353652
87	#66ccff	#000000	#00000000	#00000000		53.498549	54.701979	35.784877	14.026364	37.663142	13.666552	37.627161	13.478726	37.446507	13.415973	38.074034	11.609443	35.572557	8.716005	33.694292	9.075817	33.730274	9.263643	33.585602	9.388717	34.836340	10.835436	34.208814	12.641967	34.389467	12.704719	34.534139	12.579645
88	#ffffff	#000000	#00000000	#00000000		53.498549	54.701979	35.784877	14.026364	35.157351	15.832895	35.338004	15.895647	35.482676	15.770573	36.733414	17.217292	40.489943	16.497669	41.117469	14.691139	40.936816	14.628386	40.900835	14.440560	39.022570	14.800371	37.771832	13.353652	37.627161	13.478726	37.663142	13.666553
89	#66ccff	#000000	#00000000	#00000000		53.498549	54.701979	32.240668	20.056346	33.491406	21.503065	33.636078	21.377991	33.600097	21.190165	35.478361	20.830353	36.733414	17.217292	35.482676	15.770573	35.338004	15.895647	35.157351	15.832894	34.529825	17.639425	32.651560	17.999236	32.687541	18.187063	32.868194	18.249816
90	#006699	#000000	#00000000	#00000000		53.498549	54.701979	38.200785	18.914589	39.451524	20.361307	39.306852	20.486381	39.126199	20.423628	38.498673	22.230159	34.742145	22.949783	33.491406	21.503065	33.636078	21.377991	33.600097	21.190165	35.478361	20.830353	36.105887	19.023822	36.286540	19.086574	36.322521	19.274401
91	#66ccff	#000000	#00000000	#00000000		53.498549	54.701979	36.209519	24.647081	37.460258	26.093799	37.604930	25.968725	37.568948	25.780899	39.447213	25.421087	40.702264	21.808025	39.451525	20.361307	39.306853	20.486380	39.126200	20.423628	38.498675	22.230159	36.620410	22.589971	36.656392	22.777797	36.837045	22.840550
92	#A0A0A0	#000000	#00000000	#00000000		53.498549	54.701979	37.158056	27.838009	37.785583	26.031478	37.604930	25.968725	37.460258	26.093799	36.209520	24.647080	32.452991	25.366703	31.825464	27.173234	32.006118	27.235986	32.042099	27.423813	33.920363	27.064001	35.171101	28.510720	35.315773	28.385647	35.279792	28.197820
93	#66ccff	#000000	#00000000	#00000000		53.498549	54.701979	34.868900	30.254930	35.496426	28.448399	35.315773	28.385647	35.171101	28.510720	33.920363	27.064001	30.163834	27.783624	29.536308	29.590155	29.716961	29.652907	29.752942	29.840734	31.631207	29.480922	32.881945	30.927641	33.026617	30.802568	32.990635	30.614741
94	#006699	#000000	#00000000	#00000000		53.498549	54.701979	28.908782	31.396686	29.536308	29.590155	29.716961	29.652907	29.752942	29.840734	31.631207	29.480922	34.132684	32.374359	33.505158	34.180889	33.324505	34.118137	33.179833	34.243211	31.929095	32.796492	30.050830	33.156305	30.014849	32.968478	30.159521	32.843404
95	#ffffff	#000000	#00000000	#00000000		53.498549	54.701979	35.081219	35.565289	36.959484	35.205477	36.923503	35.017651	36.742850	34.954898	37.370376	33.148368	34.868900	30.254930	32.990635	30.614741	33.026617	30.802568	32.881945	30.927641	34.132683	32.374360	33.505156	34.180891	33.685810	34.243644	33.830481	34.118570
96	#A0A0A0	#000000	#00000000	#00000000		53.498549	54.701979	37.158056	27.838009	35.279792	28.197820	35.315773	28.385647	35.496426	28.448399	34.868900	30.254930	37.370376	33.148368	39.248640	32.788556	39.212659	32.600730	39.357331	32.475656	38.106593	31.028937	38.734119	29.222407	38.553466	29.159654	38.408794	29.284728
97	#A0A0A0	#000000	#00000000	#00000000		53.498549	54.701979	37.158056	27.838009	38.408794	29.284728	38.553466	29.159654	38.517485	28.971827	40.395749	28.612016	41.650802	24.998955	40.400064	23.552236	40.255392	23.677310	40.074739	23.614557	39.447213	25.421088	37.568948	25.780899	37.604929	25.968726	37.785583	26.031478
98	#A0A0A0	#000000	#00000000	#00000000		53.498549	54.701979	41.650802	24.998955	43.529067	24.639143	43.493085	24.451317	43.312432	24.388564	43.939959	22.582034	41.438482	19.688596	39.560218	20.048407	39.596199	20.236234	39.451527	20.361308	40.702265	21.808027	40.074739	23.614557	40.255392	23.677310	40.400064	23.552236
99	#66ccff	#000000	#00000000	#00000000		53.498549	54.701979	41.438482	19.688596	42.066009	17.882065	41.885356	17.819313	41.740684	17.944387	40.489946	16.497668	36.733417	17.217290	36.105890	19.023821	36.286544	19.086574	36.322525	19.274400	38.200789	18.914589	39.451527	20.361308	39.596199	20.236234	39.560218	20.048407
100	#ffffff	#000000	#00000000	#00000000		53.498549	54.701979	40.489946	16.497668	41.740684	17.944387	41.885356	17.819313	41.849374	17.631486	43.727639	17.271675	44.982692	13.658614	43.731954	12.211895	43.587282	12.336969	43.406629	12.274216	42.779102	14.080746	40.900838	14.440558	40.936819	14.628384	41.117472	14.691137
101	#66ccff	#000000	#00000000	#00000000		53.498549	54.701979	44.982692	13.658614	46.860956	13.298802	46.824975	13.110976	46.644322	13.048223	47.271848	11.241693	44.770372	8.348255	42.892108	8.708066	42.928089	8.895893	42.783417	9.020966	44.034155	10.467686	43.406628	12.274216	43.587282	12.336969	43.731954	12.211895
102	#A0A0A0	#000000	#00000000	#00000000		53.498549	54.701979	48.008059	9.122269	48.635587	7.315739	48.454934	7.252986	48.310262	7.378060	47.059525	5.931340	43.302996	6.650960	42.675468	8.457490	42.856121	8.520242	42.892102	8.708069	44.770366	8.348259	46.021103	9.794979	46.165775	9.669905	46.129794	9.482079
103	#66ccff	#000000	#00000000	#00000000		53.498549	54.701979	50.297218	6.705350	50.924746	4.898820	50.744093	4.836068	50.599421	4.961141	49.348684	3.514421	45.592155	4.234040	44.964627	6.040570	45.145280	6.103323	45.181260	6.291149	47.059525	5.931340	48.310262	7.378060	48.454934	7.252986	48.418953	7.065160
104	#006699	#000000	#00000000	#00000000		53.498549	54.701979	46.328374	2.114610	46.955902	0.308081	47.136555	0.370833	47.172536	0.558660	49.050801	0.198850	51.552274	3.092291	50.924746	4.898820	50.744093	4.836068	50.599421	4.961141	49.348684	3.514421	47.470420	3.874231	47.434439	3.686404	47.579111	3.561331
105	#ffffff	#000000	#00000000	#00000000		53.498549	54.701979	48.008060	9.122269	49.258797	10.568989	49.403469	10.443915	49.367488	10.256089	51.245753	9.896279	52.500808	6.283218	51.250070	4.836499	51.105398	4.961572	50.924745	4.898819	50.297218	6.705350	48.418953	7.065160	48.454934	7.252986	48.635587	7.315739
106	#ffffff	#000000	#00000000	#00000000		53.498549	54.701979	52.500807	6.283219	54.379072	5.923409	54.343091	5.735583	54.162438	5.672830	54.789966	3.866300	52.288493	0.972860	50.410228	1.332669	50.446209	1.520496	50.301537	1.645569	51.552273	3.092290	50.924745	4.898819	51.105398	4.961572	51.250070	4.836499
107	#66ccff	#000000	#00000000	#00000000		53.498549	54.701979	51.458067	15.206638	53.336332	14.846829	53.300351	14.659002	53.119698	14.596250	53.747226	12.789720	51.245753	9.896279	49.367488	10.256089	49.403469	10.443915	49.258797	10.568989	50.509534	12.015709	49.882005	13.822239	50.062658	13.884992	50.207330	13.759918
108	#A0A0A0	#000000	#00000000	#00000000		53.498549	54.701979	48.220375	14.432629	50.098639	14.072818	50.062658	13.884992	49.882005	13.822239	50.509533	12.015709	48.008058	9.122270	46.129794	9.482080	46.165775	9.669906	46.021103	9.794980	47.271840	11.241700	46.644312	13.048230	46.824965	13.110983	46.969637	12.985909
109	#006699	#000000	#00000000	#00000000		53.498549	54.701979	53.449340	9.474149	55.327605	9.114338	55.363586	9.302165	55.218914	9.427238	56.469652	10.873958	55.214597	14.487018	53.336332	14.846829	53.300351	14.659002	53.119698	14.596250	53.747225	12.789719	52.496488	11.343000	52.641160	11.217926	52.821813	11.280679
110	#66ccff	#000000	#00000000	#00000000		53.498549	54.701979	55.738500	7.057230	54.487764	5.610510	54.343092	5.735584	54.379073	5.923410	52.500808	6.283220	51.245752	9.896279	52.496488	11.343000	52.641160	11.217926	52.821813	11.280679	53.449341	9.474149	55.327606	9.114339	55.291625	8.926513	55.110972	8.863760
111	#A0A0A0	#000000	#00000000	#00000000		53.498549	54.701979	48.220375	14.432628	47.592847	16.239158	47.773500	16.301911	47.918172	16.176837	49.168909	17.623557	52.925438	16.903937	53.552966	15.097407	53.372313	15.034655	53.336332	14.846828	51.458067	15.206638	50.207330	13.759918	50.062658	13.884992	50.098639	14.072818
112	#A0A0A0	#000000	#00000000	#00000000		53.498549	54.701979	48.220374	14.432628	46.969637	12.985908	46.824965	13.110982	46.860946	13.298808	44.982681	13.658619	43.727626	17.271679	44.978364	18.718399	45.123036	18.593325	45.303689	18.656078	45.931216	16.849548	47.809481	16.489737	47.773500	16.301911	47.592847	16.239158
113	#A0A0A0	#000000	#00000000	#00000000		53.498549	54.701979	43.727627	17.271678	41.849362	17.631488	41.885343	17.819315	42.065996	17.882067	41.438468	19.688597	43.939941	22.582038	45.818206	22.222228	45.782225	22.034402	45.926897	21.909328	44.676160	20.462608	45.303689	18.656078	45.123036	18.593325	44.978364	18.718399
114	#66ccff	#000000	#00000000	#00000000		53.498549	54.701979	49.168909	17.623557	47.918172	16.176837	47.773500	16.301911	47.809481	16.489737	45.931216	16.849547	44.676160	20.462607	45.926897	21.909327	46.071569	21.784253	46.252222	21.847006	46.879750	20.040476	48.758015	19.680666	48.722034	19.492840	48.541381	19.430087
115	#A0A0A0	#000000	#00000000	#00000000		53.498549	54.701979	53.873972	20.094866	54.501500	18.288336	54.320847	18.225584	54.176175	18.350657	52.925438	16.903937	49.168909	17.623557	48.541381	19.430087	48.722034	19.492840	48.758015	19.680666	50.636279	19.320856	51.887016	20.767576	52.031688	20.642503	51.995707	20.454676
116	#A0A0A0	#000000	#00000000	#00000000		53.498549	54.701979	52.925439	16.903938	54.176176	18.350657	54.320848	18.225584	54.284867	18.037757	56.163132	17.677947	57.418187	14.064887	56.167449	12.618167	56.022777	12.743241	55.842124	12.680488	55.214597	14.487018	53.336332	14.846828	53.372313	15.034655	53.552966	15.097407
117	#006699	#000000	#00000000	#00000000		53.498549	54.701979	47.177634	23.356048	45.926897	21.909327	46.071569	21.784253	46.252222	21.847006	46.879751	20.040476	50.636280	19.320857	51.887017	20.767577	51.742345	20.892651	51.778326	21.080477	49.900061	21.440287	49.272533	23.246817	49.091880	23.184064	49.055899	22.996238
118	#66ccff	#000000	#00000000	#00000000		53.498549	54.701979	43.939941	22.582038	43.312413	24.388568	43.493066	24.451320	43.637738	24.326247	44.888475	25.772967	48.645004	25.053348	49.272533	23.246818	49.091880	23.184065	49.055899	22.996239	47.177634	23.356048	45.926897	21.909328	45.782225	22.034402	45.818206	22.222228
119	#66ccff	#000000	#00000000	#00000000		53.498549	54.701979	53.137754	22.214298	51.887017	20.767577	51.742345	20.892651	51.778326	21.080477	49.900061	21.440287	48.645005	25.053347	49.895742	26.500067	50.040414	26.374994	50.221067	26.437746	50.848595	24.631216	52.726860	24.271407	52.690879	24.083580	52.510226	24.020828
120	#A0A0A0	#000000	#00000000	#00000000		53.498549	54.701979	54.086288	25.405226	55.964553	25.045416	55.928572	24.857590	55.747919	24.794837	56.375446	22.988307	53.873972	20.094867	51.995707	20.454678	52.031688	20.642504	51.887016	20.767578	53.137753	22.214298	52.510226	24.020828	52.690879	24.083580	52.835551	23.958507
121	#A0A0A0	#000000	#00000000	#00000000		53.498549	54.701979	54.086288	25.405227	52.835551	23.958507	52.690879	24.083580	52.726860	24.271407	50.848595	24.631217	49.593539	28.244277	50.844276	29.690997	50.988948	29.565923	51.169601	29.628676	51.797129	27.822146	53.675394	27.462336	53.639413	27.274509	53.458760	27.211757
122	#A0A0A0	#000000	#00000000	#00000000		53.498549	54.701979	49.593539	28.244277	47.715274	28.604087	47.751255	28.791913	47.931908	28.854666	47.304381	30.661196	49.805855	33.554636	51.684120	33.194825	51.648139	33.006999	51.792811	32.881925	50.542074	31.435206	51.169601	29.628675	50.988948	29.565923	50.844276	29.690997
123	#ffffff	#000000	#00000000	#00000000		53.498549	54.701979	49.593539	28.244277	50.221067	26.437747	50.040414	26.374994	49.895742	26.500068	48.645005	25.053348	44.888475	25.772968	44.260948	27.579498	44.441600	27.642251	44.477581	27.830077	46.355846	27.470267	47.606583	28.916987	47.751255	28.791913	47.715274	28.604087
124	#ffffff	#000000	#00000000	#00000000		53.498549	54.701979	44.888475	25.772968	43.637738	24.326248	43.493066	24.451322	43.529047	24.639148	41.650782	24.998958	40.395727	28.612019	41.646464	30.058738	41.791136	29.933665	41.971789	29.996418	42.599317	28.189887	44.477581	27.830077	44.441600	27.642251	44.260948	27.579498
125	#66ccff	#000000	#00000000	#00000000		53.498549	54.701979	40.395728	28.612018	38.517463	28.971828	38.553444	29.159654	38.734097	29.222407	38.106569	31.028937	40.608042	33.922377	42.486307	33.562568	42.450326	33.374741	42.594998	33.249668	41.344261	31.802947	41.971789	29.996418	41.791136	29.933665	41.646464	30.058738
126	#66ccff	#000000	#00000000	#00000000		53.498549	54.701979	46.355846	27.470267	44.477582	27.830077	44.513563	28.017903	44.694216	28.080656	44.066687	29.887186	46.568161	32.780626	48.446426	32.420816	48.410445	32.232990	48.555117	32.107916	47.304380	30.661196	47.931908	28.854666	47.751255	28.791913	47.606583	28.916987
127	#006699	#000000	#00000000	#00000000		53.498549	54.701979	44.364573	33.202757	42.486308	33.562567	42.450327	33.374741	42.594999	33.249667	41.344262	31.802947	42.599317	28.189887	44.477582	27.830077	44.513563	28.017903	44.694216	28.080656	44.066688	29.887186	45.317425	31.333906	45.172753	31.458979	44.992100	31.396227
128	#66ccff	#000000	#00000000	#00000000		53.498549	54.701979	42.075413	35.619675	43.326150	37.066395	43.470822	36.941322	43.434841	36.753495	45.313106	36.393686	46.568162	32.780626	45.317425	31.333905	45.172753	31.458979	44.992100	31.396227	44.364572	33.202756	42.486307	33.562566	42.522288	33.750392	42.702941	33.813145
129	#A0A0A0	#000000	#00000000	#00000000		53.498549	54.701979	37.370350	33.148366	36.742822	34.954896	36.923475	35.017649	37.068147	34.892575	38.318884	36.339295	42.075414	35.619675	42.702941	33.813145	42.522288	33.750392	42.486307	33.562566	40.608043	33.922376	39.357306	32.475656	39.212634	32.600730	39.248615	32.788556
130	#66ccff	#000000	#00000000	#00000000		53.498549	54.701979	38.318884	36.339295	37.068147	34.892575	36.923475	35.017649	36.959456	35.205475	35.081191	35.565285	33.826135	39.178345	35.076872	40.625065	35.221544	40.499991	35.402197	40.562744	36.029725	38.756214	37.907990	38.396404	37.872009	38.208578	37.691356	38.145825
131	#ffffff	#000000	#00000000	#00000000		53.498549	54.701979	30.588443	38.404334	31.839179	39.851055	31.983851	39.725981	31.947870	39.538155	33.826135	39.178345	35.081191	35.565285	33.830455	34.118565	33.685783	34.243638	33.505130	34.180885	32.877601	35.987415	30.999337	36.347225	31.035318	36.535052	31.215971	36.597804
132	#66ccff	#000000	#00000000	#00000000		53.498549	54.701979	32.877601	35.987415	33.505129	34.180885	33.324476	34.118133	33.179804	34.243206	31.929067	32.796486	28.172538	33.516106	27.545010	35.322636	27.725663	35.385389	27.761644	35.573215	29.639909	35.213405	30.890646	36.660125	31.035318	36.535052	30.999337	36.347225
133	#ffffff	#000000	#00000000	#00000000		53.498549	54.701979	25.883379	35.933026	27.761644	35.573215	27.725663	35.385389	27.545010	35.322636	28.172537	33.516106	25.671063	30.622667	23.792798	30.982477	23.828779	31.170303	23.684107	31.295377	24.934844	32.742097	24.307317	34.548627	24.487970	34.611380	24.632642	34.486306
134	#66ccff	#000000	#00000000	#00000000		53.498549	54.701979	20.442096	35.581148	21.692834	37.027867	21.837506	36.902794	21.801525	36.714967	23.679790	36.355157	24.934844	32.742097	23.684107	31.295377	23.539435	31.420451	23.358782	31.357698	22.731255	33.164228	20.852990	33.524038	20.888971	33.711865	21.069624	33.774617
135	#A0A0A0	#000000	#00000000	#00000000		53.498549	54.701979	15.737033	33.109838	15.109505	34.916368	15.290158	34.979121	15.434830	34.854047	16.685567	36.300767	20.442096	35.581147	21.069624	33.774617	20.888971	33.711865	20.852990	33.524038	18.974725	33.883848	17.723988	32.437128	17.579316	32.562202	17.615297	32.750028
136	#ffffff	#000000	#00000000	#00000000		53.498549	54.701979	15.737033	33.109838	14.486296	31.663118	14.341624	31.788192	14.377605	31.976018	12.499340	32.335828	11.244284	35.948888	12.495021	37.395608	12.639693	37.270534	12.820346	37.333287	13.447874	35.526757	15.326139	35.166947	15.290158	34.979121	15.109505	34.916368
137	#66ccff	#000000	#00000000	#00000000		53.498549	54.701979	8.006591	35.174877	9.257328	36.621597	9.402000	36.496524	9.366019	36.308697	11.244284	35.948888	12.499340	32.335828	11.248603	30.889108	11.103931	31.014181	10.923278	30.951429	10.295750	32.757958	8.417485	33.117768	8.453466	33.305595	8.634119	33.368347
138	#ffffff	#000000	#00000000	#00000000		53.498549	54.701979	3.301528	32.703568	2.674000	34.510098	2.854653	34.572851	2.999325	34.447777	4.250062	35.894497	8.006591	35.174877	8.634119	33.368347	8.453466	33.305595	8.417485	33.117768	6.539220	33.477578	5.288484	32.030858	5.143812	32.155932	5.179792	32.343758
139	#ffffff	#000000	#00000000	#00000000		53.498549	54.701979	-3.480342	37.959583	-2.229602	39.406302	-2.084930	39.281227	-2.120912	39.093401	-0.242648	38.733588	1.012402	35.120526	-0.238337	33.673808	-0.383009	33.798882	-0.563662	33.736130	-1.191187	35.542661	-3.069451	35.902474	-3.033470	36.090300	-2.852817	36.153053
140	#66ccff	#000000	#00000000	#00000000		53.498549	54.701979	4.250062	35.894498	2.999325	34.447777	2.854653	34.572851	2.890634	34.760677	1.012369	35.120487	-0.242687	38.733547	1.008050	40.180267	1.152722	40.055193	1.333375	40.117946	1.960903	38.311416	3.839168	37.951606	3.803187	37.763780	3.622534	37.701027
141	#A0A0A0	#000000	#00000000	#00000000		53.498549	54.701979	8.955125	38.365806	9.582653	36.559276	9.402000	36.496524	9.257328	36.621597	8.006591	35.174877	4.250062	35.894497	3.622534	37.701027	3.803187	37.763780	3.839168	37.951606	5.717433	37.591796	6.968169	39.038516	7.112841	38.913443	7.076861	38.725616
142	#ffffff	#000000	#00000000	#00000000		53.498549	54.701979	11.244284	35.948887	9.366019	36.308697	9.402000	36.496523	9.582653	36.559276	8.955126	38.365806	11.456600	41.259246	13.334865	40.899435	13.298884	40.711609	13.443556	40.586535	12.192819	39.139816	12.820346	37.333286	12.639693	37.270533	12.495021	37.395606
143	#66ccff	#000000	#00000000	#00000000		53.498549	54.701979	13.447874	35.526757	12.820346	37.333287	13.000999	37.396040	13.145671	37.270966	14.396408	38.717686	18.152937	37.998066	18.780465	36.191536	18.599812	36.128784	18.563831	35.940957	16.685567	36.300767	15.434830	34.854047	15.290158	34.979121	15.326139	35.166947
144	#006699	#000000	#00000000	#00000000		53.498549	54.701979	17.416718	40.117497	16.789190	41.924027	16.608537	41.861274	16.572556	41.673448	14.694291	42.033258	12.192818	39.139817	12.820346	37.333287	13.000999	37.396040	13.145671	37.270966	14.396408	38.717686	16.274672	38.357877	16.310653	38.545703	16.165981	38.670777
145	#ffffff	#000000	#00000000	#00000000		53.498549	54.701979	20.442096	35.581148	18.563831	35.940958	18.599812	36.128784	18.780465	36.191536	18.152937	37.998066	20.654411	40.891506	22.532676	40.531697	22.496695	40.343870	22.641367	40.218797	21.390630	38.772077	22.018158	36.965547	21.837505	36.902794	21.692833	37.027868
146	#66ccff	#000000	#00000000	#00000000		53.498549	54.701979	21.390630	38.772077	22.641368	40.218797	22.786040	40.093723	22.750059	39.905896	24.628323	39.546086	25.883378	35.933026	24.632641	34.486306	24.487969	34.611380	24.307316	34.548627	23.679789	36.355157	21.801524	36.714968	21.837505	36.902794	22.018158	36.965547
147	#006699	#000000	#00000000	#00000000		53.498549	54.701979	27.350750	37.630326	28.601487	39.077046	28.456815	39.202119	28.276162	39.139367	27.648634	40.945897	23.892105	41.665517	22.641368	40.218797	22.786040	40.093723	22.750059	39.905896	24.628323	39.546087	25.255851	37.739557	25.436504	37.802309	25.472485	37.990136
148	#66ccff	#000000	#00000000	#00000000		53.498549	54.701979	30.588442	38.404334	31.215971	36.597804	31.035318	36.535051	30.890646	36.660125	29.639909	35.213405	25.883379	35.933024	25.255851	37.739554	25.436504	37.802307	25.472485	37.990133	27.350750	37.630323	28.601487	39.077044	28.746159	38.951970	28.710178	38.764144
149	#A0A0A0	#000000	#00000000	#00000000		53.498549	54.701979	30.800757	43.714693	32.679021	43.354884	32.643041	43.167057	32.462388	43.104304	33.089916	41.297775	30.588442	38.404334	28.710178	38.764144	28.746159	38.951970	28.601487	39.077044	29.852223	40.523764	29.224695	42.330294	29.405348	42.393047	29.550020	42.267973
150	#66ccff	#000000	#00000000	#00000000		53.498549	54.701979	34.038450	44.488703	35.916715	44.128893	35.880734	43.941067	35.700081	43.878314	36.327608	42.071784	33.826134	39.178344	31.947869	39.538155	31.983850	39.725981	31.839178	39.851055	33.089915	41.297774	32.462388	43.104305	32.643041	43.167057	32.787713	43.041983
151	#006699	#000000	#00000000	#00000000		53.498549	54.701979	36.029723	38.756213	37.907988	38.396402	37.943969	38.584229	37.799297	38.709303	39.050034	40.156022	37.794979	43.769083	35.916715	44.128893	35.880734	43.941067	35.700081	43.878314	36.327608	42.071784	35.076871	40.625064	35.221543	40.499990	35.402196	40.562743
152	#66ccff	#000000	#00000000	#00000000		53.498549	54.701979	39.998567	43.346952	41.876832	42.987142	41.840851	42.799316	41.660198	42.736563	42.287726	40.930033	39.786253	38.036593	37.907988	38.396402	37.943969	38.584229	37.799297	38.709303	39.050034	40.156023	38.422505	41.962553	38.603158	42.025305	38.747830	41.900232
153	#A0A0A0	#000000	#00000000	#00000000		53.498549	54.701979	43.023947	38.810604	43.651475	37.004074	43.470822	36.941322	43.326150	37.066395	42.075413	35.619675	38.318884	36.339295	37.691356	38.145825	37.872009	38.208578	37.907990	38.396404	39.786255	38.036594	41.036991	39.483314	41.181663	39.358241	41.145683	39.170414
154	#ffffff	#000000	#00000000	#00000000		53.498549	54.701979	45.313106	36.393685	43.434841	36.753495	43.470822	36.941322	43.651475	37.004074	43.023948	38.810605	45.525422	41.704044	47.403687	41.344234	47.367706	41.156407	47.512378	41.031334	46.261641	39.584614	46.889168	37.778084	46.708515	37.715331	46.563843	37.840405
155	#ffffff	#000000	#00000000	#00000000		53.498549	54.701979	49.805855	33.554635	48.555119	32.107915	48.410447	32.232989	48.446428	32.420815	46.568163	32.780625	45.313107	36.393684	46.563843	37.840405	46.708515	37.715331	46.889168	37.778084	47.516696	35.971554	49.394961	35.611744	49.358980	35.423918	49.178327	35.361165
156	#66ccff	#000000	#00000000	#00000000		53.498549	54.701979	49.805855	33.554635	49.178327	35.361165	49.358980	35.423918	49.503652	35.298844	50.754390	36.745564	54.510919	36.025943	55.138446	34.219413	54.957793	34.156660	54.921812	33.968834	53.043548	34.328644	51.792810	32.881924	51.648138	33.006998	51.684119	33.194824
157	#66ccff	#000000	#00000000	#00000000		53.498549	54.701979	47.516696	35.971554	46.889169	37.778084	47.069822	37.840837	47.214494	37.715763	48.465230	39.162483	52.221760	38.442863	52.849288	36.636333	52.668635	36.573581	52.632654	36.385754	50.754389	36.745564	49.503652	35.298844	49.358980	35.423918	49.394961	35.611744
158	#006699	#000000	#00000000	#00000000		53.498549	54.701979	51.485542	40.562292	50.858014	42.368822	50.677361	42.306070	50.641380	42.118243	48.763116	42.478054	46.261641	39.584614	46.889169	37.778084	47.069822	37.840837	47.214494	37.715763	48.465231	39.162483	50.343496	38.802673	50.379477	38.990499	50.234805	39.115573
159	#66ccff	#000000	#00000000	#00000000		53.498549	54.701979	52.434075	43.753222	54.312339	43.393412	54.276359	43.205586	54.095706	43.142833	54.723234	41.336303	52.221760	38.442863	50.343496	38.802673	50.379477	38.990499	50.234805	39.115573	51.485541	40.562293	50.858013	42.368823	51.038666	42.431575	51.183338	42.306502
160	#A0A0A0	#000000	#00000000	#00000000		53.498549	54.701979	47.941327	46.592272	49.192065	48.038992	49.336737	47.913919	49.300756	47.726092	51.179020	47.366282	52.434075	43.753222	51.183338	42.306502	51.038666	42.431575	50.858013	42.368823	50.230486	44.175353	48.352221	44.535163	48.388202	44.722990	48.568855	44.785742
161	#66ccff	#000000	#00000000	#00000000		53.498549	54.701979	51.179020	47.366282	49.300756	47.726092	49.336737	47.913919	49.517390	47.976671	48.889862	49.783201	51.391336	52.676641	53.269600	52.316831	53.233619	52.129005	53.378291	52.003931	52.127554	50.557211	52.755082	48.750681	52.574429	48.687929	52.429757	48.813002
162	#ffffff	#000000	#00000000	#00000000		53.498549	54.701979	49.102177	55.093560	50.980441	54.733750	50.944460	54.545924	50.763807	54.483171	51.391335	52.676641	48.889862	49.783201	47.011597	50.143011	47.047578	50.330837	46.902906	50.455911	48.153643	51.902631	47.526115	53.709161	47.706768	53.771914	47.851440	53.646840
163	#ffffff	#000000	#00000000	#00000000		53.498549	54.701979	48.889861	49.783201	49.517390	47.976671	49.336737	47.913918	49.192065	48.038992	47.941328	46.592272	44.184798	47.311891	43.557270	49.118421	43.737923	49.181174	43.773904	49.369000	45.652169	49.009190	46.902906	50.455911	47.047578	50.330837	47.011597	50.143011
164	#A0A0A0	#000000	#00000000	#00000000		53.498549	54.701979	43.236265	44.120962	42.608737	45.927492	42.789390	45.990245	42.934062	45.865171	44.184798	47.311891	47.941328	46.592272	48.568856	44.785742	48.388203	44.722989	48.352222	44.535163	46.473957	44.894973	45.223221	43.448252	45.078549	43.573326	45.114530	43.761152
165	#66ccff	#000000	#00000000	#00000000		53.498549	54.701979	45.525424	41.704044	44.897896	43.510573	45.078549	43.573326	45.223221	43.448252	46.473957	44.894973	50.230487	44.175353	50.858015	42.368824	50.677362	42.306071	50.641381	42.118244	48.763117	42.478054	47.512380	41.031334	47.367708	41.156408	47.403689	41.344234
166	#A0A0A0	#000000	#00000000	#00000000		53.498549	54.701979	43.236265	44.120962	45.114530	43.761153	45.078549	43.573326	44.897896	43.510573	45.525424	41.704044	43.023951	38.810603	41.145686	39.170413	41.181667	39.358239	41.036995	39.483313	42.287731	40.930033	41.660203	42.736563	41.840856	42.799316	41.985528	42.674242
167	#A0A0A0	#000000	#00000000	#00000000		53.498549	54.701979	43.236265	44.120962	41.985528	42.674242	41.840856	42.799316	41.876837	42.987142	39.998572	43.346952	38.743516	46.960011	39.994253	48.406732	40.138925	48.281658	40.319578	48.344411	40.947106	46.537881	42.825371	46.178071	42.789390	45.990245	42.608737	45.927492
168	#66ccff	#000000	#00000000	#00000000		53.498549	54.701979	44.184799	47.311891	42.934062	45.865171	42.789390	45.990245	42.825371	46.178071	40.947106	46.537881	39.692051	50.150941	40.942787	51.597661	41.087460	51.472587	41.268112	51.535340	41.895640	49.728810	43.773905	49.369000	43.737924	49.181174	43.557271	49.118421
169	#006699	#000000	#00000000	#00000000		53.498549	54.701979	42.193525	53.044381	40.942787	51.597661	41.087459	51.472587	41.268112	51.535340	41.895640	49.728810	45.652169	49.009189	46.902907	50.455909	46.758235	50.580983	46.794216	50.768809	44.915951	51.128619	44.288423	52.935149	44.107770	52.872397	44.071789	52.684570
170	#66ccff	#000000	#00000000	#00000000		53.498549	54.701979	48.153642	51.902631	46.902905	50.455911	46.758233	50.580985	46.794214	50.768811	44.915949	51.128622	43.660894	54.741682	44.911632	56.188402	45.056304	56.063328	45.236957	56.126081	45.864484	54.319551	47.742749	53.959740	47.706768	53.771914	47.526115	53.709161
171	#66ccff	#000000	#00000000	#00000000		53.498549	54.701979	38.955832	52.270370	38.328304	54.076900	38.508957	54.139653	38.653629	54.014579	39.904366	55.461299	43.660895	54.741679	44.288423	52.935149	44.107770	52.872397	44.071789	52.684570	42.193525	53.044380	40.942788	51.597660	40.798116	51.722734	40.834097	51.910560
172	#A0A0A0	#000000	#00000000	#00000000		53.498549	54.701979	38.743518	46.960011	36.865253	47.319821	36.901234	47.507647	37.081887	47.570400	36.454359	49.376929	38.955832	52.270370	40.834097	51.910560	40.798116	51.722734	40.942788	51.597660	39.692051	50.150940	40.319579	48.344410	40.138926	48.281657	39.994254	48.406731
173	#ffffff	#000000	#00000000	#00000000		53.498549	54.701979	35.505825	46.186001	36.756562	47.632720	36.901234	47.507647	36.865253	47.319821	38.743518	46.960011	39.998573	43.346951	38.747836	41.900231	38.603164	42.025304	38.422511	41.962552	37.794983	43.769082	35.916719	44.128891	35.952700	44.316718	36.133352	44.379471
174	#ffffff	#000000	#00000000	#00000000		53.498549	54.701979	30.800761	43.714691	30.173233	45.521221	30.353886	45.583974	30.498558	45.458900	31.749295	46.905620	35.505825	46.186001	36.133352	44.379471	35.952700	44.316718	35.916719	44.128891	34.038454	44.488701	32.787717	43.041981	32.643045	43.167055	32.679026	43.354881
175	#A0A0A0	#000000	#00000000	#00000000		53.498549	54.701979	26.308009	46.553744	27.558747	48.000463	27.703419	47.875390	27.667438	47.687563	29.545702	47.327753	30.800757	43.714693	29.550020	42.267973	29.405348	42.393047	29.224695	42.330294	28.597168	44.136824	26.718903	44.496634	26.754884	44.684461	26.935537	44.747213
176	#66ccff	#000000	#00000000	#00000000		53.498549	54.701979	25.359475	43.362814	26.610212	44.809534	26.754884	44.684461	26.718903	44.496634	28.597168	44.136824	29.852223	40.523764	28.601486	39.077045	28.456814	39.202118	28.276161	39.139365	27.648633	40.945895	25.770369	41.305705	25.806350	41.493532	25.987003	41.556284
177	#ffffff	#000000	#00000000	#00000000		53.498549	54.701979	20.654411	40.891505	20.026883	42.698035	20.207536	42.760788	20.352208	42.635714	21.602945	44.082434	25.359475	43.362814	25.987003	41.556284	25.806350	41.493532	25.770369	41.305705	23.892104	41.665515	22.641367	40.218795	22.496695	40.343869	22.532676	40.531695
178	#66ccff	#000000	#00000000	#00000000		53.498549	54.701979	18.365252	43.308425	20.243517	42.948614	20.207536	42.760788	20.026883	42.698035	20.654411	40.891505	18.152936	37.998066	16.274671	38.357876	16.310652	38.545702	16.165980	38.670776	17.416718	40.117496	16.789190	41.924026	16.969843	41.986779	17.114515	41.861705
179	#66ccff	#000000	#00000000	#00000000		53.498549	54.701979	11.456600	41.259245	10.829072	43.065775	11.009725	43.128528	11.154397	43.003454	12.405134	44.450174	16.161663	43.730555	16.789192	41.924025	16.608539	41.861273	16.572558	41.673446	14.694293	42.033256	13.443556	40.586536	13.298884	40.711609	13.334865	40.899435
180	#A0A0A0	#000000	#00000000	#00000000		53.498549	54.701979	9.167441	43.676165	11.045706	43.316354	11.009725	43.128528	10.829072	43.065775	11.456599	41.259245	8.955125	38.365806	7.076860	38.725616	7.112841	38.913442	6.968169	39.038516	8.218906	40.485236	7.591379	42.291766	7.772032	42.354519	7.916704	42.229445
181	#66ccff	#000000	#00000000	#00000000		53.498549	54.701979	5.929748	42.902155	7.808013	42.542345	7.772032	42.354519	7.591379	42.291766	8.218906	40.485236	5.717432	37.591796	3.839167	37.951607	3.875148	38.139433	3.730476	38.264507	4.981213	39.711226	4.353686	41.517757	4.534339	41.580509	4.679011	41.455436
182	#006699	#000000	#00000000	#00000000		53.498549	54.701979	1.960903	38.311416	3.839167	37.951607	3.875148	38.139433	3.730476	38.264507	4.981213	39.711227	3.726157	43.324287	1.847892	43.684096	1.811911	43.496270	1.631258	43.433517	2.258786	41.626988	1.008049	40.180267	1.152721	40.055194	1.333374	40.117946
183	#ffffff	#000000	#00000000	#00000000		53.498549	54.701979	1.437000	45.741206	2.687738	47.187926	2.832410	47.062852	2.796429	46.875026	4.674693	46.515216	5.929748	42.902155	4.679011	41.455436	4.534339	41.580509	4.353686	41.517757	3.726159	43.324287	1.847894	43.684097	1.883875	43.871923	2.064528	43.934676
184	#A0A0A0	#000000	#00000000	#00000000		53.498549	54.701979	9.167441	43.676165	7.916704	42.229445	7.772032	42.354519	7.808013	42.542345	5.929748	42.902155	4.674692	46.515214	5.925429	47.961935	6.070101	47.836861	6.250754	47.899614	6.878282	46.093084	8.756547	45.733274	8.720566	45.545448	8.539913	45.482695
185	#A0A0A0	#000000	#00000000	#00000000		53.498549	54.701979	9.167440	43.676165	8.539913	45.482695	8.720566	45.545448	8.865238	45.420374	10.115975	46.867094	13.872504	46.147473	14.500032	44.340943	14.319379	44.278190	14.283398	44.090364	12.405133	44.450174	11.154396	43.003454	11.009724	43.128528	11.045705	43.316354
186	#A0A0A0	#000000	#00000000	#00000000		53.498549	54.701979	13.872504	46.147473	15.123241	47.594193	15.267913	47.469119	15.231932	47.281293	17.110197	46.921483	18.365252	43.308423	17.114515	41.861703	16.969843	41.986777	16.789190	41.924024	16.161662	43.730554	14.283398	44.090364	14.319379	44.278190	14.500032	44.340943
187	#A0A0A0	#000000	#00000000	#00000000		53.498549	54.701979	21.602945	44.082433	20.352208	42.635713	20.207536	42.760786	20.243517	42.948613	18.365252	43.308423	17.110197	46.921483	18.360934	48.368203	18.505606	48.243129	18.686259	48.305882	19.313786	46.499352	21.192051	46.139542	21.156070	45.951716	20.975417	45.888963
188	#A0A0A0	#000000	#00000000	#00000000		53.498549	54.701979	26.308009	46.553741	26.935536	44.747211	26.754883	44.684458	26.610211	44.809532	25.359474	43.362812	21.602945	44.082433	20.975417	45.888963	21.156070	45.951716	21.192051	46.139542	23.070316	45.779732	24.321053	47.226451	24.465725	47.101378	24.429744	46.913551
189	#A0A0A0	#000000	#00000000	#00000000		53.498549	54.701979	26.308010	46.553743	24.429745	46.913553	24.465726	47.101379	24.646379	47.164132	24.018851	48.970662	26.520324	51.864102	28.398589	51.504293	28.362608	51.316466	28.507280	51.191393	27.256543	49.744672	27.884072	47.938142	27.703419	47.875390	27.558747	48.000463
190	#66ccff	#000000	#00000000	#00000000		53.498549	54.701979	27.256544	49.744673	28.507282	51.191392	28.651954	51.066319	28.615973	50.878492	30.494237	50.518682	31.749292	46.905622	30.498555	45.458902	30.353883	45.583976	30.173230	45.521223	29.545702	47.327753	27.667438	47.687563	27.703419	47.875390	27.884072	47.938142
191	#66ccff	#000000	#00000000	#00000000		53.498549	54.701979	36.454359	49.376929	37.081887	47.570400	36.901234	47.507647	36.756562	47.632720	35.505825	46.186001	31.749295	46.905620	31.121767	48.712150	31.302420	48.774903	31.338401	48.962729	33.216666	48.602920	34.467403	50.049639	34.612075	49.924566	34.576094	49.736739
192	#006699	#000000	#00000000	#00000000		53.498549	54.701979	33.216666	48.602920	34.467403	50.049639	34.322731	50.174713	34.142078	50.111960	33.514550	51.918490	29.758020	52.638110	28.507283	51.191390	28.651955	51.066317	28.615974	50.878490	30.494239	50.518680	31.121767	48.712150	31.302420	48.774903	31.338401	48.962729
193	#A0A0A0	#000000	#00000000	#00000000		53.498549	54.701979	26.520324	51.864102	25.892796	53.670632	26.073449	53.733385	26.218121	53.608311	27.468858	55.055032	31.225387	54.335412	31.852916	52.528882	31.672263	52.466130	31.636282	52.278303	29.758017	52.638113	28.507280	51.191393	28.362608	51.316466	28.398589	51.504293
194	#66ccff	#000000	#00000000	#00000000		53.498549	54.701979	31.225388	54.335412	32.476125	55.782132	32.620797	55.657059	32.584816	55.469232	34.463080	55.109422	35.718136	51.496362	34.467399	50.049642	34.322727	50.174716	34.142074	50.111963	33.514546	51.918493	31.636281	52.278303	31.672263	52.466130	31.852916	52.528882
195	#ffffff	#000000	#00000000	#00000000		53.498549	54.701979	36.666673	54.687289	38.544938	54.327479	38.508957	54.139653	38.328304	54.076900	38.955832	52.270370	36.454359	49.376930	34.576094	49.736739	34.612075	49.924566	34.467403	50.049639	35.718139	51.496360	35.090611	53.302890	35.271264	53.365642	35.415936	53.240569
196	#ffffff	#000000	#00000000	#00000000		53.498549	54.701979	32.173922	57.526341	33.424659	58.973061	33.569331	58.847988	33.533350	58.660161	35.411614	58.300351	36.666670	54.687291	35.415933	53.240571	35.271261	53.365645	35.090608	53.302892	34.463080	55.109422	32.584815	55.469232	32.620797	55.657059	32.801450	55.719811
197	#66ccff	#000000	#00000000	#00000000		53.498549	54.701979	56.096399	55.147949	56.723927	53.341419	56.543274	53.278667	56.398602	53.403740	55.147864	51.957020	51.391335	52.676641	50.763807	54.483171	50.944460	54.545924	50.980441	54.733750	52.858706	54.373940	54.109443	55.820660	54.254115	55.695586	54.218134	55.507760
198	#ffffff	#000000	#00000000	#00000000		53.498549	54.701979	24.231165	54.281022	26.109430	53.921211	26.073449	53.733385	25.892796	53.670632	26.520324	51.864102	24.018849	48.970663	22.140584	49.330473	22.176565	49.518299	22.031893	49.643373	23.282631	51.090093	22.655103	52.896623	22.835756	52.959376	22.980428	52.834302
199	#66ccff	#000000	#00000000	#00000000		53.498549	54.701979	24.018852	48.970662	24.646379	47.164132	24.465726	47.101379	24.321054	47.226453	23.070317	45.779733	19.313787	46.499354	18.686260	48.305884	18.866913	48.368637	18.902894	48.556463	20.781159	48.196653	22.031896	49.643373	22.176568	49.518299	22.140587	49.330473
200	#006699	#000000	#00000000	#00000000		53.498549	54.701979	18.058732	50.112414	18.686260	48.305884	18.866913	48.368637	18.902894	48.556463	20.781159	48.196653	23.282632	51.090093	22.655105	52.896623	22.474452	52.833871	22.329780	52.958944	21.079043	51.512224	19.200778	51.872034	19.164797	51.684208	19.309469	51.559134
201	#66ccff	#000000	#00000000	#00000000		53.498549	54.701979	17.110196	46.921483	15.231932	47.281293	15.267913	47.469120	15.448566	47.531873	14.821038	49.338403	17.322513	52.231842	19.200777	51.872032	19.164796	51.684205	19.309468	51.559132	18.058731	50.112412	18.686259	48.305882	18.505606	48.243129	18.360934	48.368203
202	#66ccff	#000000	#00000000	#00000000		53.498549	54.701979	22.027576	54.703153	22.655104	52.896623	22.474451	52.833870	22.329780	52.958944	21.079043	51.512224	17.322513	52.231843	16.694985	54.038373	16.875638	54.101126	16.911619	54.288952	18.789884	53.929143	20.040620	55.375863	20.185292	55.250789	20.149311	55.062963
203	#ffffff	#000000	#00000000	#00000000		53.498549	54.701979	15.033354	54.648763	16.911619	54.288952	16.875638	54.101126	16.694985	54.038373	17.322512	52.231843	14.821038	49.338404	12.942773	49.698214	12.978754	49.886040	12.834082	50.011114	14.084819	51.457834	13.457292	53.264364	13.637945	53.327117	13.782617	53.202043
204	#ffffff	#000000	#00000000	#00000000		53.498549	54.701979	14.821038	49.338404	15.448566	47.531874	15.267913	47.469121	15.123241	47.594195	13.872504	46.147475	10.115974	46.867095	9.488446	48.673625	9.669099	48.736378	9.705080	48.924204	11.583345	48.564394	12.834082	50.011114	12.978754	49.886040	12.942773	49.698214
205	#66ccff	#000000	#00000000	#00000000		53.498549	54.701979	10.115974	46.867095	8.865237	45.420375	8.720565	45.545449	8.756546	45.733275	6.878281	46.093085	5.623226	49.706146	6.873963	51.152865	7.018635	51.027792	7.199288	51.090544	7.826816	49.284014	9.705080	48.924204	9.669099	48.736378	9.488446	48.673625
206	#006699	#000000	#00000000	#00000000		53.498549	54.701979	8.124700	52.599585	6.873963	51.152865	7.018635	51.027791	7.199288	51.090544	7.826816	49.284014	11.583345	48.564393	12.834082	50.011113	12.689410	50.136187	12.725391	50.324013	10.847127	50.683824	10.219599	52.490354	10.038946	52.427601	10.002965	52.239775
207	#66ccff	#000000	#00000000	#00000000		53.498549	54.701979	14.084819	51.457834	12.834082	50.011114	12.689410	50.136188	12.725391	50.324014	10.847126	50.683824	9.592071	54.296885	10.842809	55.743604	10.987481	55.618531	11.168134	55.681283	11.795661	53.874753	13.673926	53.514943	13.637945	53.327117	13.457292	53.264364
208	#66ccff	#000000	#00000000	#00000000		53.498549	54.701979	4.887008	51.825575	4.259480	53.632104	4.440133	53.694857	4.584805	53.569784	5.835542	55.016503	9.592071	54.296884	10.219599	52.490354	10.038946	52.427601	10.002965	52.239775	8.124701	52.599585	6.873964	51.152865	6.729292	51.277938	6.765273	51.465765
209	#A0A0A0	#000000	#00000000	#00000000		53.498549	54.701979	4.674693	46.515215	2.796429	46.875025	2.832410	47.062851	3.013063	47.125604	2.385534	48.932134	4.887008	51.825574	6.765273	51.465765	6.729292	51.277938	6.873964	51.152865	5.623227	49.706144	6.250755	47.899614	6.070102	47.836862	5.925430	47.961935
210	#ffffff	#000000	#00000000	#00000000		53.498549	54.701979	2.597849	54.242493	4.476113	53.882683	4.440133	53.694857	4.259480	53.632104	4.887008	51.825574	2.385534	48.932134	0.507269	49.291943	0.543250	49.479770	0.398578	49.604843	1.649315	51.051564	1.021787	52.858094	1.202440	52.920846	1.347112	52.795773
211	#66ccff	#000000	#00000000	#00000000		53.498549	54.701979	2.385535	48.932134	3.013063	47.125604	2.832410	47.062851	2.687738	47.187925	1.437000	45.741205	-2.319529	46.460826	-2.947057	48.267356	-2.766404	48.330109	-2.730423	48.517935	-0.852158	48.158125	0.398579	49.604845	0.543251	49.479771	0.507270	49.291945
212	#ffffff	#000000	#00000000	#00000000		53.498549	54.701979	-3.268064	43.269898	-3.895591	45.076428	-3.714938	45.139181	-3.570266	45.014107	-2.319529	46.460827	1.437000	45.741206	2.064528	43.934676	1.883875	43.871923	1.847894	43.684097	-0.030371	44.043907	-1.281108	42.597188	-1.425780	42.722261	-1.389799	42.910088
213	#66ccff	#000000	#00000000	#00000000		53.498549	54.701979	-0.030372	44.043908	1.847893	43.684098	1.811912	43.496272	1.631259	43.433519	2.258788	41.626989	-0.242686	38.733549	-2.120951	39.093358	-2.084970	39.281185	-2.229642	39.406258	-0.978905	40.852979	-1.606433	42.659509	-1.425780	42.722261	-1.281108	42.597188
214	#006699	#000000	#00000000	#00000000		53.498549	54.701979	6.082038	3.437396	4.203773	3.797206	4.167792	3.609380	4.312464	3.484306	3.061727	2.037586	4.316782	-1.575474	6.195047	-1.935284	6.231028	-1.747458	6.411681	-1.684705	5.784153	0.121825	7.034891	1.568545	6.890219	1.693619	6.709566	1.630866
215	#66ccff	#000000	#00000000	#00000000		53.498549	54.701979	8.073309	-2.295096	6.195045	-1.935284	6.231026	-1.747458	6.411679	-1.684705	5.784153	0.121826	8.285629	3.015264	10.163893	2.655452	10.127912	2.467626	10.272584	2.342552	9.021846	0.895833	9.649372	-0.910698	9.468719	-0.973450	9.324047	-0.848376
216	#A0A0A0	#000000	#00000000	#00000000		53.498549	54.701979	11.311002	-1.521088	9.432738	-1.161277	9.468719	-0.973450	9.649372	-0.910697	9.021846	0.895833	11.523322	3.789271	13.401586	3.429460	13.365605	3.241633	13.510277	3.116559	12.259539	1.669840	12.887065	-0.136690	12.706412	-0.199443	12.561740	-0.074369
217	#ffffff	#000000	#00000000	#00000000		53.498549	54.701979	43.090680	1.340601	43.718208	-0.465929	43.537555	-0.528682	43.392883	-0.403608	42.142146	-1.850328	38.385616	-1.130708	37.758089	0.675822	37.938742	0.738574	37.974722	0.926401	39.852987	0.566591	41.103724	2.013311	41.248396	1.888237	41.212415	1.700411
218	#66ccff	#000000	#00000000	#00000000		53.498549	54.701979	45.379840	-1.076319	43.501576	-0.716509	43.537557	-0.528683	43.718210	-0.465930	43.090681	1.340600	45.592155	4.234040	47.470420	3.874231	47.434439	3.686404	47.579111	3.561331	46.328374	2.114610	46.955902	0.308081	46.775249	0.245328	46.630577	0.370401
219	#66ccff	#000000	#00000000	#00000000		53.498549	54.701979	52.288493	0.972860	52.916021	-0.833670	52.735368	-0.896423	52.590696	-0.771349	51.339959	-2.218070	47.583429	-1.498450	46.955901	0.308079	47.136554	0.370832	47.172535	0.558659	49.050800	0.198849	50.301537	1.645569	50.446209	1.520496	50.410228	1.332669
220	#66ccff	#000000	#00000000	#00000000		53.498549	54.701979	38.385608	-1.130708	37.134869	-2.577426	36.990197	-2.452352	37.026178	-2.264525	35.147914	-1.904712	33.892864	1.708350	35.143604	3.155068	35.288275	3.029994	35.468929	3.092746	36.096453	1.286215	37.974718	0.926402	37.938736	0.738576	37.758083	0.675823
221	#66ccff	#000000	#00000000	#00000000		53.498549	54.701979	13.514591	-1.943220	12.887064	-0.136690	13.067718	-0.073937	13.212389	-0.199011	14.463128	1.247708	18.219656	0.528085	18.847183	-1.278445	18.666530	-1.341198	18.630548	-1.529024	16.752284	-1.169213	15.501546	-2.615932	15.356874	-2.490858	15.392855	-2.303032
222	#66ccff	#000000	#00000000	#00000000		53.498549	54.701979	2.113194	-1.153343	0.234929	-0.793534	0.270910	-0.605707	0.451563	-0.542954	-0.175965	1.263575	2.325509	4.157016	4.203773	3.797206	4.167792	3.609380	4.312464	3.484306	3.061728	2.037586	3.689256	0.231056	3.508603	0.168303	3.363931	0.293377
223	#66ccff	#000000	#00000000	#00000000		53.498549	54.701979	21.457353	1.302095	22.708090	2.748815	22.852762	2.623741	22.816781	2.435915	24.695046	2.076105	25.950101	-1.536956	24.699363	-2.983675	24.554691	-2.858602	24.374038	-2.921354	23.746511	-1.114824	21.868246	-0.755014	21.904227	-0.567188	22.084880	-0.504435
224	#ffffff	#000000	#00000000	#00000000		53.498549	54.701979	55.671770	44.527233	54.421033	43.080513	54.276361	43.205586	54.312342	43.393413	52.434077	43.753222	51.179021	47.366282	52.429758	48.813003	52.574429	48.687929	52.755082	48.750681	53.382610	46.944152	55.260875	46.584342	55.224894	46.396516	55.044241	46.333763
225	#006699	#000000	#00000000	#00000000		53.498549	54.701979	52.127555	50.557211	52.755083	48.750681	52.935736	48.813434	52.971717	49.001260	54.849982	48.641451	57.351455	51.534891	56.723927	53.341421	56.543274	53.278668	56.398602	53.403742	55.147865	51.957022	53.269600	52.316831	53.233619	52.129005	53.378291	52.003931
226	#ffffff	#000000	#00000000	#00000000		53.498549	54.701979	54.510919	36.025944	52.632654	36.385754	52.668635	36.573581	52.849288	36.636333	52.221760	38.442863	54.723234	41.336303	56.601498	40.976493	56.565517	40.788667	56.710189	40.663593	55.459453	39.216873	56.086980	37.410344	55.906327	37.347591	55.761655	37.472664
227	#006699	#000000	#00000000	#00000000		53.498549	54.701979	53.043548	34.328644	51.792810	32.881924	51.937482	32.756851	52.118135	32.819603	52.745663	31.013073	56.502192	30.293452	57.752929	31.740172	57.608257	31.865246	57.644238	32.053072	55.765974	32.412883	55.138446	34.219413	54.957793	34.156660	54.921812	33.968834
228	#66ccff	#000000	#00000000	#00000000		53.498549	54.701979	55.034822	28.596155	53.784084	27.149435	53.639412	27.274509	53.675393	27.462335	51.797129	27.822145	50.542074	31.435206	51.792811	32.881925	51.937483	32.756852	52.118136	32.819604	52.745663	31.013074	54.623928	30.653264	54.587947	30.465438	54.407294	30.402685
229	#A0A0A0	#000000	#00000000	#00000000		53.498549	54.701979	55.738500	7.057229	57.616765	6.697418	57.580784	6.509592	57.400131	6.446839	58.027658	4.640309	55.526184	1.746870	53.647919	2.106680	53.683900	2.294507	53.539228	2.419580	54.789965	3.866300	54.162438	5.672830	54.343091	5.735583	54.487763	5.610509
230	#66ccff	#000000	#00000000	#00000000		53.498549	54.701979	54.723234	41.336303	54.095706	43.142833	54.276359	43.205586	54.421031	43.080512	55.671767	44.527233	59.428297	43.807613	60.055825	42.001084	59.875172	41.938331	59.839191	41.750504	57.960926	42.110314	56.710190	40.663594	56.565518	40.788667	56.601499	40.976494
231	#006699	#000000	#00000000	#00000000		53.498549	54.701979	-0.852158	48.158125	0.398579	49.604845	0.253907	49.729918	0.073254	49.667166	-0.554273	51.473696	-4.310802	52.193317	-5.561540	50.746597	-5.416868	50.621523	-5.452849	50.433697	-3.574584	50.073886	-2.947057	48.267356	-2.766404	48.330109	-2.730423	48.517935
232	#ffffff	#000000	#00000000	#00000000		53.498549	54.701979	-1.894899	57.081543	-0.644161	58.528263	-0.499489	58.403189	-0.535470	58.215363	1.342794	57.855553	2.597849	54.242492	1.347112	52.795773	1.202440	52.920846	1.021787	52.858094	0.394259	54.664624	-1.484005	55.024434	-1.448024	55.212260	-1.267371	55.275013
233	#66ccff	#000000	#00000000	#00000000		53.498549	54.701979	-2.843431	53.890615	-1.592694	55.337335	-1.448022	55.212261	-1.484003	55.024435	0.394262	54.664625	1.649317	51.051564	0.398579	49.604845	0.253907	49.729918	0.073254	49.667166	-0.554273	51.473696	-2.432538	51.833506	-2.396557	52.021332	-2.215904	52.084085
234	#66ccff	#000000	#00000000	#00000000		53.498549	54.701979	5.835542	55.016503	4.584805	53.569784	4.440133	53.694857	4.476114	53.882684	2.597849	54.242493	1.342793	57.855553	2.593530	59.302273	2.738202	59.177200	2.918855	59.239952	3.546383	57.433422	5.424648	57.073613	5.388667	56.885786	5.208014	56.823033
235	#ffffff	#000000	#00000000	#00000000		53.498549	54.701979	10.540605	57.487813	11.168133	55.681283	10.987480	55.618530	10.842808	55.743604	9.592071	54.296884	5.835542	55.016503	5.208014	56.823033	5.388667	56.885786	5.424648	57.073613	7.302913	56.713803	8.553650	58.160523	8.698322	58.035449	8.662341	57.847623
236	#ffffff	#000000	#00000000	#00000000		53.498549	54.701979	19.738417	57.120073	20.989155	58.566792	21.133827	58.441719	21.097846	58.253892	22.976111	57.894082	24.231165	54.281022	22.980428	52.834302	22.835756	52.959376	22.655103	52.896623	22.027576	54.703153	20.149311	55.062963	20.185292	55.250790	20.365945	55.313543
237	#A0A0A0	#000000	#00000000	#00000000		53.498549	54.701979	32.173921	57.526341	32.801449	55.719811	32.620796	55.657059	32.476124	55.782132	31.225387	54.335412	27.468858	55.055032	26.841330	56.861561	27.021983	56.924314	27.057964	57.112140	28.936228	56.752331	30.186965	58.199051	30.331637	58.073977	30.295656	57.886151
238	#66ccff	#000000	#00000000	#00000000		53.498549	54.701979	27.468858	55.055032	26.218121	53.608311	26.073449	53.733385	26.109430	53.921211	24.231165	54.281021	22.976109	57.894081	24.226845	59.340801	24.371517	59.215727	24.552170	59.278480	25.179699	57.471950	27.057964	57.112140	27.021983	56.924314	26.841330	56.861561
239	#66ccff	#000000	#00000000	#00000000		53.498549	54.701979	39.904366	55.461299	38.653629	54.014579	38.508957	54.139653	38.544938	54.327479	36.666673	54.687289	35.411618	58.300349	36.662355	59.747069	36.807027	59.621995	36.987680	59.684748	37.615207	57.878218	39.493472	57.518408	39.457491	57.330582	39.276838	57.267829
240	#ffffff	#000000	#00000000	#00000000		53.498549	54.701979	44.609429	57.932608	45.236957	56.126078	45.056304	56.063326	44.911632	56.188399	43.660895	54.741679	39.904366	55.461299	39.276838	57.267829	39.457491	57.330582	39.493472	57.518408	41.371737	57.158598	42.622474	58.605318	42.767146	58.480245	42.731165	58.292418
241	#66ccff	#000000	#00000000	#00000000		53.498549	54.701979	49.102177	55.093560	47.851440	53.646840	47.706768	53.771914	47.742749	53.959740	45.864484	54.319550	44.609428	57.932610	45.860165	59.379330	46.004837	59.254256	46.185490	59.317009	46.813018	57.510479	48.691283	57.150669	48.655302	56.962843	48.474649	56.900090
242	#A0A0A0	#000000	#00000000	#00000000		53.498549	54.701979	53.807241	57.564870	54.434768	55.758340	54.254115	55.695587	54.109443	55.820661	52.858707	54.373941	49.102177	55.093560	48.474649	56.900090	48.655302	56.962843	48.691283	57.150669	50.569548	56.790860	51.820285	58.237580	51.964957	58.112506	51.928976	57.924680
243	#66ccff	#000000	#00000000	#00000000		53.498549	54.701979	15.033354	54.648763	13.782617	53.202043	13.637945	53.327117	13.673926	53.514943	11.795661	53.874753	10.540606	57.487814	11.791344	58.934533	11.936016	58.809460	12.116669	58.872212	12.744196	57.065682	14.622461	56.705872	14.586480	56.518046	14.405827	56.455293
244	#A0A0A0	#000000	#00000000	#00000000		53.498549	54.701979	-2.776699	16.420656	-1.525960	17.867374	-1.381288	17.742300	-1.417269	17.554473	0.460995	17.194660	1.716045	13.581598	0.465306	12.134880	0.320634	12.259954	0.139981	12.197202	-0.487544	14.003733	-2.365808	14.363546	-2.329827	14.551372	-2.149174	14.614125
245	#006699	#000000	#00000000	#00000000		53.498549	54.701979	-2.252805	8.990866	-0.374541	8.631053	-0.338560	8.818879	-0.483231	8.943953	0.767508	10.390671	-0.487541	14.003733	-2.365806	14.363546	-2.401787	14.175720	-2.582440	14.112968	-1.954915	12.306436	-3.205655	10.859719	-3.060983	10.734645	-2.880330	10.797397
246	#66ccff	#000000	#00000000	#00000000		53.498549	54.701979	0.036353	6.573940	-1.214385	5.127221	-1.359057	5.252295	-1.323076	5.440122	-3.201340	5.799933	-4.456392	9.412995	-3.205654	10.859713	-3.060982	10.734640	-2.880329	10.797392	-2.252803	8.990862	-0.374538	8.631050	-0.410520	8.443224	-0.591173	8.380471
247	#A0A0A0	#000000	#00000000	#00000000		53.498549	54.701979	-1.124499	-1.927353	-3.002764	-1.567543	-2.966783	-1.379717	-2.786130	-1.316964	-3.413657	0.489566	-0.912183	3.383006	0.966082	3.023195	0.930101	2.835369	1.074773	2.710295	-0.175964	1.263576	0.451563	-0.542955	0.270910	-0.605707	0.126238	-0.480633
248	#66ccff	#000000	#00000000	#00000000		53.498549	54.701979	57.418184	14.064888	59.296449	13.705078	59.260468	13.517252	59.079815	13.454499	59.707343	11.647969	57.205870	8.754529	55.327605	9.114338	55.363586	9.302165	55.218914	9.427238	56.469651	10.873959	55.842123	12.680488	56.022776	12.743241	56.167448	12.618168
249	#A0A0A0	#000000	#00000000	#00000000		53.498549	54.701979	52.288491	0.972860	53.539228	2.419580	53.683900	2.294506	53.647919	2.106680	55.526184	1.746870	56.781239	-1.866190	55.530502	-3.312910	55.385830	-3.187836	55.205177	-3.250589	54.577649	-1.444059	52.699385	-1.084249	52.735366	-0.896422	52.916019	-0.833670
250	#A0A0A0	#000000	#00000000	#00000000		53.498549	54.701979	-1.615835	24.921943	0.262430	24.562130	0.226448	24.374303	0.045795	24.311551	0.673320	22.505020	-1.828159	19.611584	-3.706424	19.971397	-3.670442	20.159224	-3.815114	20.284298	-2.564375	21.731015	-3.191899	23.537547	-3.011246	23.600299	-2.866574	23.475225
251	#A0A0A0	#000000	#00000000	#00000000		53.498549	54.701979	19.738418	57.120073	20.365945	55.313543	20.185292	55.250790	20.040620	55.375863	18.789883	53.929144	15.033353	54.648765	14.405826	56.455295	14.586479	56.518047	14.622460	56.705874	16.500724	56.346063	17.751462	57.792783	17.896134	57.667710	17.860153	57.479883
252	#66ccff	#000000	#00000000	#00000000		53.498549	54.701979	58.087674	49.415460	58.715202	47.608931	58.534549	47.546178	58.389877	47.671251	57.139140	46.224532	53.382611	46.944151	52.755083	48.750681	52.935736	48.813434	52.971717	49.001260	54.849981	48.641450	56.100718	50.088170	56.245390	49.963097	56.209409	49.775270
