seq_id	start_fill_color	start_stroke_color	done_fill_color	done_stroke_color	footnote	img_width	img_height	px_0	py_0	px_1	py_1	px_2	py_2	px_3	py_3	px_4	py_4	px_5	py_5	px_6	py_6	px_7	py_7	px_8	py_8	px_9	py_9	px_10	py_10	px_11	py_11	px_12	py_12
0	#66ccff	#000000	#00000000	#00000000	Starting tile pattern based on a 'turtle' tiling in a <a href="https://cs.uwaterloo.ca/~csk/hat/examples/animation.gif">looping animated GIF</a> by David Smith, Joseph Samuel Myers, Craig S. Kaplan, and Chaim Goodman-Strauss, used under <a href="http://creativecommons.org/licenses/by/4.0/">CC BY 4.0</a> / This is a recreation of the original rather than a screenshot, and the cropping, colors, and vertical orientation differ slightly from the original.	53.498549	54.701979	20.174751	19.778489	20.949752	18.441654	20.177930	17.994207	19.404518	18.438901	18.634285	17.099313	15.543817	17.093807	14.768816	18.430642	15.540638	18.878089	15.539049	19.770230	17.084282	19.772983	17.854515	21.112571	18.627927	20.667878	18.629516	19.775736
1	#A0A0A0	#000000	#00000000	#00000000		53.498549	54.701979	21.724752	17.104818	20.179518	17.102065	20.177929	17.994206	20.949751	18.441654	20.174751	19.778489	21.715216	22.457665	23.260449	22.460418	23.262038	21.568277	24.035450	21.123583	23.265218	19.783995	24.040219	18.447160	23.268396	17.999712	22.494984	18.444406
2	#ffffff	#000000	#00000000	#00000000		53.498549	54.701979	18.634283	17.099312	19.404516	18.438900	20.177928	17.994207	20.179517	17.102065	21.724752	17.104818	23.274753	14.431148	22.504521	13.091559	21.731109	13.536253	20.959286	13.088807	20.184285	14.425642	18.639052	14.422889	18.637462	15.315030	19.409284	15.762477
3	#ffffff	#000000	#00000000	#00000000		53.498549	54.701979	14.003352	14.414631	13.228351	15.751466	14.000173	16.198913	14.773585	15.754219	15.543818	17.093807	18.634285	17.099313	19.409286	15.762477	18.637464	15.315031	18.639053	14.422889	17.093820	14.420136	16.323587	13.080548	15.550175	13.525242	15.548586	14.417384
4	#66ccff	#000000	#00000000	#00000000		53.498549	54.701979	10.903347	19.761972	11.673580	21.101560	12.446992	20.656866	12.448581	19.764725	13.993815	19.767477	15.543817	17.093807	14.773585	15.754219	14.000173	16.198913	13.228351	15.751466	12.453350	17.088301	10.908115	17.085548	10.906526	17.977690	11.678348	18.425136
5	#006699	#000000	#00000000	#00000000		53.498549	54.701979	17.084283	19.772983	17.854516	21.112571	17.081104	21.557265	16.309282	21.109818	15.534281	22.446654	12.443814	22.441148	11.673581	21.101560	12.446993	20.656866	12.448582	19.764724	13.993815	19.767477	14.768816	18.430642	15.540638	18.878089	15.539049	19.770230
6	#A0A0A0	#000000	#00000000	#00000000		53.498549	54.701979	26.365223	14.436653	25.594990	13.097065	24.821578	13.541759	24.819989	14.433900	23.274754	14.431147	21.724752	17.104818	22.494984	18.444406	23.268396	17.999712	24.040219	18.447159	24.815220	17.110324	26.360454	17.113076	26.362044	16.220935	25.590221	15.773488
7	#66ccff	#000000	#00000000	#00000000		53.498549	54.701979	23.274755	14.431147	24.819989	14.433900	24.821578	13.541759	24.049756	13.094312	24.824757	11.757477	23.284291	9.078301	21.739058	9.075547	21.737469	9.967689	20.964057	10.412383	21.734289	11.751971	20.959288	13.088806	21.731110	13.536253	22.504522	13.091559
8	#006699	#000000	#00000000	#00000000		53.498549	54.701979	20.193825	9.072794	21.739059	9.075547	21.737469	9.967689	20.964057	10.412383	21.734289	11.751971	20.184288	14.425641	18.639053	14.422889	18.640643	13.530747	17.868820	13.083300	18.643822	11.746465	17.873589	10.406877	18.647001	9.962183	19.418823	10.409630
9	#66ccff	#000000	#00000000	#00000000		53.498549	54.701979	17.093819	14.420137	18.639053	14.422890	18.640642	13.530749	17.868820	13.083301	18.643821	11.746466	17.103357	9.067289	15.558123	9.064535	15.556534	9.956676	14.783122	10.401370	15.553354	11.740958	14.778353	13.077794	15.550175	13.525241	16.323587	13.080548
10	#66ccff	#000000	#00000000	#00000000		53.498549	54.701979	14.003351	14.414629	15.548585	14.417383	15.550174	13.525241	14.778353	13.077794	15.553354	11.740958	14.012889	9.061782	12.467655	9.059028	12.466066	9.951170	11.692654	10.395863	12.462886	11.735452	11.687885	13.072287	12.459707	13.519735	13.233119	13.075041
11	#A0A0A0	#000000	#00000000	#00000000		53.498549	54.701979	9.362881	17.082791	10.133113	18.422379	10.906525	17.977685	10.908114	17.085544	12.453348	17.088298	14.003351	14.414628	13.233119	13.075041	12.459707	13.519735	11.687886	13.072287	10.912884	14.409121	9.367650	14.406367	9.366061	15.298509	10.137883	15.745957
12	#ffffff	#000000	#00000000	#00000000		53.498549	54.701979	9.362881	17.082791	7.817647	17.080037	7.816058	17.972179	8.587880	18.419626	7.812879	19.756461	9.353343	22.435639	10.898577	22.438393	10.900166	21.546251	11.673578	21.101557	10.903346	19.761969	11.678348	18.425134	10.906525	17.977686	10.133113	18.422379
13	#ffffff	#000000	#00000000	#00000000		53.498549	54.701979	9.353343	22.435639	8.578342	23.772473	9.350163	24.219921	10.123575	23.775227	10.893807	25.114816	13.984275	25.120323	14.759276	23.783489	13.987454	23.336041	13.989044	22.443900	12.443810	22.441146	11.673578	21.101557	10.900166	21.546251	10.898577	22.438393
14	#66ccff	#000000	#00000000	#00000000		53.498549	54.701979	13.984275	25.120323	14.754507	26.459912	15.527919	26.015218	15.529508	25.123076	17.074742	25.125830	18.624745	22.452160	17.854513	21.112572	17.081101	21.557266	16.309280	21.109818	15.534278	22.446652	13.989045	22.443899	13.987455	23.336040	14.759277	23.783488
15	#A0A0A0	#000000	#00000000	#00000000		53.498549	54.701979	15.524739	27.799500	16.294972	29.139088	17.068384	28.694394	17.069974	27.802253	18.615207	27.805006	20.165209	25.131335	19.394976	23.791747	18.621564	24.236441	17.849742	23.788994	17.074740	25.125830	15.529507	25.123077	15.527919	26.015218	16.299741	26.462664
16	#A0A0A0	#000000	#00000000	#00000000		53.498549	54.701979	20.165208	25.131335	21.710442	25.134089	21.712031	24.241948	20.940209	23.794500	21.715210	22.457665	20.174746	19.778487	18.629512	19.775734	18.627923	20.667875	17.854511	21.112569	18.624743	22.452157	17.849741	23.788993	18.621564	24.236440	19.394976	23.791747
17	#66ccff	#000000	#00000000	#00000000		53.498549	54.701979	21.715211	22.457666	20.940209	23.794500	21.712031	24.241948	22.485443	23.797254	23.255676	25.136842	26.346144	25.142349	27.121145	23.805513	26.349323	23.358066	26.350912	22.465924	24.805679	22.463171	24.035446	21.123583	23.262034	21.568277	23.260444	22.460419
18	#ffffff	#000000	#00000000	#00000000		53.498549	54.701979	20.165208	25.131335	19.390207	26.468171	20.162029	26.915618	20.935441	26.470924	21.705673	27.810513	24.796141	27.816019	25.571142	26.479184	24.799320	26.031736	24.800909	25.139595	23.255676	25.136841	22.485444	23.797253	21.712031	24.241948	21.710442	25.134089
19	#ffffff	#000000	#00000000	#00000000		53.498549	54.701979	24.796141	27.816019	25.566374	29.155607	26.339786	28.710914	26.341375	27.818772	27.886609	27.821525	29.436612	25.147855	28.666379	23.808266	27.892967	24.252960	27.121144	23.805513	26.346143	25.142348	24.800909	25.139595	24.799320	26.031736	25.571142	26.479184
20	#66ccff	#000000	#00000000	#00000000		53.498549	54.701979	27.886609	27.821525	26.341375	27.818772	26.339786	28.710914	27.111608	29.158360	26.336607	30.495196	27.877073	33.174372	29.422306	33.177125	29.423895	32.284983	30.197307	31.840289	29.427074	30.500701	30.202076	29.163866	29.430254	28.716419	28.656842	29.161113
21	#66ccff	#000000	#00000000	#00000000		53.498549	54.701979	29.436611	25.147855	30.981844	25.150609	30.983434	24.258467	30.211611	23.811020	30.986613	22.474184	29.446148	19.795007	27.900915	19.792253	27.899325	20.684394	27.125913	21.129088	27.896145	22.468677	27.121144	23.805512	27.892966	24.252959	28.666379	23.808266
22	#A0A0A0	#000000	#00000000	#00000000		53.498549	54.701979	32.527077	25.153363	31.756845	23.813774	30.983433	24.258468	30.981844	25.150610	29.436611	25.147855	27.886607	27.821525	28.656839	29.161113	29.430251	28.716419	30.202072	29.163867	30.977074	27.827032	32.522308	27.829786	32.523897	26.937645	31.752075	26.490197
23	#66ccff	#000000	#00000000	#00000000		53.498549	54.701979	26.336606	30.495195	27.111608	29.158360	26.339786	28.710913	25.566374	29.155607	24.796141	27.816018	21.705673	27.810512	20.930672	29.147347	21.702494	29.594795	21.700905	30.486936	23.246138	30.489689	24.016371	31.829277	24.789783	31.384583	24.791372	30.492442
24	#006699	#000000	#00000000	#00000000		53.498549	54.701979	23.246138	30.489689	24.016371	31.829277	23.242959	32.273971	22.471137	31.826524	21.696135	33.163360	18.605668	33.157854	17.835435	31.818266	18.608847	31.373572	18.610436	30.481430	20.155670	30.484183	20.930671	29.147348	21.702493	29.594795	21.700905	30.486936
25	#66ccff	#000000	#00000000	#00000000		53.498549	54.701979	17.065203	30.478675	17.835435	31.818263	18.608847	31.373569	18.610436	30.481428	20.155670	30.484182	21.705673	27.810512	20.935441	26.470924	20.162029	26.915618	19.390208	26.468170	18.615206	27.805005	17.069972	27.802251	17.068383	28.694392	17.840205	29.141840
26	#A0A0A0	#000000	#00000000	#00000000		53.498549	54.701979	15.524739	27.799498	13.979505	27.796744	13.977916	28.688886	14.749738	29.136333	13.974736	30.473168	15.515200	33.152345	17.060434	33.155099	17.062023	32.262958	17.835435	31.818264	17.065203	30.478675	17.840205	29.141840	17.068383	28.694392	16.294971	29.139086
27	#A0A0A0	#000000	#00000000	#00000000		53.498549	54.701979	15.524739	27.799498	16.299741	26.462664	15.527919	26.015216	14.754507	26.459910	13.984275	25.120321	10.893808	25.114814	10.118806	26.451648	10.890628	26.899096	10.889038	27.791237	12.434272	27.793991	13.204504	29.133579	13.977916	28.688886	13.979505	27.796744
28	#66ccff	#000000	#00000000	#00000000		53.498549	54.701979	12.434272	27.793989	10.889039	27.791234	10.887448	28.683375	11.659270	29.130823	10.884267	30.467658	12.424730	33.146836	13.969964	33.149590	13.971554	32.257450	14.744966	31.812756	13.974735	30.473167	14.749737	29.136332	13.977916	28.688886	13.204504	29.133579
29	#006699	#000000	#00000000	#00000000		53.498549	54.701979	9.334262	33.141327	7.789029	33.138572	7.790619	32.246431	8.564031	31.801738	7.793800	30.462149	9.343805	27.788480	10.889039	27.791234	10.887448	28.683375	11.659270	29.130823	10.884267	30.467658	11.654499	31.807247	10.881086	32.251940	10.109265	31.804492
30	#A0A0A0	#000000	#00000000	#00000000		53.498549	54.701979	10.893807	25.114814	10.123574	23.775226	9.350162	24.219920	9.348573	25.112061	7.803339	25.109308	6.253337	27.782978	7.023570	29.122567	7.796982	28.677873	8.568804	29.125319	9.343806	27.788484	10.889039	27.791237	10.890628	26.899096	10.118806	26.451649
31	#66ccff	#000000	#00000000	#00000000		53.498549	54.701979	7.803339	25.109308	9.348573	25.112061	9.350162	24.219920	8.578340	23.772473	9.353341	22.435638	7.812875	19.756461	6.267642	19.753708	6.266053	20.645850	5.492641	21.090544	6.262873	22.430132	5.487872	23.766967	6.259694	24.214414	7.033106	23.769720
32	#66ccff	#000000	#00000000	#00000000		53.498549	54.701979	6.253337	27.782979	4.708103	27.780228	4.706513	28.672369	5.478336	29.119816	4.703335	30.456652	6.243802	33.135828	7.789036	33.138580	7.790625	32.246438	8.564037	31.801743	7.793803	30.462155	8.568804	29.125320	7.796982	28.677873	7.023570	29.122567
33	#A0A0A0	#000000	#00000000	#00000000		53.498549	54.701979	3.162869	27.777473	3.933102	29.117061	4.706514	28.672367	4.708103	27.780226	6.253336	27.782979	7.803339	25.109308	7.033106	23.769720	6.259694	24.214414	5.487872	23.766967	4.712871	25.103802	3.167637	25.101049	3.166048	25.993191	3.937870	26.440638
34	#ffffff	#000000	#00000000	#00000000		53.498549	54.701979	3.162868	27.777476	1.617634	27.774724	1.616044	28.666865	2.387867	29.114312	1.612866	30.451148	3.153333	33.130324	4.698567	33.133076	4.700156	32.240934	5.473568	31.796240	4.703334	30.456652	5.478335	29.119816	4.706513	28.672369	3.933101	29.117064
35	#66ccff	#000000	#00000000	#00000000		53.498549	54.701979	-3.018069	27.766468	-3.793070	29.103304	-3.021247	29.550751	-2.247836	29.106056	-1.477602	30.445644	1.612866	30.451148	2.387867	29.114312	1.616044	28.666865	1.617633	27.774724	0.072399	27.771972	-0.697835	26.432384	-1.471247	26.877079	-1.472835	27.769220
36	#006699	#000000	#00000000	#00000000		53.498549	54.701979	0.062866	33.124820	-0.712135	34.461656	-1.483957	34.014209	-1.482368	33.122068	-3.027602	33.119316	-4.568070	30.440140	-3.793070	29.103304	-3.021247	29.550751	-2.247836	29.106056	-1.477602	30.445644	0.067632	30.448396	0.066044	31.340537	-0.707368	31.785232
37	#66ccff	#000000	#00000000	#00000000		53.498549	54.701979	1.603330	35.803995	3.148564	35.806747	3.150154	34.914606	2.378332	34.467159	3.153332	33.130324	1.612866	30.451148	0.067632	30.448396	0.066043	31.340537	-0.707369	31.785232	0.062864	33.124820	-0.712137	34.461655	0.059686	34.909102	0.833097	34.464407
38	#A0A0A0	#000000	#00000000	#00000000		53.498549	54.701979	-1.468070	25.092797	-2.243070	26.429633	-1.471248	26.877079	-0.697835	26.432384	0.072399	27.771972	3.162866	27.777476	3.937866	26.440640	3.166044	25.993194	3.167633	25.101052	1.622399	25.098300	0.852165	23.758713	0.078753	24.203407	0.077164	25.095549
39	#66ccff	#000000	#00000000	#00000000		53.498549	54.701979	0.081930	22.419125	-0.693070	23.755961	0.078752	24.203408	0.852165	23.758713	1.622399	25.098300	4.712866	25.103805	5.487866	23.766969	4.716044	23.319522	4.717632	22.427381	3.172398	22.424629	2.402165	21.085041	1.628753	21.529736	1.627164	22.421877
40	#006699	#000000	#00000000	#00000000		53.498549	54.701979	6.262865	22.430134	5.487865	23.766970	4.716043	23.319523	4.717632	22.427381	3.172398	22.424630	1.631930	19.745455	2.406930	18.408619	3.178752	18.856066	3.952163	18.411371	4.722397	19.750959	6.267631	19.753710	6.266042	20.645852	5.492631	21.090546
41	#A0A0A0	#000000	#00000000	#00000000		53.498549	54.701979	0.091463	17.066277	-1.453771	17.063525	-1.455359	17.955667	-0.683537	18.403113	-1.458537	19.739949	0.081930	22.419125	1.627164	22.421877	1.628753	21.529736	2.402165	21.085041	1.631931	19.745453	2.406931	18.408617	1.635109	17.961170	0.861697	18.405865
42	#A0A0A0	#000000	#00000000	#00000000		53.498549	54.701979	4.731933	14.398109	3.961699	13.058521	3.188287	13.503216	3.186698	14.395357	1.641464	14.392605	0.091463	17.066276	0.861697	18.405864	1.635109	17.961170	2.406931	18.408617	3.181931	17.071781	4.727165	17.074533	4.728755	16.182392	3.956933	15.734945
43	#66ccff	#000000	#00000000	#00000000		53.498549	54.701979	3.181932	17.071780	2.406931	18.408615	3.178753	18.856062	3.952165	18.411368	4.722398	19.750956	7.812865	19.756462	8.587867	18.419627	7.816045	17.972180	7.817634	17.080039	6.272401	17.077286	5.502168	15.737698	4.728756	16.182391	4.727165	17.074533
44	#A0A0A0	#000000	#00000000	#00000000		53.498549	54.701979	4.731935	14.398107	3.956934	15.734943	4.728756	16.182390	5.502168	15.737698	6.272400	17.077286	9.362868	17.082792	10.137869	15.745957	9.366046	15.298510	9.367636	14.406368	7.822402	14.403614	7.052170	13.064026	6.278758	13.508720	6.277169	14.400861
45	#A0A0A0	#000000	#00000000	#00000000		53.498549	54.701979	4.731935	14.398108	6.277169	14.400861	6.278758	13.508720	5.506936	13.061273	6.281937	11.724438	4.741472	9.045262	3.196238	9.042509	3.194649	9.934650	2.421237	10.379344	3.191470	11.718932	2.416468	13.055767	3.188291	13.503214	3.961703	13.058520
46	#66ccff	#000000	#00000000	#00000000		53.498549	54.701979	6.281938	11.724439	5.506936	13.061273	6.278758	13.508721	7.052170	13.064027	7.822403	14.403615	10.912871	14.409122	11.687873	13.072286	10.916050	12.624839	10.917639	11.732697	9.372406	11.729944	8.602173	10.390356	7.828761	10.835050	7.827172	11.727192
47	#66ccff	#000000	#00000000	#00000000		53.498549	54.701979	1.641468	14.392603	3.186702	14.395355	3.188291	13.503214	2.416468	13.055767	3.191469	11.718931	1.651002	9.039755	0.105768	9.037004	0.104179	9.929145	-0.669233	10.373840	0.101001	11.713428	-0.674000	13.050264	0.097823	13.497710	0.871234	13.053015
48	#A0A0A0	#000000	#00000000	#00000000		53.498549	54.701979	4.741472	9.045263	5.516473	7.708427	4.744651	7.260980	3.971239	7.705674	3.201007	6.366085	0.110539	6.360579	-0.664463	7.697414	0.107360	8.144861	0.105771	9.037003	1.651004	9.039757	2.421236	10.379345	3.194649	9.934650	3.196238	9.042509
49	#A0A0A0	#000000	#00000000	#00000000		53.498549	54.701979	-1.429925	3.681402	-2.204927	5.018237	-1.433104	5.465685	-0.659692	5.020991	0.110540	6.360579	3.201007	6.366085	3.976008	5.029250	3.204186	4.581802	3.205775	3.689661	1.660542	3.686908	0.890310	2.347320	0.116898	2.792014	0.115308	3.684155
50	#66ccff	#000000	#00000000	#00000000		53.498549	54.701979	3.201007	6.366085	3.971240	7.705673	4.744652	7.260980	4.746241	6.368838	6.291474	6.371591	7.841477	3.697920	7.071244	2.358332	6.297832	2.803026	5.526010	2.355579	4.751008	3.692414	3.205775	3.689661	3.204186	4.581802	3.976008	5.029250
51	#ffffff	#000000	#00000000	#00000000		53.498549	54.701979	6.291474	6.371591	4.746241	6.368838	4.744652	7.260980	5.516474	7.708426	4.741472	9.045261	6.281938	11.724438	7.827172	11.727191	7.828761	10.835049	8.602173	10.390355	7.831940	9.050767	8.606941	7.713932	7.835119	7.266485	7.061707	7.711179
52	#ffffff	#000000	#00000000	#00000000		53.498549	54.701979	10.931946	3.703426	10.161713	2.363838	9.388301	2.808532	9.386711	3.700673	7.841477	3.697920	6.291475	6.371591	7.061707	7.711179	7.835119	7.266485	8.606941	7.713932	9.381943	6.377097	10.927177	6.379849	10.928767	5.487708	10.156944	5.040261
53	#006699	#000000	#00000000	#00000000		53.498549	54.701979	12.462874	11.735450	11.687872	13.072286	10.916050	12.624839	10.917639	11.732697	9.372406	11.729944	7.831940	9.050768	8.606942	7.713933	9.378764	8.161380	10.152176	7.716686	10.922409	9.056274	12.467642	9.059027	12.466053	9.951168	11.692641	10.395862
54	#66ccff	#000000	#00000000	#00000000		53.498549	54.701979	9.381944	6.377097	8.606941	7.713932	9.378764	8.161380	10.152176	7.716686	10.922409	9.056274	14.012877	9.061780	14.787878	7.724945	14.016056	7.277498	14.017645	6.385356	12.472412	6.382603	11.702179	5.043015	10.928767	5.487709	10.927177	6.379850
55	#66ccff	#000000	#00000000	#00000000		53.498549	54.701979	10.931946	3.703425	10.156945	5.040260	10.928767	5.487708	11.702179	5.043015	12.472411	6.382603	15.562879	6.388110	16.337880	5.051275	15.566057	4.603827	15.567647	3.711686	14.022413	3.708932	13.252181	2.369344	12.478769	2.814037	12.477180	3.706179
56	#006699	#000000	#00000000	#00000000		53.498549	54.701979	17.112880	3.714440	16.337879	5.051275	15.566057	4.603827	15.567647	3.711686	14.022413	3.708932	12.481948	1.029755	13.256950	-0.307080	14.028772	0.140368	14.802184	-0.304326	15.572416	1.035262	17.117650	1.038016	17.116060	1.930157	16.342648	2.374851
57	#ffffff	#000000	#00000000	#00000000		53.498549	54.701979	14.012877	9.061781	14.783110	10.401369	15.556522	9.956676	15.558111	9.064534	17.103345	9.067287	18.653347	6.393617	17.883114	5.054028	17.109703	5.498722	16.337880	5.051275	15.562879	6.388110	14.017645	6.385357	14.016056	7.277498	14.787878	7.724946
58	#66ccff	#000000	#00000000	#00000000		53.498549	54.701979	18.653346	6.393617	20.198580	6.396371	20.200170	5.504229	19.428347	5.056782	20.203348	3.719946	18.662883	1.040770	17.117650	1.038016	17.116060	1.930157	16.342648	2.374851	17.112880	3.714440	16.337879	5.051275	17.109703	5.498722	17.883114	5.054028
59	#66ccff	#000000	#00000000	#00000000		53.498549	54.701979	21.743815	6.399122	20.973582	5.059534	20.200170	5.504228	20.198581	6.396370	18.653347	6.393617	17.103345	9.067287	17.873577	10.406875	18.646989	9.962181	19.418812	10.409629	20.193813	9.072794	21.739047	9.075547	21.740636	8.183405	20.968814	7.735958
60	#ffffff	#000000	#00000000	#00000000		53.498549	54.701979	20.203349	3.719947	19.428347	5.056782	20.200170	5.504229	20.973581	5.059535	21.743814	6.399123	24.834282	6.404630	25.609284	5.067795	24.837461	4.620347	24.839050	3.728206	23.293817	3.725453	22.523584	2.385865	21.750172	2.830559	21.748583	3.722700
61	#66ccff	#000000	#00000000	#00000000		53.498549	54.701979	24.834282	6.404629	25.604515	7.744217	26.377927	7.299523	26.379516	6.407382	27.924750	6.410135	29.474752	3.736465	28.704519	2.396877	27.931107	2.841570	27.159284	2.394124	26.384283	3.730959	24.839050	3.728206	24.837461	4.620347	25.609283	5.067794
62	#ffffff	#000000	#00000000	#00000000		53.498549	54.701979	20.212886	-1.632900	18.667652	-1.635653	18.666063	-0.743511	19.437885	-0.296065	18.662884	1.040771	20.203349	3.719947	21.748583	3.722700	21.750172	2.830559	22.523584	2.385865	21.753351	1.046277	22.528353	-0.290559	21.756530	-0.738005	20.983118	-0.293312
63	#006699	#000000	#00000000	#00000000		53.498549	54.701979	27.934285	1.057287	28.704519	2.396875	27.931107	2.841569	27.159284	2.394124	26.384284	3.730960	23.293817	3.725455	22.523583	2.385867	23.296995	1.941172	23.298584	1.049031	24.843818	1.051783	25.618818	-0.285053	26.390641	0.162393	26.389051	1.054535
64	#A0A0A0	#000000	#00000000	#00000000		53.498549	54.701979	26.374749	9.083805	27.149750	7.746970	26.377928	7.299523	25.604516	7.744217	24.834282	6.404629	21.743814	6.399123	20.968813	7.735959	21.740635	8.183405	21.739046	9.075547	23.284280	9.078300	24.054513	10.417888	24.827925	9.973194	24.829514	9.081052
65	#A0A0A0	#000000	#00000000	#00000000		53.498549	54.701979	26.365212	14.436652	27.910447	14.439405	27.912036	13.547263	27.140214	13.099817	27.915214	11.762981	26.374749	9.083805	24.829514	9.081052	24.827925	9.973194	24.054513	10.417888	24.824746	11.757476	24.049745	13.094311	24.821568	13.541758	25.594980	13.097064
66	#A0A0A0	#000000	#00000000	#00000000		53.498549	54.701979	26.365212	14.436652	25.590212	15.773487	26.362034	16.220934	27.135446	15.776240	27.905679	17.115828	30.996147	17.121334	31.771147	15.784499	30.999325	15.337052	31.000914	14.444910	29.455680	14.442158	28.685447	13.102570	27.912035	13.547263	27.910446	14.439405
67	#66ccff	#000000	#00000000	#00000000		53.498549	54.701979	24.815211	17.110321	24.040210	18.447156	24.812032	18.894604	25.585444	18.449910	26.355676	19.789498	29.446144	19.795005	30.221146	18.458170	29.449323	18.010722	29.450912	17.118581	27.905679	17.115827	27.135447	15.776239	26.362034	16.220934	26.360445	17.113075
68	#006699	#000000	#00000000	#00000000		53.498549	54.701979	27.896141	22.468676	27.121139	23.805511	26.349317	23.358064	26.350906	22.465922	24.805672	22.463168	23.265208	19.783991	24.040210	18.447156	24.812032	18.894603	25.585444	18.449910	26.355676	19.789498	27.900910	19.792252	27.899321	20.684394	27.125909	21.129088
69	#ffffff	#000000	#00000000	#00000000		53.498549	54.701979	30.986614	22.474185	30.211611	23.811020	30.983434	24.258467	31.756846	23.813773	32.527079	25.153361	35.617546	25.158868	36.392548	23.822033	35.620725	23.374585	35.622315	22.482444	34.077081	22.479691	33.306848	21.140103	32.533436	21.584797	32.531847	22.476938
70	#ffffff	#000000	#00000000	#00000000		53.498549	54.701979	30.996150	17.121338	29.450916	17.118585	29.449327	18.010727	30.221149	18.458173	29.446148	19.795009	30.986614	22.474185	32.531847	22.476938	32.533436	21.584797	33.306848	21.140103	32.536616	19.800515	33.311617	18.463679	32.539795	18.016233	31.766383	18.460926
71	#A0A0A0	#000000	#00000000	#00000000		53.498549	54.701979	30.996151	17.121339	31.766383	18.460927	32.539795	18.016233	32.541384	17.124091	34.086618	17.126845	35.636621	14.453175	34.866389	13.113587	34.092977	13.558281	33.321154	13.110833	32.546153	14.447669	31.000919	14.444915	30.999330	15.337056	31.771152	15.784504
72	#006699	#000000	#00000000	#00000000		53.498549	54.701979	32.555692	9.094822	34.100925	9.097576	34.099336	9.989718	33.325924	10.434411	34.096156	11.774000	32.546152	14.447670	31.000919	14.444915	31.002509	13.552773	30.230687	13.105326	31.005689	11.768491	30.235456	10.428903	31.008868	9.984209	31.780690	10.431657
73	#66ccff	#000000	#00000000	#00000000		53.498549	54.701979	29.455686	14.442162	31.000919	14.444915	31.002509	13.552773	30.230686	13.105327	31.005688	11.768491	29.465222	9.089315	27.919988	9.086562	27.918399	9.978704	27.144987	10.423397	27.915220	11.762986	27.140219	13.099821	27.912041	13.547268	28.685453	13.102574
74	#ffffff	#000000	#00000000	#00000000		53.498549	54.701979	26.374755	9.083810	27.144987	10.423398	27.918399	9.978704	27.919988	9.086562	29.465222	9.089316	31.015225	6.415646	30.244993	5.076058	29.471581	5.520752	28.699759	5.073304	27.924757	6.410140	26.379524	6.407386	26.377934	7.299527	27.149757	7.746975
75	#ffffff	#000000	#00000000	#00000000		53.498549	54.701979	31.015225	6.415646	32.560459	6.418400	32.562048	5.526259	31.790226	5.078811	32.565227	3.741976	31.024763	1.062798	29.479529	1.060044	29.477940	1.952186	28.704528	2.396880	29.474760	3.736468	28.699758	5.073303	29.471581	5.520751	30.244993	5.076058
76	#66ccff	#000000	#00000000	#00000000		53.498549	54.701979	31.024763	1.062798	31.799764	-0.274037	31.027942	-0.721484	30.254530	-0.276791	29.484298	-1.616379	26.393830	-1.621886	25.618828	-0.285050	26.390651	0.162397	26.389061	1.054539	27.934295	1.057293	28.704527	2.396881	29.477940	1.952186	29.479529	1.060044
77	#A0A0A0	#000000	#00000000	#00000000		53.498549	54.701979	32.574766	-1.610871	31.029532	-1.613624	31.027943	-0.721483	31.799765	-0.274035	31.024763	1.062799	32.565227	3.741976	34.110461	3.744730	34.112050	2.852588	34.885462	2.407894	34.115230	1.068306	34.890232	-0.268528	34.118410	-0.715976	33.344998	-0.271282
78	#66ccff	#000000	#00000000	#00000000		53.498549	54.701979	32.565227	3.741976	31.790225	5.078810	32.562047	5.526258	33.335459	5.081564	34.105691	6.421153	37.196158	6.426660	37.971160	5.089826	37.199338	4.642378	37.200928	3.750237	35.655694	3.747483	34.885462	2.407894	34.112050	2.852588	34.110461	3.744730
79	#006699	#000000	#00000000	#00000000		53.498549	54.701979	35.655694	3.747484	34.885461	2.407896	35.658873	1.963202	36.430696	2.410648	37.205697	1.073813	40.296165	1.079319	41.066397	2.418907	40.292986	2.863601	40.291396	3.755742	38.746163	3.752989	37.971161	5.089825	37.199339	4.642378	37.200928	3.750237
80	#66ccff	#000000	#00000000	#00000000		53.498549	54.701979	34.105692	6.421152	33.335460	5.081564	32.562048	5.526258	32.560458	6.418399	31.015225	6.415645	29.465222	9.089316	30.235454	10.428904	31.008866	9.984210	31.780689	10.431658	32.555690	9.094823	34.100924	9.097577	34.102513	8.205435	33.330690	7.757988
81	#ffffff	#000000	#00000000	#00000000		53.498549	54.701979	38.736625	9.105835	39.511626	7.769000	38.739803	7.321553	37.966392	7.766246	37.196159	6.426658	34.105691	6.421152	33.330690	7.757988	34.102513	8.205435	34.100924	9.097577	35.646157	9.100330	36.416390	10.439918	37.189802	9.995224	37.191391	9.103082
82	#66ccff	#000000	#00000000	#00000000		53.498549	54.701979	41.836630	3.758493	41.066397	2.418905	40.292985	2.863599	40.291396	3.755741	38.746161	3.752988	37.196160	6.426658	37.966392	7.766246	38.739803	7.321553	39.511626	7.768999	40.286627	6.432164	41.831861	6.434917	41.833451	5.542775	41.061629	5.095329
83	#ffffff	#000000	#00000000	#00000000		53.498549	54.701979	43.377096	6.437668	44.922330	6.440420	44.923920	5.548279	44.152098	5.100832	44.927098	3.763996	43.386631	1.084820	41.841397	1.082068	41.839808	1.974210	41.066396	2.418905	41.836630	3.758492	41.061629	5.095328	41.833451	5.542775	42.606863	5.098081
84	#66ccff	#000000	#00000000	#00000000		53.498549	54.701979	43.377096	6.437668	42.606862	5.098080	41.833451	5.542775	41.831862	6.434916	40.286628	6.432165	38.736627	9.105836	39.506861	10.445424	40.280273	10.000729	41.052095	10.448175	41.827096	9.111339	43.372330	9.114091	43.373918	8.221950	42.602096	7.774504
85	#006699	#000000	#00000000	#00000000		53.498549	54.701979	41.827096	9.111339	43.372330	9.114091	43.370740	10.006233	42.597328	10.450928	43.367562	11.790515	41.817561	14.464187	40.272327	14.461435	40.273917	13.569293	39.502094	13.121846	40.277095	11.785011	39.506861	10.445423	40.280273	10.000728	41.052095	10.448175
86	#66ccff	#000000	#00000000	#00000000		53.498549	54.701979	38.727087	14.458683	40.272321	14.461437	40.273910	13.569296	39.502087	13.121848	40.277089	11.785013	38.736625	9.105835	37.191391	9.103082	37.189802	9.995223	36.416390	10.439918	37.186622	11.779506	36.411620	13.116341	37.183443	13.563789	37.956855	13.119095
87	#66ccff	#000000	#00000000	#00000000		53.498549	54.701979	35.636619	14.453177	37.181853	14.455930	37.183442	13.563789	36.411620	13.116341	37.186622	11.779506	35.646157	9.100330	34.100923	9.097576	34.099334	9.989717	33.325922	10.434411	34.096154	11.773999	33.321153	13.110835	34.092975	13.558282	34.866387	13.113588
88	#ffffff	#000000	#00000000	#00000000		53.498549	54.701979	35.636620	14.453176	34.861619	15.790012	35.633441	16.237459	36.406853	15.792765	37.177085	17.132354	40.267553	17.137860	41.042554	15.801025	40.270732	15.353578	40.272321	14.461436	38.727088	14.458682	37.956856	13.119094	37.183443	13.563789	37.181854	14.455930
89	#66ccff	#000000	#00000000	#00000000		53.498549	54.701979	32.536615	19.800516	33.306847	21.140104	34.080259	20.695410	34.081848	19.803269	35.627082	19.806023	37.177085	17.132353	36.406853	15.792765	35.633441	16.237459	34.861619	15.790011	34.086618	17.126846	32.541384	17.124092	32.539795	18.016233	33.311616	18.463681
90	#006699	#000000	#00000000	#00000000		53.498549	54.701979	38.717549	19.811528	39.487782	21.151116	38.714370	21.595809	37.942548	21.148363	37.167547	22.485198	34.077079	22.479692	33.306846	21.140104	34.080258	20.695410	34.081848	19.803269	35.627082	19.806022	36.402083	18.469186	37.173905	18.916633	37.172316	19.808774
91	#66ccff	#000000	#00000000	#00000000		53.498549	54.701979	35.617546	25.158867	36.387779	26.498455	37.161191	26.053761	37.162780	25.161620	38.708014	25.164373	40.258016	22.490703	39.487783	21.151115	38.714371	21.595808	37.942549	21.148362	37.167547	22.485197	35.622314	22.482444	35.620725	23.374585	36.392548	23.822032
92	#A0A0A0	#000000	#00000000	#00000000		53.498549	54.701979	37.158011	27.838045	37.933013	26.501210	37.161190	26.053763	36.387779	26.498455	35.617547	25.158867	32.527079	25.153360	31.752078	26.490196	32.523900	26.937643	32.522311	27.829785	34.067544	27.832538	34.837776	29.172127	35.611188	28.727433	35.612778	27.835292
93	#66ccff	#000000	#00000000	#00000000		53.498549	54.701979	35.608009	30.511717	36.383010	29.174882	35.611188	28.727434	34.837776	29.172127	34.067544	27.832538	30.977077	27.827032	30.202075	29.163867	30.973898	29.611315	30.972308	30.503456	32.517542	30.506210	33.287774	31.845798	34.061186	31.401104	34.062775	30.508963
94	#006699	#000000	#00000000	#00000000		53.498549	54.701979	29.427074	30.500703	30.202075	29.163868	30.973898	29.611315	30.972308	30.503456	32.517542	30.506209	34.058007	33.185385	33.283006	34.522221	32.511184	34.074774	31.737772	34.519468	30.967539	33.179880	29.422306	33.177127	29.423895	32.284985	30.197307	31.840291
95	#ffffff	#000000	#00000000	#00000000		53.498549	54.701979	35.598471	35.864564	37.143705	35.867318	37.145294	34.975176	36.373472	34.527729	37.148473	33.190893	35.608009	30.511716	34.062775	30.508962	34.061186	31.401104	33.287774	31.845798	34.058006	33.185387	33.283005	34.522222	34.054827	34.969669	34.828239	34.524976
96	#A0A0A0	#000000	#00000000	#00000000		53.498549	54.701979	37.158012	27.838047	35.612778	27.835293	35.611189	28.727435	36.383011	29.174882	35.608009	30.511717	37.148473	33.190893	38.693707	33.193647	38.695296	32.301506	39.468708	31.856812	38.698476	30.517224	39.473478	29.180389	38.701656	28.732942	37.928244	29.177635
97	#A0A0A0	#000000	#00000000	#00000000		53.498549	54.701979	37.158012	27.838048	37.928244	29.177636	38.701656	28.732942	38.703245	27.840800	40.248479	27.843554	41.798482	25.169884	41.028250	23.830296	40.254838	24.274990	39.483015	23.827542	38.708014	25.164378	37.162780	25.161624	37.161191	26.053765	37.933014	26.501213
98	#A0A0A0	#000000	#00000000	#00000000		53.498549	54.701979	41.798482	25.169884	43.343715	25.172638	43.345305	24.280497	42.573482	23.833049	43.348484	22.496214	41.808020	19.817036	40.262786	19.814282	40.261197	20.706424	39.487785	21.151118	40.258017	22.490706	39.483015	23.827541	40.254838	24.274989	41.028250	23.830296
99	#66ccff	#000000	#00000000	#00000000		53.498549	54.701979	41.808020	19.817036	42.583021	18.480201	41.811198	18.032754	41.037786	18.477447	40.267554	17.137859	37.177087	17.132352	36.402085	18.469188	37.173908	18.916635	37.172318	19.808777	38.717552	19.811531	39.487784	21.151119	40.261197	20.706424	40.262786	19.814282
100	#ffffff	#000000	#00000000	#00000000		53.498549	54.701979	40.267555	17.137860	41.037787	18.477448	41.811198	18.032754	41.812788	17.140612	43.358021	17.143366	44.908024	14.469696	44.137792	13.130108	43.364380	13.574802	42.592558	13.127354	41.817557	14.464190	40.272323	14.461436	40.270734	15.353577	41.042556	15.801025
101	#66ccff	#000000	#00000000	#00000000		53.498549	54.701979	44.908024	14.469696	46.453258	14.472450	46.454847	13.580309	45.683025	13.132861	46.458026	11.796026	44.917562	9.116848	43.372328	9.114094	43.370739	10.006236	42.597327	10.450930	43.367559	11.790518	42.592558	13.127353	43.364380	13.574801	44.137792	13.130108
102	#A0A0A0	#000000	#00000000	#00000000		53.498549	54.701979	48.008030	9.122346	48.783030	7.785510	48.011208	7.338063	47.237797	7.782758	46.467563	6.443170	43.377095	6.437667	42.602096	7.774503	43.373918	8.221949	43.372330	9.114091	44.917563	9.116842	45.687797	10.456430	46.461208	10.011736	46.462797	9.119595
103	#66ccff	#000000	#00000000	#00000000		53.498549	54.701979	49.558030	6.448674	50.333030	5.111838	49.561208	4.664391	48.787797	5.109086	48.017564	3.769498	44.927096	3.763995	44.152095	5.100831	44.923918	5.548278	44.922329	6.440419	46.467563	6.443171	47.237797	7.782759	48.011208	7.338063	48.012796	6.445922
104	#006699	#000000	#00000000	#00000000		53.498549	54.701979	46.477095	1.090322	47.252095	-0.246514	48.023918	0.200933	48.022329	1.093074	49.567563	1.095826	51.108031	3.775001	50.333031	5.111837	49.561209	4.664390	48.787797	5.109086	48.017564	3.769498	46.472329	3.766746	46.473918	2.874605	47.247329	2.429910
105	#ffffff	#000000	#00000000	#00000000		53.498549	54.701979	48.008030	9.122346	48.778263	10.461934	49.551675	10.017239	49.553264	9.125098	51.098499	9.127850	52.648499	6.454179	51.878266	5.114591	51.104854	5.559285	50.333032	5.111839	49.558031	6.448675	48.012797	6.445923	48.011208	7.338064	48.783030	7.785510
106	#ffffff	#000000	#00000000	#00000000		53.498549	54.701979	52.648499	6.454179	54.193733	6.456930	54.195322	5.564789	53.423500	5.117343	54.198500	3.780507	52.658032	1.101331	51.112798	1.098579	51.111210	1.990720	50.337798	2.435415	51.108032	3.775003	50.333032	5.111839	51.104854	5.559285	51.878266	5.114591
107	#66ccff	#000000	#00000000	#00000000		53.498549	54.701979	51.088965	14.480697	52.634199	14.483449	52.635787	13.591308	51.863965	13.143862	52.638965	11.807026	51.098498	9.127850	49.553264	9.125098	49.551675	10.017239	48.778263	10.461934	49.548497	11.801522	48.773497	13.138358	49.545319	13.585804	50.318731	13.141110
108	#A0A0A0	#000000	#00000000	#00000000		53.498549	54.701979	47.998496	14.475194	49.543730	14.477946	49.545320	13.585804	48.773497	13.138358	49.548497	11.801522	48.008030	9.122346	46.462796	9.119594	46.461207	10.011735	45.687795	10.456430	46.458029	11.796018	45.683029	13.132854	46.454851	13.580300	47.228263	13.135606
109	#006699	#000000	#00000000	#00000000		53.498549	54.701979	54.188966	9.133354	55.734200	9.136106	55.732610	10.028247	54.959199	10.472942	55.729432	11.812530	54.179432	14.486201	52.634197	14.483449	52.635787	13.591307	51.863965	13.143862	52.638965	11.807026	51.868731	10.467438	52.642143	10.022743	53.413965	10.470190
110	#66ccff	#000000	#00000000	#00000000		53.498549	54.701979	55.738966	6.459682	54.968733	5.120094	54.195321	5.564789	54.193732	6.456930	52.648498	6.454178	51.098497	9.127849	51.868731	10.467437	52.642143	10.022743	53.413965	10.470190	54.188966	9.133354	55.734200	9.136106	55.735788	8.243964	54.963966	7.796518
111	#A0A0A0	#000000	#00000000	#00000000		53.498549	54.701979	47.998497	14.475193	47.223496	15.812028	47.995318	16.259475	48.768730	15.814781	49.538963	17.154369	52.629430	17.159875	53.404432	15.823039	52.632610	15.375593	52.634199	14.483451	51.088966	14.480698	50.318733	13.141110	49.545321	13.585804	49.543730	14.477946
112	#A0A0A0	#000000	#00000000	#00000000		53.498549	54.701979	47.998496	14.475192	47.228262	13.135604	46.454851	13.580299	46.453261	14.472440	44.908027	14.469688	43.358026	17.143359	44.128260	18.482947	44.901672	18.038252	45.673494	18.485699	46.448494	17.148863	47.993728	17.151615	47.995318	16.259474	47.223496	15.812028
113	#A0A0A0	#000000	#00000000	#00000000		53.498549	54.701979	43.358026	17.143359	41.812792	17.140607	41.811204	18.032749	42.583026	18.480195	41.808026	19.817031	43.348493	22.496207	44.893727	22.498959	44.895316	21.606818	45.668727	21.162123	44.898494	19.822535	45.673494	18.485699	44.901672	18.038252	44.128260	18.482947
114	#66ccff	#000000	#00000000	#00000000		53.498549	54.701979	49.538963	17.154368	48.768731	15.814780	47.995319	16.259473	47.993728	17.151615	46.448495	17.148862	44.898493	19.822532	45.668726	21.162121	46.442138	20.717427	47.213960	21.164873	47.988962	19.828038	49.534195	19.830791	49.535784	18.938650	48.763962	18.491203
115	#A0A0A0	#000000	#00000000	#00000000		53.498549	54.701979	54.169895	19.839051	54.944897	18.502216	54.173074	18.054769	53.399663	18.499463	52.629430	17.159875	49.538963	17.154369	48.763961	18.491204	49.535784	18.938651	49.534194	19.830792	51.079428	19.833545	51.849661	21.173133	52.623073	20.728439	52.624662	19.836298
116	#A0A0A0	#000000	#00000000	#00000000		53.498549	54.701979	52.629432	17.159875	53.399665	18.499463	54.173077	18.054768	54.174666	17.162627	55.719901	17.165379	57.269901	14.491708	56.499668	13.152120	55.726256	13.596815	54.954434	13.149368	54.179433	14.486204	52.634199	14.483452	52.632610	15.375593	53.404432	15.823039
117	#006699	#000000	#00000000	#00000000		53.498549	54.701979	46.438959	22.501708	45.668727	21.162119	46.442138	20.717427	47.213960	21.164874	47.988962	19.828039	51.079430	19.833546	51.849662	21.173134	51.076250	21.617828	51.074660	22.509969	49.529427	22.507215	48.754425	23.844051	47.982603	23.396603	47.984192	22.504462
118	#66ccff	#000000	#00000000	#00000000		53.498549	54.701979	43.348493	22.496207	42.573493	23.833043	43.345315	24.280490	44.118727	23.835795	44.888961	25.175383	47.979428	25.180887	48.754428	23.844051	47.982606	23.396604	47.984194	22.504463	46.438960	22.501711	45.668727	21.162123	44.895316	21.606818	44.893727	22.498959
119	#66ccff	#000000	#00000000	#00000000		53.498549	54.701979	52.619893	22.512721	51.849661	21.173133	51.076250	21.617828	51.074660	22.509969	49.529427	22.507215	47.979424	25.180885	48.749656	26.520473	49.523068	26.075780	50.294890	26.523227	51.069892	25.186392	52.615125	25.189146	52.616715	24.297004	51.844892	23.849557
120	#A0A0A0	#000000	#00000000	#00000000		53.498549	54.701979	54.160359	25.191899	55.705592	25.194653	55.707182	24.302511	54.935359	23.855064	55.710360	22.518228	54.169896	19.839052	52.624662	19.836298	52.623073	20.728439	51.849661	21.173133	52.619893	22.512722	51.844891	23.849557	52.616715	24.297004	53.390127	23.852310
121	#A0A0A0	#000000	#00000000	#00000000		53.498549	54.701979	54.160360	25.191898	53.390127	23.852310	52.616715	24.297004	52.615125	25.189146	51.069892	25.186393	49.519890	27.860063	50.290123	29.199651	51.063535	28.754957	51.835357	29.202404	52.610358	27.865569	54.155592	27.868322	54.157181	26.976180	53.385359	26.528734
122	#A0A0A0	#000000	#00000000	#00000000		53.498549	54.701979	49.519889	27.860064	47.974655	27.857312	47.973066	28.749454	48.744888	29.196900	47.969888	30.533736	49.510354	33.212912	51.055588	33.215664	51.057178	32.323523	51.830590	31.878828	51.060356	30.539240	51.835356	29.202404	51.063535	28.754957	50.290123	29.199652
123	#ffffff	#000000	#00000000	#00000000		53.498549	54.701979	49.519889	27.860065	50.294890	26.523230	49.523068	26.075783	48.749656	26.520477	47.979423	25.180889	44.888955	25.175383	44.113954	26.512218	44.885776	26.959665	44.884187	27.851807	46.429420	27.854560	47.199653	29.194148	47.973065	28.749454	47.974655	27.857312
124	#ffffff	#000000	#00000000	#00000000		53.498549	54.701979	44.888954	25.175383	44.118720	23.835795	43.345309	24.280489	43.343719	25.172631	41.798485	25.169879	40.248484	27.843550	41.018718	29.183138	41.792130	28.738443	42.563952	29.185890	43.338952	27.849054	44.884186	27.851806	44.885776	26.959664	44.113954	26.512218
125	#66ccff	#000000	#00000000	#00000000		53.498549	54.701979	40.248484	27.843550	38.703250	27.840798	38.701662	28.732939	39.473484	29.180386	38.698484	30.517222	40.238951	33.196398	41.784185	33.199150	41.785774	32.307008	42.559186	31.862314	41.788952	30.522726	42.563952	29.185890	41.792130	28.738443	41.018718	29.183138
126	#66ccff	#000000	#00000000	#00000000		53.498549	54.701979	46.429421	27.854559	44.884187	27.851805	44.882598	28.743947	45.654420	29.191394	44.879419	30.528230	46.419883	33.207407	47.965117	33.210161	47.966706	32.318020	48.740118	31.873326	47.969886	30.533738	48.744888	29.196902	47.973065	28.749455	47.199653	29.194148
127	#006699	#000000	#00000000	#00000000		53.498549	54.701979	43.329415	33.201900	41.784182	33.199146	41.785771	32.307004	42.559183	31.862311	41.788951	30.522722	43.338954	27.849052	44.884188	27.851806	44.882598	28.743948	45.654420	29.191394	44.879419	30.528230	45.649651	31.867818	44.876239	32.312512	44.104417	31.865064
128	#66ccff	#000000	#00000000	#00000000		53.498549	54.701979	41.779413	35.875570	42.549645	37.215158	43.323057	36.770465	43.324647	35.878323	44.869880	35.881077	46.419883	33.207407	45.649651	31.867819	44.876239	32.312512	44.104417	31.865064	43.329415	33.201900	41.784182	33.199146	41.782592	34.091287	42.554415	34.538735
129	#A0A0A0	#000000	#00000000	#00000000		53.498549	54.701979	37.148481	33.190887	36.373479	34.527722	37.145301	34.975169	37.918713	34.530475	38.688946	35.870063	41.779414	35.875569	42.554415	34.538734	41.782593	34.091287	41.784182	33.199146	40.238948	33.196393	39.468715	31.856805	38.695303	32.301499	38.693714	33.193640
130	#66ccff	#000000	#00000000	#00000000		53.498549	54.701979	38.688945	35.870063	37.918713	34.530474	37.145301	34.975169	37.143712	35.867310	35.598478	35.864557	34.048475	38.538226	34.818707	39.877815	35.592119	39.433121	36.363942	39.880568	37.138943	38.543733	38.684177	38.546487	38.685766	37.654345	37.913944	37.206898
131	#ffffff	#000000	#00000000	#00000000		53.498549	54.701979	30.958009	38.532720	31.728241	39.872309	32.501653	39.427615	32.503242	38.535473	34.048476	38.538227	35.598478	35.864557	34.828246	34.524968	34.054834	34.969662	33.283012	34.522215	32.508011	35.859050	30.962777	35.856296	30.961188	36.748437	31.733010	37.195885
132	#66ccff	#000000	#00000000	#00000000		53.498549	54.701979	32.508010	35.859049	33.283012	34.522214	32.511189	34.074767	31.737777	34.519461	30.967545	33.179873	27.877077	33.174367	27.102076	34.511202	27.873898	34.958649	27.872308	35.850790	29.417542	35.853543	30.187775	37.193132	30.961187	36.748438	30.962777	35.856296
133	#ffffff	#000000	#00000000	#00000000		53.498549	54.701979	26.327075	35.848038	27.872309	35.850790	27.873899	34.958649	27.102076	34.511202	27.877076	33.174366	26.336609	30.495190	24.791375	30.492438	24.789786	31.384580	24.016374	31.829275	24.786608	33.168862	24.011607	34.505698	24.783430	34.953145	25.556842	34.508450
134	#66ccff	#000000	#00000000	#00000000		53.498549	54.701979	20.146139	35.837031	20.916373	37.176618	21.689785	36.731924	21.691373	35.839782	23.236607	35.842534	24.786608	33.168862	24.016374	31.829275	23.242962	32.273969	22.471140	31.826523	21.696140	33.163359	20.150906	33.160607	20.149317	34.052748	20.921139	34.500195
135	#A0A0A0	#000000	#00000000	#00000000		53.498549	54.701979	15.515205	33.152352	14.740205	34.489188	15.512028	34.936635	16.285439	34.491940	17.055672	35.831528	20.146140	35.837031	20.921140	34.500195	20.149317	34.052749	20.150906	33.160607	18.605672	33.157856	17.835438	31.818268	17.062027	32.262962	17.060439	33.155103
136	#ffffff	#000000	#00000000	#00000000		53.498549	54.701979	15.515205	33.152352	14.744970	31.812765	13.971559	32.257459	13.969971	33.149600	12.424737	33.146849	10.874737	35.820522	11.644972	37.160110	12.418383	36.715415	13.190206	37.162862	13.965205	35.826026	15.510439	35.828777	15.512028	34.936636	14.740205	34.489189
137	#66ccff	#000000	#00000000	#00000000		53.498549	54.701979	7.784270	35.815018	8.554505	37.154606	9.327916	36.709911	9.329504	35.817770	10.874738	35.820521	12.424737	33.146849	11.654502	31.807262	10.881091	32.251956	10.109268	31.804510	9.334269	33.141346	7.789035	33.138594	7.787446	34.030736	8.559270	34.478182
138	#ffffff	#000000	#00000000	#00000000		53.498549	54.701979	3.153334	33.130340	2.378335	34.467176	3.150157	34.914623	3.923568	34.469928	4.693802	35.809516	7.784270	35.815019	8.559269	34.478183	7.787447	34.030737	7.789035	33.138594	6.243801	33.135843	5.473567	31.796256	4.700157	32.240950	4.698568	33.133091
139	#ffffff	#000000	#00000000	#00000000		53.498549	54.701979	-3.037141	38.472160	-2.266908	39.811749	-1.493496	39.367055	-1.491907	38.474913	0.053328	38.477666	1.603329	35.803996	0.833097	34.464407	0.059686	34.909101	-0.712137	34.461655	-1.487138	35.798490	-3.032372	35.795737	-3.033962	36.687878	-2.262140	37.135325
140	#66ccff	#000000	#00000000	#00000000		53.498549	54.701979	4.693802	35.809516	3.923569	34.469928	3.150157	34.914623	3.148568	35.806764	1.603334	35.804012	0.053335	38.477684	0.823568	39.817271	1.596979	39.372577	2.368802	39.820024	3.143802	38.483188	4.689036	38.485940	4.690625	37.593798	3.918802	37.146352
141	#A0A0A0	#000000	#00000000	#00000000		53.498549	54.701979	9.324737	38.494194	10.099736	37.157358	9.327914	36.709911	8.554503	37.154606	7.784269	35.815018	4.693802	35.809516	3.918802	37.146352	4.690625	37.593798	4.689036	38.485940	6.234270	38.488691	7.004504	39.828279	7.777914	39.383584	7.779503	38.491443
142	#ffffff	#000000	#00000000	#00000000		53.498549	54.701979	10.874737	35.820522	9.329502	35.817770	9.327913	36.709912	10.099736	37.157358	9.324736	38.494194	10.865203	41.173370	12.410437	41.176122	12.412026	40.283981	13.185438	39.839286	12.415204	38.499698	13.190204	37.162862	12.418382	36.715415	11.644970	37.160110
143	#66ccff	#000000	#00000000	#00000000		53.498549	54.701979	13.965205	35.826026	13.190206	37.162862	13.962028	37.610308	14.735439	37.165614	15.505673	38.505202	18.596141	38.510705	19.371140	37.173869	18.599318	36.726422	18.600907	35.834281	17.055673	35.831530	16.285439	34.491942	15.512028	34.936637	15.510439	35.828777
144	#006699	#000000	#00000000	#00000000		53.498549	54.701979	17.046141	41.184377	16.271141	42.521213	15.499319	42.073766	15.500907	41.181625	13.955673	41.178873	12.415205	38.499699	13.190205	37.162863	13.962028	37.610309	14.735439	37.165614	15.505673	38.505202	17.050907	38.507954	17.049318	39.400095	16.275908	39.844789
145	#ffffff	#000000	#00000000	#00000000		53.498549	54.701979	20.146141	35.837031	18.600907	35.834280	18.599318	36.726422	19.371140	37.173869	18.596141	38.510705	20.136609	41.189879	21.681843	41.192630	21.683431	40.300489	22.456842	39.855795	21.686609	38.516207	22.461608	37.179371	21.689786	36.731924	20.916375	37.176619
146	#66ccff	#000000	#00000000	#00000000		53.498549	54.701979	21.686608	38.516207	22.456841	39.855795	23.230253	39.411100	23.231843	38.518959	24.777077	38.521711	26.327077	35.848040	25.556844	34.508452	24.783432	34.953146	24.011610	34.505700	23.236609	35.842536	21.691375	35.839784	21.689786	36.731925	22.461608	37.179371
147	#006699	#000000	#00000000	#00000000		53.498549	54.701979	27.867544	38.527217	28.637776	39.866806	27.864365	40.311499	27.092542	39.864053	26.317541	41.200888	23.227073	41.195382	22.456840	39.855794	23.230252	39.411100	23.231843	38.518959	24.777076	38.521712	25.552077	37.184876	26.323900	37.632323	26.322310	38.524464
148	#66ccff	#000000	#00000000	#00000000		53.498549	54.701979	30.958007	38.532722	31.733009	37.195886	30.961186	36.748439	30.187775	37.193132	29.417543	35.853543	26.327075	35.848037	25.552073	37.184872	26.323896	37.632319	26.322307	38.524461	27.867540	38.527215	28.637772	39.866803	29.411184	39.422109	29.412774	38.529968
149	#A0A0A0	#000000	#00000000	#00000000		53.498549	54.701979	30.948469	43.885569	32.493703	43.888322	32.495292	42.996181	31.723470	42.548734	32.498471	41.211898	30.958007	38.532721	29.412773	38.529967	29.411184	39.422108	28.637772	39.866803	29.408004	41.206391	28.633003	42.543227	29.404825	42.990674	30.178237	42.545980
150	#66ccff	#000000	#00000000	#00000000		53.498549	54.701979	34.038936	43.891075	35.584170	43.893829	35.585759	43.001688	34.813937	42.554240	35.588938	41.217405	34.048473	38.538229	32.503240	38.535475	32.501650	39.427616	31.728238	39.872310	32.498470	41.211898	31.723469	42.548734	32.495292	42.996181	33.268704	42.551487
151	#006699	#000000	#00000000	#00000000		53.498549	54.701979	37.138942	38.543735	38.684176	38.546489	38.682586	39.438630	37.909174	39.883324	38.679406	41.222913	37.129403	43.896582	35.584170	43.893829	35.585759	43.001687	34.813937	42.554240	35.588938	41.217405	34.818706	39.877817	35.592118	39.433123	36.363941	39.880570
152	#66ccff	#000000	#00000000	#00000000		53.498549	54.701979	40.219871	43.902090	41.765105	43.904844	41.766694	43.012702	40.994872	42.565255	41.769873	41.228420	40.229409	38.549242	38.684175	38.546488	38.682586	39.438630	37.909174	39.883324	38.679406	41.222913	37.904405	42.559748	38.676227	43.007195	39.449639	42.562502
153	#A0A0A0	#000000	#00000000	#00000000		53.498549	54.701979	43.319878	38.554746	44.094879	37.217910	43.323057	36.770464	42.549645	37.215158	41.779412	35.875569	38.688945	35.870064	37.913943	37.206899	38.685765	37.654346	38.684177	38.546487	40.229410	38.549240	40.999643	39.888828	41.773055	39.444134	41.774645	38.551993
154	#ffffff	#000000	#00000000	#00000000		53.498549	54.701979	44.869880	35.881074	43.324646	35.878322	43.323056	36.770464	44.094879	37.217910	43.319879	38.554746	44.860346	41.233922	46.405580	41.236674	46.407169	40.344533	47.180581	39.899838	46.410347	38.560250	47.185347	37.223414	46.413525	36.775968	45.640113	37.220662
155	#ffffff	#000000	#00000000	#00000000		53.498549	54.701979	49.510348	33.212906	48.740115	31.873318	47.966703	32.318013	47.965114	33.210154	46.419880	33.207402	44.869879	35.881074	45.640113	37.220661	46.413525	36.775968	47.185347	37.223414	47.960348	35.886578	49.505582	35.889330	49.507170	34.997189	48.735348	34.549742
156	#66ccff	#000000	#00000000	#00000000		53.498549	54.701979	49.510348	33.212907	48.735347	34.549743	49.507170	34.997189	50.280582	34.552494	51.050816	35.892082	54.141283	35.897587	54.916284	34.560751	54.144461	34.113304	54.146051	33.221163	52.600817	33.218411	51.830583	31.878823	51.057171	32.323518	51.055582	33.215659
157	#66ccff	#000000	#00000000	#00000000		53.498549	54.701979	47.960348	35.886579	47.185349	37.223415	47.957171	37.670862	48.730582	37.226167	49.500815	38.565755	52.591283	38.571258	53.366283	37.234422	52.594460	36.786975	52.596049	35.894834	51.050815	35.892083	50.280581	34.552495	49.507171	34.997190	49.505582	35.889330
158	#006699	#000000	#00000000	#00000000		53.498549	54.701979	51.041283	41.244931	50.266283	42.581767	49.494460	42.134320	49.496050	41.242179	47.950816	41.239427	46.410349	38.560251	47.185349	37.223415	47.957171	37.670862	48.730583	37.226167	49.500816	38.565755	51.046050	38.568507	51.044461	39.460648	50.271049	39.905343
159	#66ccff	#000000	#00000000	#00000000		53.498549	54.701979	52.581750	43.924106	54.126984	43.926858	54.128573	43.034717	53.356751	42.587271	54.131751	41.250435	52.591284	38.571259	51.046049	38.568507	51.044461	39.460648	50.271049	39.905343	51.041283	41.244931	50.266283	42.581767	51.038105	43.029213	51.811517	42.584519
160	#A0A0A0	#000000	#00000000	#00000000		53.498549	54.701979	47.941281	46.592275	48.711515	47.931863	49.484926	47.487168	49.486516	46.595026	51.031750	46.597778	52.581751	43.924107	51.811517	42.584519	51.038105	43.029214	50.266283	42.581767	49.491282	43.918603	47.946048	43.915851	47.944459	44.807992	48.716281	45.255439
161	#66ccff	#000000	#00000000	#00000000		53.498549	54.701979	51.031749	46.597779	49.486516	46.595026	49.484926	47.487168	50.256749	47.934615	49.481747	49.271450	51.022213	51.950626	52.567446	51.953379	52.569036	51.061238	53.342448	50.616544	52.572215	49.276956	53.347216	47.940120	52.575394	47.492674	51.801982	47.937368
162	#ffffff	#000000	#00000000	#00000000		53.498549	54.701979	49.472210	54.624297	51.017445	54.627049	51.019034	53.734908	50.247212	53.287461	51.022213	51.950626	49.481747	49.271450	47.936513	49.268697	47.934924	50.160839	47.161512	50.605532	47.931745	51.945120	47.156743	53.281956	47.928565	53.729402	48.701977	53.284709
163	#ffffff	#000000	#00000000	#00000000		53.498549	54.701979	49.481749	49.271450	50.256750	47.934614	49.484927	47.487168	48.711515	47.931863	47.941281	46.592275	44.850814	46.586771	44.075813	47.923607	44.847636	48.371053	44.846047	49.263195	46.391281	49.265946	47.161515	50.605534	47.934927	50.160840	47.936515	49.268698
164	#A0A0A0	#000000	#00000000	#00000000		53.498549	54.701979	43.310345	43.907595	42.535345	45.244431	43.307167	45.691878	44.080579	45.247183	44.850813	46.586771	47.941281	46.592275	48.716281	45.255439	47.944459	44.807992	47.946047	43.915851	46.400813	43.913099	45.630580	42.573511	44.857168	43.018206	44.855579	43.910347
165	#66ccff	#000000	#00000000	#00000000		53.498549	54.701979	44.860345	41.233923	44.085345	42.570759	44.857167	43.018206	45.630580	42.573511	46.400813	43.913099	49.491281	43.918603	50.266281	42.581767	49.494459	42.134320	49.496047	41.242179	47.950813	41.239427	47.180579	39.899839	46.407168	40.344534	46.405579	41.236675
166	#A0A0A0	#000000	#00000000	#00000000		53.498549	54.701979	43.310344	43.907595	44.855578	43.910347	44.857167	43.018206	44.085345	42.570759	44.860345	41.233923	43.319878	38.554748	41.774643	38.551996	41.773055	39.444137	40.999643	39.888832	41.769877	41.228420	40.994877	42.565255	41.766699	43.012702	42.540111	42.568007
167	#A0A0A0	#000000	#00000000	#00000000		53.498549	54.701979	43.310344	43.907594	42.540110	42.568007	41.766699	43.012702	41.765110	43.904843	40.219876	43.902091	38.669876	46.575763	39.440109	47.915350	40.213521	47.470656	40.985343	47.918102	41.760344	46.581266	43.305578	46.584018	43.307166	45.691877	42.535344	45.244430
168	#66ccff	#000000	#00000000	#00000000		53.498549	54.701979	44.850810	46.586771	44.080576	45.247183	43.307165	45.691877	43.305578	46.584018	41.760344	46.581267	40.210344	49.254939	40.980578	50.594527	41.753989	50.149832	42.525811	50.597279	43.300810	49.260443	44.846044	49.263194	44.847633	48.371053	44.075811	47.923606
169	#006699	#000000	#00000000	#00000000		53.498549	54.701979	41.750810	51.934116	40.980576	50.594528	41.753988	50.149833	42.525811	50.597279	43.300811	49.260443	46.391279	49.265948	47.161512	50.605536	46.388101	51.050231	46.386511	51.942372	44.841277	51.939620	44.066277	53.276456	43.294455	52.829009	43.296044	51.936868
170	#66ccff	#000000	#00000000	#00000000		53.498549	54.701979	47.931743	51.945120	47.161510	50.605532	46.388098	51.050227	46.386509	51.942368	44.841274	51.939616	43.291274	54.613287	44.061507	55.952875	44.834919	55.508180	45.606741	55.955627	46.381742	54.618791	47.926976	54.621543	47.928565	53.729402	47.156743	53.281956
171	#66ccff	#000000	#00000000	#00000000		53.498549	54.701979	38.660343	51.928609	37.885342	53.265444	38.657164	53.712891	39.430576	53.268197	40.200809	54.607785	43.291276	54.613291	44.066278	53.276456	43.294456	52.829009	43.296044	51.936868	41.750811	51.934115	40.980578	50.594527	40.207166	51.039221	40.205576	51.931362
172	#A0A0A0	#000000	#00000000	#00000000		53.498549	54.701979	38.669881	46.575761	37.124647	46.573007	37.123058	47.465149	37.894880	47.912596	37.119879	49.249432	38.660343	51.928609	40.205577	51.931363	40.207166	51.039222	40.980578	50.594527	40.210346	49.254939	40.985347	47.918103	40.213525	47.470656	39.440113	47.915350
173	#ffffff	#000000	#00000000	#00000000		53.498549	54.701979	35.579412	46.570255	36.349645	47.909843	37.123057	47.465149	37.124647	46.573007	38.669880	46.575760	40.219882	43.902090	39.449650	42.562502	38.676238	43.007196	37.904415	42.559749	37.129414	43.896584	35.584180	43.893831	35.582591	44.785973	36.354413	45.233419
174	#ffffff	#000000	#00000000	#00000000		53.498549	54.701979	30.948479	43.885573	30.173478	45.222408	30.945300	45.669855	31.718712	45.225161	32.488945	46.564749	35.579413	46.570255	36.354414	45.233419	35.582592	44.785973	35.584180	43.893831	34.038947	43.891078	33.268714	42.551490	32.495302	42.996184	32.493713	43.888326
175	#A0A0A0	#000000	#00000000	#00000000		53.498549	54.701979	26.308000	46.553732	27.078232	47.893321	27.851643	47.448627	27.853233	46.556485	29.398467	46.559239	30.948469	43.885569	30.178237	42.545981	29.404826	42.990675	28.633003	42.543227	27.858001	43.880062	26.312768	43.877308	26.311178	44.769449	27.083001	45.216897
176	#66ccff	#000000	#00000000	#00000000		53.498549	54.701979	24.767533	43.874555	25.537766	45.214144	26.311177	44.769450	26.312768	43.877308	27.858001	43.880061	29.408003	41.206391	28.637770	39.866803	27.864358	40.311496	27.092536	39.864050	26.317535	41.200885	24.772301	41.198132	24.770712	42.090273	25.542534	42.537720
177	#ffffff	#000000	#00000000	#00000000		53.498549	54.701979	20.136600	41.189873	19.361599	42.526709	20.133421	42.974155	20.906833	42.529461	21.677066	43.869049	24.767534	43.874555	25.542535	42.537720	24.770713	42.090273	24.772301	41.198132	23.227068	41.195379	22.456835	39.855791	21.683423	40.300485	21.681834	41.192626
178	#66ccff	#000000	#00000000	#00000000		53.498549	54.701979	18.586598	43.863544	20.131832	43.866296	20.133422	42.974155	19.361599	42.526709	20.136599	41.189873	18.596132	38.510697	17.050898	38.507945	17.049309	39.400086	16.275897	39.844781	17.046131	41.184369	16.271131	42.521205	17.042953	42.968651	17.816365	42.523957
179	#66ccff	#000000	#00000000	#00000000		53.498549	54.701979	10.865203	41.173370	10.090203	42.510206	10.862025	42.957653	11.635437	42.512958	12.405671	43.852546	15.496138	43.858050	16.271138	42.521214	15.499316	42.073767	15.500905	41.181626	13.955671	41.178874	13.185437	39.839286	12.412026	40.283981	12.410437	41.176122
180	#A0A0A0	#000000	#00000000	#00000000		53.498549	54.701979	9.315203	43.847042	10.860437	43.849794	10.862026	42.957652	10.090203	42.510206	10.865203	41.173370	9.324737	38.494194	7.779503	38.491442	7.777913	39.383583	7.004502	39.828278	7.774735	41.167866	6.999735	42.504702	7.771557	42.952149	8.544969	42.507454
181	#66ccff	#000000	#00000000	#00000000		53.498549	54.701979	6.224735	43.841538	7.769969	43.844290	7.771558	42.952148	6.999735	42.504702	7.774735	41.167866	6.234269	38.488690	4.689035	38.485938	4.687445	39.378080	3.914033	39.822774	4.684267	41.162362	3.909267	42.499198	4.681089	42.946645	5.454501	42.501950
182	#006699	#000000	#00000000	#00000000		53.498549	54.701979	3.143800	38.483186	4.689034	38.485937	4.687445	39.378079	3.914033	39.822774	4.684267	41.162362	3.134266	43.836033	1.589032	43.833281	1.590621	42.941140	0.818799	42.493693	1.593799	41.156857	0.823565	39.817270	1.596977	39.372575	2.368799	39.820021
183	#ffffff	#000000	#00000000	#00000000		53.498549	54.701979	1.584265	46.509706	2.354499	47.849294	3.127911	47.404599	3.129500	46.512458	4.674734	46.515210	6.224735	43.841539	5.454501	42.501951	4.681089	42.946646	3.909267	42.499198	3.134267	43.836034	1.589033	43.833282	1.587443	44.725424	2.359265	45.172870
184	#A0A0A0	#000000	#00000000	#00000000		53.498549	54.701979	9.315203	43.847041	8.544969	42.507453	7.771557	42.952149	7.769969	43.844290	6.224735	43.841538	4.674734	46.515209	5.444968	47.854797	6.218379	47.410102	6.990202	47.857549	7.765202	46.520713	9.310436	46.523465	9.312025	45.631324	8.540202	45.183877
185	#A0A0A0	#000000	#00000000	#00000000		53.498549	54.701979	9.315202	43.847042	8.540202	45.183878	9.312025	45.631324	10.085436	45.186629	10.855670	46.526217	13.946138	46.531722	14.721138	45.194886	13.949316	44.747439	13.950905	43.855298	12.405671	43.852546	11.635437	42.512958	10.862025	42.957653	10.860436	43.849794
186	#A0A0A0	#000000	#00000000	#00000000		53.498549	54.701979	13.946136	46.531721	14.716369	47.871309	15.489781	47.426615	15.491371	46.534474	17.036604	46.537227	18.586606	43.863556	17.816373	42.523968	17.042961	42.968662	16.271139	42.521216	15.496137	43.858051	13.950904	43.855298	13.949316	44.747439	14.721138	45.194886
187	#A0A0A0	#000000	#00000000	#00000000		53.498549	54.701979	21.677075	43.869062	20.906842	42.529474	20.133430	42.974168	20.131840	43.866309	18.586607	43.863556	17.036604	46.537227	17.806837	47.876815	18.580249	47.432121	19.352071	47.879568	20.127073	46.542732	21.672306	46.545485	21.673895	45.653344	20.902073	45.205897
188	#A0A0A0	#000000	#00000000	#00000000		53.498549	54.701979	26.308009	46.553741	27.083009	45.216905	26.311187	44.769458	25.537775	45.214153	24.767542	43.874565	21.677074	43.869060	20.902074	45.205896	21.673895	45.653344	21.672306	46.545485	23.217540	46.548237	23.987774	47.887825	24.761186	47.443130	24.762775	46.550989
189	#A0A0A0	#000000	#00000000	#00000000		53.498549	54.701979	26.308000	46.553732	24.762766	46.550978	24.761176	47.443120	25.532999	47.890567	24.757998	49.227403	26.298462	51.906580	27.843695	51.909334	27.845285	51.017193	28.618697	50.572499	27.848465	49.232910	28.623466	47.896075	27.851644	47.448628	27.078232	47.893321
190	#66ccff	#000000	#00000000	#00000000		53.498549	54.701979	27.848465	49.232910	28.618697	50.572499	29.392109	50.127805	29.393698	49.235663	30.938932	49.238417	32.488935	46.564748	31.718703	45.225159	30.945291	45.669853	30.173468	45.222406	29.398467	46.559241	27.853233	46.556487	27.851644	47.448628	28.623466	47.896075
191	#66ccff	#000000	#00000000	#00000000		53.498549	54.701979	37.119878	49.249431	37.894879	47.912596	37.123057	47.465149	36.349645	47.909843	35.579412	46.570255	32.488945	46.564749	31.713944	47.901584	32.485766	48.349031	32.484177	49.241172	34.029410	49.243925	34.799643	50.583513	35.573055	50.138819	35.574644	49.246678
192	#006699	#000000	#00000000	#00000000		53.498549	54.701979	34.029410	49.243925	34.799643	50.583513	34.026231	51.028207	33.254409	50.580760	32.479407	51.917596	29.388940	51.912090	28.618707	50.572502	29.392119	50.127808	29.393708	49.235667	30.938942	49.238420	31.713943	47.901584	32.485765	48.349031	32.484177	49.241172
193	#A0A0A0	#000000	#00000000	#00000000		53.498549	54.701979	26.298462	51.906580	25.523460	53.243416	26.295283	53.690863	27.068695	53.246169	27.838927	54.585758	30.929395	54.591264	31.704396	53.254429	30.932574	52.806981	30.934163	51.914840	29.388929	51.912086	28.618697	50.572498	27.845285	51.017193	27.843695	51.909334
194	#66ccff	#000000	#00000000	#00000000		53.498549	54.701979	30.929395	54.591263	31.699627	55.930851	32.473039	55.486158	32.474629	54.594016	34.019862	54.596769	35.569864	51.923099	34.799631	50.583511	34.026219	51.028205	33.254397	50.580758	32.479396	51.917593	30.934162	51.914840	30.932574	52.806981	31.704396	53.254428
195	#ffffff	#000000	#00000000	#00000000		53.498549	54.701979	37.110340	54.602279	38.655574	54.605033	38.657163	53.712891	37.885341	53.265444	38.660342	51.928608	37.119878	49.249431	35.574644	49.246677	35.573055	50.138819	34.799643	50.583513	35.569875	51.923102	34.794874	53.259937	35.566696	53.707384	36.340108	53.262691
196	#ffffff	#000000	#00000000	#00000000		53.498549	54.701979	32.469860	57.270440	33.240093	58.610028	34.013505	58.165334	34.015095	57.273192	35.560328	57.275945	37.110330	54.602275	36.340097	53.262687	35.566685	53.707381	34.794863	53.259934	34.019861	54.596769	32.474628	54.594016	32.473039	55.486158	33.244862	55.933604
197	#66ccff	#000000	#00000000	#00000000		53.498549	54.701979	55.653148	54.635305	56.428148	53.298469	55.656326	52.851022	54.882914	53.295717	54.112680	51.956129	51.022213	51.950624	50.247212	53.287460	51.019034	53.734908	51.017445	54.627049	52.562679	54.629801	53.332912	55.969389	54.106324	55.524695	54.107913	54.632553
198	#ffffff	#000000	#00000000	#00000000		53.498549	54.701979	24.748459	54.580251	26.293693	54.583005	26.295282	53.690863	25.523460	53.243416	26.298462	51.906580	24.757997	49.227404	23.212763	49.224650	23.211174	50.116791	22.437762	50.561485	23.207994	51.901074	22.432993	53.237909	23.204815	53.685356	23.978227	53.240663
199	#66ccff	#000000	#00000000	#00000000		53.498549	54.701979	24.757997	49.227404	25.532998	47.890568	24.761176	47.443120	23.987765	47.887814	23.217532	46.548225	20.127065	46.542719	19.352063	47.879554	20.123886	48.327002	20.122296	49.219143	21.667530	49.221897	22.437762	50.561485	23.211174	50.116791	23.212763	49.224650
200	#006699	#000000	#00000000	#00000000		53.498549	54.701979	18.577062	49.216390	19.352063	47.879555	20.123886	48.327002	20.122296	49.219143	21.667530	49.221896	23.207995	51.901072	22.432994	53.237908	21.661172	52.790461	20.887760	53.235155	20.117527	51.895567	18.572294	51.892814	18.573883	51.000672	19.347295	50.555978
201	#66ccff	#000000	#00000000	#00000000		53.498549	54.701979	17.036603	46.537228	15.491369	46.534476	15.489780	47.426617	16.261602	47.874064	15.486602	49.210900	17.027069	51.890076	18.572303	51.892828	18.573892	51.000687	19.347304	50.555992	18.577070	49.216404	19.352070	47.879568	18.580249	47.432121	17.806837	47.876816
202	#66ccff	#000000	#00000000	#00000000		53.498549	54.701979	21.657992	54.574745	22.432994	53.237910	21.661171	52.790462	20.887760	53.235155	20.117528	51.895566	17.027060	51.890060	16.252059	53.226895	17.023881	53.674343	17.022292	54.566484	18.567525	54.569238	19.337757	55.908826	20.111169	55.464132	20.112759	54.571991
203	#ffffff	#000000	#00000000	#00000000		53.498549	54.701979	15.477057	54.563730	17.022291	54.566484	17.023880	53.674343	16.252059	53.226895	17.027060	51.890060	15.486595	49.210883	13.941361	49.208129	13.939772	50.100271	13.166360	50.544965	13.936592	51.884553	13.161591	53.221388	13.933413	53.668836	14.706825	53.224142
204	#ffffff	#000000	#00000000	#00000000		53.498549	54.701979	15.486595	49.210882	16.261596	47.874047	15.489774	47.426600	14.716362	47.871294	13.946129	46.531706	10.855661	46.526200	10.080660	47.863036	10.852482	48.310482	10.850893	49.202624	12.396126	49.205377	13.166359	50.544965	13.939771	50.100271	13.941361	49.208129
205	#66ccff	#000000	#00000000	#00000000		53.498549	54.701979	10.855660	46.526200	10.085427	45.186612	9.312015	45.631307	9.310425	46.523448	7.765191	46.520696	6.215191	49.194367	6.985424	50.533955	7.758836	50.089260	8.530658	50.536707	9.305659	49.199871	10.850893	49.202623	10.852482	48.310482	10.080660	47.863036
206	#006699	#000000	#00000000	#00000000		53.498549	54.701979	7.755657	51.873544	6.985424	50.533956	7.758835	50.089261	8.530658	50.536707	9.305659	49.199871	12.396126	49.205376	13.166360	50.544964	12.392948	50.989659	12.391359	51.881800	10.846125	51.879048	10.071124	53.215884	9.299302	52.768437	9.300891	51.876296
207	#66ccff	#000000	#00000000	#00000000		53.498549	54.701979	13.936592	51.884553	13.166360	50.544965	12.392948	50.989659	12.391359	51.881800	10.846125	51.879046	9.296122	54.552716	10.066354	55.892304	10.839766	55.447610	11.611589	55.895058	12.386590	54.558223	13.931824	54.560976	13.933413	53.668835	13.161591	53.221388
208	#66ccff	#000000	#00000000	#00000000		53.498549	54.701979	4.665190	51.868037	3.890189	53.204872	4.662011	53.652319	5.435423	53.207625	6.205656	54.547213	9.296124	54.552719	10.071125	53.215884	9.299303	52.768437	9.300891	51.876296	7.755658	51.873543	6.985425	50.533955	6.212013	50.978649	6.210424	51.870790
209	#A0A0A0	#000000	#00000000	#00000000		53.498549	54.701979	4.674728	46.515189	3.129494	46.512435	3.127905	47.404577	3.899728	47.852024	3.124726	49.188860	4.665190	51.868037	6.210424	51.870791	6.212013	50.978650	6.985425	50.533955	6.215193	49.194367	6.990195	47.857531	6.218372	47.410084	5.444960	47.854778
210	#ffffff	#000000	#00000000	#00000000		53.498549	54.701979	3.115187	54.541706	4.660421	54.544460	4.662010	53.652319	3.890189	53.204871	4.665190	51.868036	3.124726	49.188860	1.579493	49.186106	1.577903	50.078247	0.804491	50.522941	1.574723	51.862529	0.799722	53.199364	1.571543	53.646812	2.344955	53.202118
211	#66ccff	#000000	#00000000	#00000000		53.498549	54.701979	3.124726	49.188861	3.899727	47.852025	3.127905	47.404577	2.354493	47.849271	1.584261	46.509682	-1.506207	46.504176	-2.281208	47.841011	-1.509386	48.288459	-1.510975	49.180600	0.034259	49.183354	0.804491	50.522942	1.577903	50.078248	1.579492	49.186107
212	#ffffff	#000000	#00000000	#00000000		53.498549	54.701979	-3.046670	43.825027	-3.821671	45.161863	-3.049848	45.609309	-2.276437	45.164614	-1.506203	46.504202	1.584264	46.509707	2.359265	45.172871	1.587443	44.725424	1.589033	43.833282	0.043799	43.830530	-0.726435	42.490942	-1.499847	42.935637	-1.501436	43.827778
213	#66ccff	#000000	#00000000	#00000000		53.498549	54.701979	0.043799	43.830530	1.589033	43.833282	1.590621	42.941141	0.818799	42.493694	1.593799	41.156858	0.053332	38.477683	-1.491902	38.474931	-1.493491	39.367072	-2.266903	39.811767	-1.496669	41.151354	-2.271669	42.488190	-1.499847	42.935637	-0.726435	42.490942
214	#006699	#000000	#00000000	#00000000		53.498549	54.701979	4.751008	3.692414	3.205775	3.689660	3.207364	2.797519	3.980776	2.352825	3.210544	1.013237	4.760547	-1.660433	6.305781	-1.657679	6.304191	-0.765538	7.076014	-0.318090	6.301012	1.018745	7.071244	2.358333	6.297832	2.803027	5.526010	2.355579
215	#66ccff	#000000	#00000000	#00000000		53.498549	54.701979	7.851016	-1.654928	6.305782	-1.657682	6.304193	-0.765540	7.076015	-0.318093	6.301014	1.018743	7.841478	3.697920	9.386712	3.700674	9.388301	2.808533	10.161713	2.363838	9.391481	1.024250	10.166482	-0.312586	9.394660	-0.760033	8.621248	-0.315339
216	#A0A0A0	#000000	#00000000	#00000000		53.498549	54.701979	10.941484	-1.649422	9.396251	-1.652176	9.394661	-0.760034	10.166484	-0.312587	9.391482	1.024248	10.931946	3.703426	12.477180	3.706180	12.478770	2.814038	13.252181	2.369344	12.481949	1.029755	13.256951	-0.307080	12.485128	-0.754528	11.711716	-0.309834
217	#ffffff	#000000	#00000000	#00000000		53.498549	54.701979	43.386631	1.084821	44.161632	-0.252014	43.389810	-0.699461	42.616398	-0.254767	41.846165	-1.594355	38.755697	-1.599861	37.980696	-0.263025	38.752518	0.184421	38.750929	1.076563	40.296162	1.079316	41.066395	2.418904	41.839807	1.974210	41.841397	1.082068
218	#66ccff	#000000	#00000000	#00000000		53.498549	54.701979	44.936629	-1.588854	43.391395	-1.591605	43.389806	-0.699464	44.161628	-0.252018	43.386628	1.084818	44.927096	3.763993	46.472330	3.766745	46.473919	2.874604	47.247329	2.429910	46.477095	1.090322	47.252095	-0.246514	46.480273	-0.693960	45.706862	-0.249266
219	#66ccff	#000000	#00000000	#00000000		53.498549	54.701979	52.658032	1.101331	53.433033	-0.235505	52.661210	-0.682952	51.887799	-0.238257	51.117565	-1.577845	48.027098	-1.583349	47.252097	-0.246513	48.023920	0.200934	48.022331	1.093075	49.567565	1.095827	50.337799	2.435415	51.111210	1.990720	51.112798	1.098579
220	#66ccff	#000000	#00000000	#00000000		53.498549	54.701979	38.755697	-1.599860	37.985464	-2.939448	37.212052	-2.494753	37.210462	-1.602611	35.665228	-1.605363	34.115228	1.068308	34.885461	2.407896	35.658873	1.963201	36.430696	2.410648	37.205696	1.073812	38.750930	1.076564	38.752519	0.184423	37.980697	-0.263024
221	#66ccff	#000000	#00000000	#00000000		53.498549	54.701979	14.031952	-1.643916	13.256950	-0.307081	14.028773	0.140367	14.802184	-0.304326	15.572416	1.035262	18.662884	1.040769	19.437886	-0.296066	18.666063	-0.743514	18.667652	-1.635655	17.122419	-1.638409	16.352187	-2.977998	15.578775	-2.533304	15.577185	-1.641162
222	#66ccff	#000000	#00000000	#00000000		53.498549	54.701979	1.670079	-1.665941	0.124845	-1.668695	0.123256	-0.776553	0.895079	-0.329106	0.120077	1.007730	1.660541	3.686907	3.205775	3.689661	3.207364	2.797520	3.980776	2.352825	3.210544	1.013237	3.985546	-0.323599	3.213723	-0.771046	2.440311	-0.326352
223	#66ccff	#000000	#00000000	#00000000		53.498549	54.701979	21.753352	1.046277	22.523586	2.385865	23.296998	1.941170	23.298587	1.049029	24.843821	1.051781	26.393822	-1.621890	25.623588	-2.961478	24.850177	-2.516783	24.078354	-2.964230	23.303354	-1.627394	21.758120	-1.630146	21.756531	-0.738005	22.528353	-0.290559
224	#ffffff	#000000	#00000000	#00000000		53.498549	54.701979	55.672220	43.929616	54.901988	42.590027	54.128576	43.034721	54.126986	43.926863	52.581753	43.924109	51.031750	46.597778	51.801982	47.937367	52.575394	47.492674	53.347217	47.940121	54.122218	46.603286	55.667452	46.606040	55.669041	45.713898	54.897218	45.266451
225	#006699	#000000	#00000000	#00000000		53.498549	54.701979	52.572216	49.276955	53.347217	47.940120	54.119040	48.387568	54.117450	49.279709	55.662684	49.282463	57.203148	51.961641	56.428147	53.298476	55.656324	52.851028	54.882912	53.295722	54.112680	51.956134	52.567447	51.953380	52.569036	51.061239	53.342448	50.616544
226	#ffffff	#000000	#00000000	#00000000		53.498549	54.701979	54.141284	35.897584	52.596050	35.894833	52.594460	36.786975	53.366283	37.234422	52.591283	38.571258	54.131751	41.250433	55.676985	41.253184	55.678574	40.361042	56.451985	39.916348	55.681751	38.576760	56.456750	37.239924	55.684928	36.792478	54.911517	37.237172
227	#006699	#000000	#00000000	#00000000		53.498549	54.701979	52.600817	33.218411	51.830583	31.878823	52.603995	31.434128	53.375817	31.881575	54.150817	30.544739	57.241285	30.550243	58.011519	31.889831	57.238107	32.334526	57.236519	33.226667	55.691285	33.223915	54.916284	34.560751	54.144462	34.113304	54.146051	33.221163
228	#66ccff	#000000	#00000000	#00000000		53.498549	54.701979	55.700825	27.871072	54.930591	26.531484	54.157179	26.976179	54.155591	27.868320	52.610356	27.865568	51.060356	30.539240	51.830590	31.878828	52.604001	31.434133	53.375824	31.881580	54.150824	30.544744	55.696058	30.547496	55.697647	29.655355	54.925824	29.207908
229	#A0A0A0	#000000	#00000000	#00000000		53.498549	54.701979	55.738967	6.459682	57.284201	6.462434	57.285791	5.570293	56.513969	5.122846	57.288969	3.786010	55.748502	1.106834	54.203268	1.104082	54.201679	1.996224	53.428267	2.440918	54.198501	3.780506	53.423500	5.117342	54.195322	5.564789	54.968734	5.120094
230	#66ccff	#000000	#00000000	#00000000		53.498549	54.701979	54.131751	41.250435	53.356751	42.587271	54.128573	43.034717	54.901985	42.590022	55.672219	43.929610	58.762687	43.935114	59.537687	42.598278	58.765865	42.150832	58.767453	41.258690	57.222219	41.255938	56.451985	39.916351	55.678574	40.361045	55.676985	41.253186
231	#006699	#000000	#00000000	#00000000		53.498549	54.701979	0.034258	49.183354	0.804491	50.522942	0.031079	50.967636	-0.740743	50.520188	-1.515745	51.857023	-4.606213	51.851515	-5.376445	50.511927	-4.603033	50.067233	-4.601443	49.175092	-3.056210	49.177845	-2.281208	47.841011	-1.509387	48.288459	-1.510976	49.180600
232	#ffffff	#000000	#00000000	#00000000		53.498549	54.701979	-1.525286	57.209867	-0.755055	58.549456	0.018358	58.104763	0.019948	57.212623	1.565182	57.215377	3.115187	54.541708	2.344955	53.202119	1.571543	53.646812	0.799722	53.199364	0.024719	54.536199	-1.520515	54.533444	-1.522105	55.425585	-0.750284	55.873032
233	#66ccff	#000000	#00000000	#00000000		53.498549	54.701979	-3.065751	54.530691	-2.295519	55.870281	-1.522107	55.425588	-1.520517	54.533447	0.024717	54.536202	1.574722	51.862532	0.804491	50.522943	0.031079	50.967636	-0.740743	50.520188	-1.515746	51.857023	-3.060979	51.854268	-3.062570	52.746409	-2.290748	53.193857
234	#66ccff	#000000	#00000000	#00000000		53.498549	54.701979	6.205657	54.547213	5.435423	53.207625	4.662011	53.652319	4.660422	54.544461	3.115188	54.541708	1.565186	57.215378	2.335419	58.554966	3.108831	58.110272	3.880653	58.557719	4.655654	57.220884	6.200889	57.223637	6.202478	56.331495	5.430656	55.884048
235	#ffffff	#000000	#00000000	#00000000		53.498549	54.701979	10.836589	57.231896	11.611590	55.895060	10.839768	55.447614	10.066356	55.892308	9.296123	54.552719	6.205656	54.547213	5.430655	55.884049	6.202477	56.331495	6.200888	57.223637	7.746121	57.226390	8.516354	58.565978	9.289766	58.121284	9.291355	57.229143
236	#ffffff	#000000	#00000000	#00000000		53.498549	54.701979	20.107989	57.248415	20.878221	58.588003	21.651633	58.143309	21.653223	57.251168	23.198456	57.253921	24.748459	54.580252	23.978227	53.240663	23.204815	53.685357	22.432993	53.237909	21.657991	54.574744	20.112758	54.571990	20.111168	55.464132	20.882991	55.911579
237	#A0A0A0	#000000	#00000000	#00000000		53.498549	54.701979	32.469859	57.270441	33.244860	55.933606	32.473038	55.486158	31.699626	55.930852	30.929394	54.591264	27.838927	54.585758	27.063926	55.922593	27.835748	56.370040	27.834159	57.262182	29.379392	57.264935	30.149624	58.604523	30.923036	58.159829	30.924625	57.267688
238	#66ccff	#000000	#00000000	#00000000		53.498549	54.701979	27.838927	54.585758	27.068695	53.246169	26.295283	53.690863	26.293694	54.583004	24.748460	54.580251	23.198457	57.253920	23.968689	58.593509	24.742101	58.148815	25.513923	58.596263	26.288924	57.259428	27.834158	57.262182	27.835747	56.370041	27.063926	55.922593
239	#66ccff	#000000	#00000000	#00000000		53.498549	54.701979	40.200810	54.607785	39.430576	53.268197	38.657164	53.712891	38.655575	54.605033	37.110340	54.602280	35.560338	57.275950	36.330571	58.615538	37.103983	58.170844	37.875806	58.618291	38.650807	57.281456	40.196041	57.284209	40.197631	56.392067	39.425808	55.944620
240	#ffffff	#000000	#00000000	#00000000		53.498549	54.701979	44.831741	57.292468	45.606743	55.955632	44.834920	55.508186	44.061508	55.952879	43.291276	54.613291	40.200809	54.607785	39.425807	55.944621	40.197630	56.392067	40.196040	57.284209	41.741274	57.286962	42.511507	58.626550	43.284919	58.181856	43.286508	57.289715
241	#66ccff	#000000	#00000000	#00000000		53.498549	54.701979	49.472211	54.624296	48.701978	53.284708	47.928566	53.729401	47.926976	54.621543	46.381742	54.618790	44.831740	57.292460	45.601973	58.632049	46.375385	58.187355	47.147208	58.634801	47.922209	57.297966	49.467442	57.300719	49.469032	56.408578	48.697210	55.961131
242	#A0A0A0	#000000	#00000000	#00000000		53.498549	54.701979	54.103144	57.308979	54.878145	55.972143	54.106323	55.524696	53.332911	55.969390	52.562678	54.629802	49.472210	54.624295	48.697210	55.961131	49.469032	56.408578	49.467443	57.300720	51.012676	57.303473	51.782909	58.643061	52.556321	58.198367	52.557910	57.306226
243	#66ccff	#000000	#00000000	#00000000		53.498549	54.701979	15.477057	54.563731	14.706825	53.224142	13.933413	53.668836	13.931824	54.560977	12.386590	54.558223	10.836587	57.231893	11.606819	58.571482	12.380231	58.126788	13.152053	58.574235	13.927054	57.237401	15.472288	57.240155	15.473877	56.348013	14.702056	55.900566
244	#A0A0A0	#000000	#00000000	#00000000		53.498549	54.701979	-2.999005	17.060773	-2.228771	18.400361	-1.455359	17.955667	-1.453771	17.063525	0.091463	17.066277	1.641464	14.392605	0.871230	13.053017	0.097818	13.497712	-0.674004	13.050265	-1.449004	14.387101	-2.994238	14.384350	-2.995827	15.276491	-2.224005	15.723937
245	#006699	#000000	#00000000	#00000000		53.498549	54.701979	-1.439467	9.034251	0.105767	9.037003	0.104178	9.929144	-0.669233	10.373840	0.101001	11.713428	-1.449000	14.387099	-2.994234	14.384347	-2.992646	13.492206	-3.764468	13.044759	-2.989468	11.707923	-3.759702	10.368335	-2.986290	9.923640	-2.214467	10.371087
246	#66ccff	#000000	#00000000	#00000000		53.498549	54.701979	0.110539	6.360579	-0.659693	5.020990	-1.433105	5.465684	-1.434695	6.357826	-2.979928	6.355072	-4.529931	9.028741	-3.759699	10.368330	-2.986287	9.923636	-2.214465	10.371083	-1.439463	9.034248	0.105770	9.037002	0.107360	8.144861	-0.664463	7.697414
247	#A0A0A0	#000000	#00000000	#00000000		53.498549	54.701979	-1.420388	-1.671448	-2.965622	-1.674202	-2.967211	-0.782060	-2.195388	-0.334613	-2.970390	1.002223	-1.429925	3.681399	0.115309	3.684153	0.116898	2.792012	0.890310	2.347318	0.120078	1.007729	0.895079	-0.329106	0.123256	-0.776553	-0.650156	-0.331859
248	#66ccff	#000000	#00000000	#00000000		53.498549	54.701979	57.269900	14.491705	58.815134	14.494457	58.816722	13.602316	58.044900	13.154869	58.819900	11.818033	57.279433	9.138858	55.734199	9.136106	55.732610	10.028247	54.959199	10.472942	55.729432	11.812530	54.954432	13.149366	55.726254	13.596812	56.499666	13.152118
249	#A0A0A0	#000000	#00000000	#00000000		53.498549	54.701979	52.658033	1.101330	53.428266	2.440918	54.201678	1.996224	54.203268	1.104082	55.748502	1.106835	57.298504	-1.566835	56.528271	-2.906423	55.754859	-2.461729	54.983036	-2.909176	54.208035	-1.572341	52.662802	-1.575094	52.661212	-0.682952	53.433034	-0.235506
250	#A0A0A0	#000000	#00000000	#00000000		53.498549	54.701979	-1.468070	25.092797	0.077164	25.095549	0.078752	24.203408	-0.693070	23.755961	0.081930	22.419125	-1.458537	19.739949	-3.003771	19.737197	-3.005360	20.629338	-3.778772	21.074033	-3.008538	22.413621	-3.783538	23.750457	-3.011716	24.197904	-2.238304	23.753209
251	#A0A0A0	#000000	#00000000	#00000000		53.498549	54.701979	20.107989	57.248416	20.882990	55.911580	20.111168	55.464132	19.337756	55.908826	18.567524	54.569237	15.477056	54.563731	14.702055	55.900566	15.473877	56.348013	15.472288	57.240155	17.017522	57.242909	17.787754	58.582497	18.561166	58.137803	18.562755	57.245662
252	#66ccff	#000000	#00000000	#00000000		53.498549	54.701979	58.753151	49.287968	59.528153	47.951133	58.756330	47.503686	57.982918	47.948380	57.212686	46.608792	54.122218	46.603286	53.347217	47.940121	54.119039	48.387568	54.117450	49.279709	55.662684	49.282462	56.432917	50.622050	57.206328	50.177356	57.207918	49.285215
